age,region,day,lmean,lsd,sample_date,N
1-4,Yorkshire_and_The_Humber,75,0,0,2020-05-01,503965.09670831857
5-14,Yorkshire_and_The_Humber,75,0,0,2020-05-01,145920.59651659982
15-24,Yorkshire_and_The_Humber,75,0,0,2020-05-01,1074440.3460863144
25-44,Yorkshire_and_The_Humber,75,0,0,2020-05-01,1109373.4794161317
45-64,Yorkshire_and_The_Humber,75,0,0,2020-05-01,510799.2358996739
65-74,Yorkshire_and_The_Humber,75,0,0,2020-05-01,451306.1702025497
75+,Yorkshire_and_The_Humber,75,0,0,2020-05-01,366510.79003192694
1-4,Yorkshire_and_The_Humber,76,0,0,2020-05-02,503965.09670831857
5-14,Yorkshire_and_The_Humber,76,0,0,2020-05-02,145920.59651659982
15-24,Yorkshire_and_The_Humber,76,0,0,2020-05-02,1074440.3460863144
25-44,Yorkshire_and_The_Humber,76,0,0,2020-05-02,1109373.4794161317
45-64,Yorkshire_and_The_Humber,76,0,0,2020-05-02,510799.2358996739
65-74,Yorkshire_and_The_Humber,76,0,0,2020-05-02,451306.1702025497
75+,Yorkshire_and_The_Humber,76,0,0,2020-05-02,366510.79003192694
1-4,Yorkshire_and_The_Humber,77,0,0,2020-05-03,503965.09670831857
5-14,Yorkshire_and_The_Humber,77,0,0,2020-05-03,145920.59651659982
15-24,Yorkshire_and_The_Humber,77,0,0,2020-05-03,1074440.3460863144
25-44,Yorkshire_and_The_Humber,77,0,0,2020-05-03,1109373.4794161317
45-64,Yorkshire_and_The_Humber,77,0,0,2020-05-03,510799.2358996739
65-74,Yorkshire_and_The_Humber,77,0,0,2020-05-03,451306.1702025497
75+,Yorkshire_and_The_Humber,77,0,0,2020-05-03,366510.79003192694
1-4,Yorkshire_and_The_Humber,78,0,0,2020-05-04,503965.09670831857
5-14,Yorkshire_and_The_Humber,78,0,0,2020-05-04,145920.59651659982
15-24,Yorkshire_and_The_Humber,78,0,0,2020-05-04,1074440.3460863144
25-44,Yorkshire_and_The_Humber,78,0,0,2020-05-04,1109373.4794161317
45-64,Yorkshire_and_The_Humber,78,0,0,2020-05-04,510799.2358996739
65-74,Yorkshire_and_The_Humber,78,0,0,2020-05-04,451306.1702025497
75+,Yorkshire_and_The_Humber,78,0,0,2020-05-04,366510.79003192694
1-4,Yorkshire_and_The_Humber,79,0,0,2020-05-05,503965.09670831857
5-14,Yorkshire_and_The_Humber,79,0,0,2020-05-05,145920.59651659982
15-24,Yorkshire_and_The_Humber,79,0,0,2020-05-05,1074440.3460863144
25-44,Yorkshire_and_The_Humber,79,0,0,2020-05-05,1109373.4794161317
45-64,Yorkshire_and_The_Humber,79,0,0,2020-05-05,510799.2358996739
65-74,Yorkshire_and_The_Humber,79,0,0,2020-05-05,451306.1702025497
75+,Yorkshire_and_The_Humber,79,0,0,2020-05-05,366510.79003192694
1-4,Yorkshire_and_The_Humber,80,0,0,2020-05-06,503965.09670831857
5-14,Yorkshire_and_The_Humber,80,0,0,2020-05-06,145920.59651659982
15-24,Yorkshire_and_The_Humber,80,0,0,2020-05-06,1074440.3460863144
25-44,Yorkshire_and_The_Humber,80,0,0,2020-05-06,1109373.4794161317
45-64,Yorkshire_and_The_Humber,80,0,0,2020-05-06,510799.2358996739
65-74,Yorkshire_and_The_Humber,80,0,0,2020-05-06,451306.1702025497
75+,Yorkshire_and_The_Humber,80,0,0,2020-05-06,366510.79003192694
1-4,Yorkshire_and_The_Humber,81,0,0,2020-05-07,503965.09670831857
5-14,Yorkshire_and_The_Humber,81,0,0,2020-05-07,145920.59651659982
15-24,Yorkshire_and_The_Humber,81,0,0,2020-05-07,1074440.3460863144
25-44,Yorkshire_and_The_Humber,81,0,0,2020-05-07,1109373.4794161317
45-64,Yorkshire_and_The_Humber,81,0,0,2020-05-07,510799.2358996739
65-74,Yorkshire_and_The_Humber,81,0,0,2020-05-07,451306.1702025497
75+,Yorkshire_and_The_Humber,81,0,0,2020-05-07,366510.79003192694
1-4,Yorkshire_and_The_Humber,82,0,0,2020-05-08,503965.09670831857
5-14,Yorkshire_and_The_Humber,82,0,0,2020-05-08,145920.59651659982
15-24,Yorkshire_and_The_Humber,82,0,0,2020-05-08,1074440.3460863144
25-44,Yorkshire_and_The_Humber,82,0,0,2020-05-08,1109373.4794161317
45-64,Yorkshire_and_The_Humber,82,0,0,2020-05-08,510799.2358996739
65-74,Yorkshire_and_The_Humber,82,0,0,2020-05-08,451306.1702025497
75+,Yorkshire_and_The_Humber,82,0,0,2020-05-08,366510.79003192694
1-4,Yorkshire_and_The_Humber,83,0,0,2020-05-09,503965.09670831857
5-14,Yorkshire_and_The_Humber,83,0,0,2020-05-09,145920.59651659982
15-24,Yorkshire_and_The_Humber,83,0,0,2020-05-09,1074440.3460863144
25-44,Yorkshire_and_The_Humber,83,0,0,2020-05-09,1109373.4794161317
45-64,Yorkshire_and_The_Humber,83,0,0,2020-05-09,510799.2358996739
65-74,Yorkshire_and_The_Humber,83,0,0,2020-05-09,451306.1702025497
75+,Yorkshire_and_The_Humber,83,0,0,2020-05-09,366510.79003192694
1-4,Yorkshire_and_The_Humber,84,0,0,2020-05-10,503965.09670831857
5-14,Yorkshire_and_The_Humber,84,0,0,2020-05-10,145920.59651659982
15-24,Yorkshire_and_The_Humber,84,0,0,2020-05-10,1074440.3460863144
25-44,Yorkshire_and_The_Humber,84,0,0,2020-05-10,1109373.4794161317
45-64,Yorkshire_and_The_Humber,84,0,0,2020-05-10,510799.2358996739
65-74,Yorkshire_and_The_Humber,84,0,0,2020-05-10,451306.1702025497
75+,Yorkshire_and_The_Humber,84,0,0,2020-05-10,366510.79003192694
1-4,Yorkshire_and_The_Humber,85,0,0,2020-05-11,503965.09670831857
5-14,Yorkshire_and_The_Humber,85,0,0,2020-05-11,145920.59651659982
15-24,Yorkshire_and_The_Humber,85,0,0,2020-05-11,1074440.3460863144
25-44,Yorkshire_and_The_Humber,85,0,0,2020-05-11,1109373.4794161317
45-64,Yorkshire_and_The_Humber,85,0,0,2020-05-11,510799.2358996739
65-74,Yorkshire_and_The_Humber,85,0,0,2020-05-11,451306.1702025497
75+,Yorkshire_and_The_Humber,85,0,0,2020-05-11,366510.79003192694
1-4,Yorkshire_and_The_Humber,86,0,0,2020-05-12,503965.09670831857
5-14,Yorkshire_and_The_Humber,86,0,0,2020-05-12,145920.59651659982
15-24,Yorkshire_and_The_Humber,86,0,0,2020-05-12,1074440.3460863144
25-44,Yorkshire_and_The_Humber,86,0,0,2020-05-12,1109373.4794161317
45-64,Yorkshire_and_The_Humber,86,0,0,2020-05-12,510799.2358996739
65-74,Yorkshire_and_The_Humber,86,0,0,2020-05-12,451306.1702025497
75+,Yorkshire_and_The_Humber,86,0,0,2020-05-12,366510.79003192694
1-4,Yorkshire_and_The_Humber,87,0,0,2020-05-13,503965.09670831857
5-14,Yorkshire_and_The_Humber,87,7.535655123975262,0.6712833543263159,2020-05-13,145920.59651659982
15-24,Yorkshire_and_The_Humber,87,8.893071832642425,0.51731271487286,2020-05-13,1074440.3460863144
25-44,Yorkshire_and_The_Humber,87,8.34426657132976,0.5201172510761009,2020-05-13,1109373.4794161317
45-64,Yorkshire_and_The_Humber,87,8.012197213694915,0.5712992542340306,2020-05-13,510799.2358996739
65-74,Yorkshire_and_The_Humber,87,7.473342127625318,0.40523723029939385,2020-05-13,451306.1702025497
75+,Yorkshire_and_The_Humber,87,8.584188961035041,0.4426633663006957,2020-05-13,366510.79003192694
1-4,Yorkshire_and_The_Humber,88,0,0,2020-05-14,503965.09670831857
5-14,Yorkshire_and_The_Humber,88,0,0,2020-05-14,145920.59651659982
15-24,Yorkshire_and_The_Humber,88,0,0,2020-05-14,1074440.3460863144
25-44,Yorkshire_and_The_Humber,88,0,0,2020-05-14,1109373.4794161317
45-64,Yorkshire_and_The_Humber,88,0,0,2020-05-14,510799.2358996739
65-74,Yorkshire_and_The_Humber,88,0,0,2020-05-14,451306.1702025497
75+,Yorkshire_and_The_Humber,88,0,0,2020-05-14,366510.79003192694
1-4,Yorkshire_and_The_Humber,89,0,0,2020-05-15,503965.09670831857
5-14,Yorkshire_and_The_Humber,89,0,0,2020-05-15,145920.59651659982
15-24,Yorkshire_and_The_Humber,89,0,0,2020-05-15,1074440.3460863144
25-44,Yorkshire_and_The_Humber,89,0,0,2020-05-15,1109373.4794161317
45-64,Yorkshire_and_The_Humber,89,0,0,2020-05-15,510799.2358996739
65-74,Yorkshire_and_The_Humber,89,0,0,2020-05-15,451306.1702025497
75+,Yorkshire_and_The_Humber,89,0,0,2020-05-15,366510.79003192694
1-4,Yorkshire_and_The_Humber,90,0,0,2020-05-16,503965.09670831857
5-14,Yorkshire_and_The_Humber,90,0,0,2020-05-16,145920.59651659982
15-24,Yorkshire_and_The_Humber,90,0,0,2020-05-16,1074440.3460863144
25-44,Yorkshire_and_The_Humber,90,0,0,2020-05-16,1109373.4794161317
45-64,Yorkshire_and_The_Humber,90,0,0,2020-05-16,510799.2358996739
65-74,Yorkshire_and_The_Humber,90,0,0,2020-05-16,451306.1702025497
75+,Yorkshire_and_The_Humber,90,0,0,2020-05-16,366510.79003192694
1-4,Yorkshire_and_The_Humber,91,0,0,2020-05-17,503965.09670831857
5-14,Yorkshire_and_The_Humber,91,0,0,2020-05-17,145920.59651659982
15-24,Yorkshire_and_The_Humber,91,0,0,2020-05-17,1074440.3460863144
25-44,Yorkshire_and_The_Humber,91,0,0,2020-05-17,1109373.4794161317
45-64,Yorkshire_and_The_Humber,91,0,0,2020-05-17,510799.2358996739
65-74,Yorkshire_and_The_Humber,91,0,0,2020-05-17,451306.1702025497
75+,Yorkshire_and_The_Humber,91,0,0,2020-05-17,366510.79003192694
1-4,Yorkshire_and_The_Humber,92,0,0,2020-05-18,503965.09670831857
5-14,Yorkshire_and_The_Humber,92,0,0,2020-05-18,145920.59651659982
15-24,Yorkshire_and_The_Humber,92,0,0,2020-05-18,1074440.3460863144
25-44,Yorkshire_and_The_Humber,92,0,0,2020-05-18,1109373.4794161317
45-64,Yorkshire_and_The_Humber,92,0,0,2020-05-18,510799.2358996739
65-74,Yorkshire_and_The_Humber,92,0,0,2020-05-18,451306.1702025497
75+,Yorkshire_and_The_Humber,92,0,0,2020-05-18,366510.79003192694
1-4,Yorkshire_and_The_Humber,93,0,0,2020-05-19,503965.09670831857
5-14,Yorkshire_and_The_Humber,93,0,0,2020-05-19,145920.59651659982
15-24,Yorkshire_and_The_Humber,93,0,0,2020-05-19,1074440.3460863144
25-44,Yorkshire_and_The_Humber,93,0,0,2020-05-19,1109373.4794161317
45-64,Yorkshire_and_The_Humber,93,0,0,2020-05-19,510799.2358996739
65-74,Yorkshire_and_The_Humber,93,0,0,2020-05-19,451306.1702025497
75+,Yorkshire_and_The_Humber,93,0,0,2020-05-19,366510.79003192694
1-4,Yorkshire_and_The_Humber,94,0,0,2020-05-20,503965.09670831857
5-14,Yorkshire_and_The_Humber,94,0,0,2020-05-20,145920.59651659982
15-24,Yorkshire_and_The_Humber,94,0,0,2020-05-20,1074440.3460863144
25-44,Yorkshire_and_The_Humber,94,0,0,2020-05-20,1109373.4794161317
45-64,Yorkshire_and_The_Humber,94,0,0,2020-05-20,510799.2358996739
65-74,Yorkshire_and_The_Humber,94,0,0,2020-05-20,451306.1702025497
75+,Yorkshire_and_The_Humber,94,0,0,2020-05-20,366510.79003192694
1-4,Yorkshire_and_The_Humber,95,0,0,2020-05-21,503965.09670831857
5-14,Yorkshire_and_The_Humber,95,0,0,2020-05-21,145920.59651659982
15-24,Yorkshire_and_The_Humber,95,0,0,2020-05-21,1074440.3460863144
25-44,Yorkshire_and_The_Humber,95,0,0,2020-05-21,1109373.4794161317
45-64,Yorkshire_and_The_Humber,95,0,0,2020-05-21,510799.2358996739
65-74,Yorkshire_and_The_Humber,95,0,0,2020-05-21,451306.1702025497
75+,Yorkshire_and_The_Humber,95,0,0,2020-05-21,366510.79003192694
1-4,Yorkshire_and_The_Humber,96,0,0,2020-05-22,503965.09670831857
5-14,Yorkshire_and_The_Humber,96,0,0,2020-05-22,145920.59651659982
15-24,Yorkshire_and_The_Humber,96,0,0,2020-05-22,1074440.3460863144
25-44,Yorkshire_and_The_Humber,96,0,0,2020-05-22,1109373.4794161317
45-64,Yorkshire_and_The_Humber,96,0,0,2020-05-22,510799.2358996739
65-74,Yorkshire_and_The_Humber,96,0,0,2020-05-22,451306.1702025497
75+,Yorkshire_and_The_Humber,96,0,0,2020-05-22,366510.79003192694
1-4,Yorkshire_and_The_Humber,97,0,0,2020-05-23,503965.09670831857
5-14,Yorkshire_and_The_Humber,97,0,0,2020-05-23,145920.59651659982
15-24,Yorkshire_and_The_Humber,97,0,0,2020-05-23,1074440.3460863144
25-44,Yorkshire_and_The_Humber,97,0,0,2020-05-23,1109373.4794161317
45-64,Yorkshire_and_The_Humber,97,0,0,2020-05-23,510799.2358996739
65-74,Yorkshire_and_The_Humber,97,0,0,2020-05-23,451306.1702025497
75+,Yorkshire_and_The_Humber,97,0,0,2020-05-23,366510.79003192694
1-4,Yorkshire_and_The_Humber,98,0,0,2020-05-24,503965.09670831857
5-14,Yorkshire_and_The_Humber,98,0,0,2020-05-24,145920.59651659982
15-24,Yorkshire_and_The_Humber,98,0,0,2020-05-24,1074440.3460863144
25-44,Yorkshire_and_The_Humber,98,0,0,2020-05-24,1109373.4794161317
45-64,Yorkshire_and_The_Humber,98,0,0,2020-05-24,510799.2358996739
65-74,Yorkshire_and_The_Humber,98,0,0,2020-05-24,451306.1702025497
75+,Yorkshire_and_The_Humber,98,0,0,2020-05-24,366510.79003192694
1-4,Yorkshire_and_The_Humber,99,0,0,2020-05-25,503965.09670831857
5-14,Yorkshire_and_The_Humber,99,0,0,2020-05-25,145920.59651659982
15-24,Yorkshire_and_The_Humber,99,0,0,2020-05-25,1074440.3460863144
25-44,Yorkshire_and_The_Humber,99,0,0,2020-05-25,1109373.4794161317
45-64,Yorkshire_and_The_Humber,99,0,0,2020-05-25,510799.2358996739
65-74,Yorkshire_and_The_Humber,99,0,0,2020-05-25,451306.1702025497
75+,Yorkshire_and_The_Humber,99,0,0,2020-05-25,366510.79003192694
1-4,Yorkshire_and_The_Humber,100,0,0,2020-05-26,503965.09670831857
5-14,Yorkshire_and_The_Humber,100,0,0,2020-05-26,145920.59651659982
15-24,Yorkshire_and_The_Humber,100,0,0,2020-05-26,1074440.3460863144
25-44,Yorkshire_and_The_Humber,100,0,0,2020-05-26,1109373.4794161317
45-64,Yorkshire_and_The_Humber,100,0,0,2020-05-26,510799.2358996739
65-74,Yorkshire_and_The_Humber,100,0,0,2020-05-26,451306.1702025497
75+,Yorkshire_and_The_Humber,100,0,0,2020-05-26,366510.79003192694
1-4,Yorkshire_and_The_Humber,101,0,0,2020-05-27,503965.09670831857
5-14,Yorkshire_and_The_Humber,101,7.372755965687405,0.5507757330178397,2020-05-27,145920.59651659982
15-24,Yorkshire_and_The_Humber,101,8.477365297419116,0.48885327568519066,2020-05-27,1074440.3460863144
25-44,Yorkshire_and_The_Humber,101,8.106552751776496,0.47839234753563686,2020-05-27,1109373.4794161317
45-64,Yorkshire_and_The_Humber,101,7.669628779140687,0.5109613613878382,2020-05-27,510799.2358996739
65-74,Yorkshire_and_The_Humber,101,7.271182619946091,0.33776092057429175,2020-05-27,451306.1702025497
75+,Yorkshire_and_The_Humber,101,8.118563708247912,0.3795758622979832,2020-05-27,366510.79003192694
1-4,Yorkshire_and_The_Humber,102,0,0,2020-05-28,503965.09670831857
5-14,Yorkshire_and_The_Humber,102,0,0,2020-05-28,145920.59651659982
15-24,Yorkshire_and_The_Humber,102,0,0,2020-05-28,1074440.3460863144
25-44,Yorkshire_and_The_Humber,102,0,0,2020-05-28,1109373.4794161317
45-64,Yorkshire_and_The_Humber,102,0,0,2020-05-28,510799.2358996739
65-74,Yorkshire_and_The_Humber,102,0,0,2020-05-28,451306.1702025497
75+,Yorkshire_and_The_Humber,102,0,0,2020-05-28,366510.79003192694
1-4,Yorkshire_and_The_Humber,103,0,0,2020-05-29,503965.09670831857
5-14,Yorkshire_and_The_Humber,103,0,0,2020-05-29,145920.59651659982
15-24,Yorkshire_and_The_Humber,103,0,0,2020-05-29,1074440.3460863144
25-44,Yorkshire_and_The_Humber,103,0,0,2020-05-29,1109373.4794161317
45-64,Yorkshire_and_The_Humber,103,0,0,2020-05-29,510799.2358996739
65-74,Yorkshire_and_The_Humber,103,0,0,2020-05-29,451306.1702025497
75+,Yorkshire_and_The_Humber,103,0,0,2020-05-29,366510.79003192694
1-4,Yorkshire_and_The_Humber,104,0,0,2020-05-30,503965.09670831857
5-14,Yorkshire_and_The_Humber,104,0,0,2020-05-30,145920.59651659982
15-24,Yorkshire_and_The_Humber,104,0,0,2020-05-30,1074440.3460863144
25-44,Yorkshire_and_The_Humber,104,0,0,2020-05-30,1109373.4794161317
45-64,Yorkshire_and_The_Humber,104,0,0,2020-05-30,510799.2358996739
65-74,Yorkshire_and_The_Humber,104,0,0,2020-05-30,451306.1702025497
75+,Yorkshire_and_The_Humber,104,0,0,2020-05-30,366510.79003192694
1-4,Yorkshire_and_The_Humber,105,0,0,2020-05-31,503965.09670831857
5-14,Yorkshire_and_The_Humber,105,0,0,2020-05-31,145920.59651659982
15-24,Yorkshire_and_The_Humber,105,0,0,2020-05-31,1074440.3460863144
25-44,Yorkshire_and_The_Humber,105,0,0,2020-05-31,1109373.4794161317
45-64,Yorkshire_and_The_Humber,105,0,0,2020-05-31,510799.2358996739
65-74,Yorkshire_and_The_Humber,105,0,0,2020-05-31,451306.1702025497
75+,Yorkshire_and_The_Humber,105,0,0,2020-05-31,366510.79003192694
1-4,Yorkshire_and_The_Humber,106,0,0,2020-06-01,503965.09670831857
5-14,Yorkshire_and_The_Humber,106,0,0,2020-06-01,145920.59651659982
15-24,Yorkshire_and_The_Humber,106,0,0,2020-06-01,1074440.3460863144
25-44,Yorkshire_and_The_Humber,106,0,0,2020-06-01,1109373.4794161317
45-64,Yorkshire_and_The_Humber,106,0,0,2020-06-01,510799.2358996739
65-74,Yorkshire_and_The_Humber,106,0,0,2020-06-01,451306.1702025497
75+,Yorkshire_and_The_Humber,106,0,0,2020-06-01,366510.79003192694
1-4,Yorkshire_and_The_Humber,107,0,0,2020-06-02,503965.09670831857
5-14,Yorkshire_and_The_Humber,107,0,0,2020-06-02,145920.59651659982
15-24,Yorkshire_and_The_Humber,107,0,0,2020-06-02,1074440.3460863144
25-44,Yorkshire_and_The_Humber,107,0,0,2020-06-02,1109373.4794161317
45-64,Yorkshire_and_The_Humber,107,0,0,2020-06-02,510799.2358996739
65-74,Yorkshire_and_The_Humber,107,0,0,2020-06-02,451306.1702025497
75+,Yorkshire_and_The_Humber,107,0,0,2020-06-02,366510.79003192694
1-4,Yorkshire_and_The_Humber,108,0,0,2020-06-03,503965.09670831857
5-14,Yorkshire_and_The_Humber,108,0,0,2020-06-03,145920.59651659982
15-24,Yorkshire_and_The_Humber,108,0,0,2020-06-03,1074440.3460863144
25-44,Yorkshire_and_The_Humber,108,0,0,2020-06-03,1109373.4794161317
45-64,Yorkshire_and_The_Humber,108,0,0,2020-06-03,510799.2358996739
65-74,Yorkshire_and_The_Humber,108,0,0,2020-06-03,451306.1702025497
75+,Yorkshire_and_The_Humber,108,0,0,2020-06-03,366510.79003192694
1-4,Yorkshire_and_The_Humber,109,0,0,2020-06-04,503965.09670831857
5-14,Yorkshire_and_The_Humber,109,0,0,2020-06-04,145920.59651659982
15-24,Yorkshire_and_The_Humber,109,0,0,2020-06-04,1074440.3460863144
25-44,Yorkshire_and_The_Humber,109,0,0,2020-06-04,1109373.4794161317
45-64,Yorkshire_and_The_Humber,109,0,0,2020-06-04,510799.2358996739
65-74,Yorkshire_and_The_Humber,109,0,0,2020-06-04,451306.1702025497
75+,Yorkshire_and_The_Humber,109,0,0,2020-06-04,366510.79003192694
1-4,Yorkshire_and_The_Humber,110,0,0,2020-06-05,503965.09670831857
5-14,Yorkshire_and_The_Humber,110,0,0,2020-06-05,145920.59651659982
15-24,Yorkshire_and_The_Humber,110,0,0,2020-06-05,1074440.3460863144
25-44,Yorkshire_and_The_Humber,110,0,0,2020-06-05,1109373.4794161317
45-64,Yorkshire_and_The_Humber,110,0,0,2020-06-05,510799.2358996739
65-74,Yorkshire_and_The_Humber,110,0,0,2020-06-05,451306.1702025497
75+,Yorkshire_and_The_Humber,110,0,0,2020-06-05,366510.79003192694
1-4,Yorkshire_and_The_Humber,111,0,0,2020-06-06,503965.09670831857
5-14,Yorkshire_and_The_Humber,111,0,0,2020-06-06,145920.59651659982
15-24,Yorkshire_and_The_Humber,111,0,0,2020-06-06,1074440.3460863144
25-44,Yorkshire_and_The_Humber,111,0,0,2020-06-06,1109373.4794161317
45-64,Yorkshire_and_The_Humber,111,0,0,2020-06-06,510799.2358996739
65-74,Yorkshire_and_The_Humber,111,0,0,2020-06-06,451306.1702025497
75+,Yorkshire_and_The_Humber,111,0,0,2020-06-06,366510.79003192694
1-4,Yorkshire_and_The_Humber,112,0,0,2020-06-07,503965.09670831857
5-14,Yorkshire_and_The_Humber,112,0,0,2020-06-07,145920.59651659982
15-24,Yorkshire_and_The_Humber,112,0,0,2020-06-07,1074440.3460863144
25-44,Yorkshire_and_The_Humber,112,0,0,2020-06-07,1109373.4794161317
45-64,Yorkshire_and_The_Humber,112,0,0,2020-06-07,510799.2358996739
65-74,Yorkshire_and_The_Humber,112,0,0,2020-06-07,451306.1702025497
75+,Yorkshire_and_The_Humber,112,0,0,2020-06-07,366510.79003192694
1-4,Yorkshire_and_The_Humber,113,0,0,2020-06-08,503965.09670831857
5-14,Yorkshire_and_The_Humber,113,0,0,2020-06-08,145920.59651659982
15-24,Yorkshire_and_The_Humber,113,0,0,2020-06-08,1074440.3460863144
25-44,Yorkshire_and_The_Humber,113,0,0,2020-06-08,1109373.4794161317
45-64,Yorkshire_and_The_Humber,113,0,0,2020-06-08,510799.2358996739
65-74,Yorkshire_and_The_Humber,113,0,0,2020-06-08,451306.1702025497
75+,Yorkshire_and_The_Humber,113,0,0,2020-06-08,366510.79003192694
1-4,Yorkshire_and_The_Humber,114,0,0,2020-06-09,503965.09670831857
5-14,Yorkshire_and_The_Humber,114,0,0,2020-06-09,145920.59651659982
15-24,Yorkshire_and_The_Humber,114,0,0,2020-06-09,1074440.3460863144
25-44,Yorkshire_and_The_Humber,114,0,0,2020-06-09,1109373.4794161317
45-64,Yorkshire_and_The_Humber,114,0,0,2020-06-09,510799.2358996739
65-74,Yorkshire_and_The_Humber,114,0,0,2020-06-09,451306.1702025497
75+,Yorkshire_and_The_Humber,114,0,0,2020-06-09,366510.79003192694
1-4,Yorkshire_and_The_Humber,115,0,0,2020-06-10,503965.09670831857
5-14,Yorkshire_and_The_Humber,115,7.313884279982334,0.533046063200729,2020-06-10,145920.59651659982
15-24,Yorkshire_and_The_Humber,115,8.234449886031676,0.5004084973335778,2020-06-10,1074440.3460863144
25-44,Yorkshire_and_The_Humber,115,7.970409356697272,0.4737335703152703,2020-06-10,1109373.4794161317
45-64,Yorkshire_and_The_Humber,115,7.477572364394108,0.5137705981495579,2020-06-10,510799.2358996739
65-74,Yorkshire_and_The_Humber,115,7.163452999175109,0.3407539275975664,2020-06-10,451306.1702025497
75+,Yorkshire_and_The_Humber,115,7.723403745527293,0.3683096683547975,2020-06-10,366510.79003192694
1-4,Yorkshire_and_The_Humber,116,0,0,2020-06-11,503965.09670831857
5-14,Yorkshire_and_The_Humber,116,0,0,2020-06-11,145920.59651659982
15-24,Yorkshire_and_The_Humber,116,0,0,2020-06-11,1074440.3460863144
25-44,Yorkshire_and_The_Humber,116,0,0,2020-06-11,1109373.4794161317
45-64,Yorkshire_and_The_Humber,116,0,0,2020-06-11,510799.2358996739
65-74,Yorkshire_and_The_Humber,116,0,0,2020-06-11,451306.1702025497
75+,Yorkshire_and_The_Humber,116,0,0,2020-06-11,366510.79003192694
1-4,Yorkshire_and_The_Humber,117,0,0,2020-06-12,503965.09670831857
5-14,Yorkshire_and_The_Humber,117,0,0,2020-06-12,145920.59651659982
15-24,Yorkshire_and_The_Humber,117,0,0,2020-06-12,1074440.3460863144
25-44,Yorkshire_and_The_Humber,117,0,0,2020-06-12,1109373.4794161317
45-64,Yorkshire_and_The_Humber,117,0,0,2020-06-12,510799.2358996739
65-74,Yorkshire_and_The_Humber,117,0,0,2020-06-12,451306.1702025497
75+,Yorkshire_and_The_Humber,117,0,0,2020-06-12,366510.79003192694
1-4,Yorkshire_and_The_Humber,118,0,0,2020-06-13,503965.09670831857
5-14,Yorkshire_and_The_Humber,118,0,0,2020-06-13,145920.59651659982
15-24,Yorkshire_and_The_Humber,118,0,0,2020-06-13,1074440.3460863144
25-44,Yorkshire_and_The_Humber,118,0,0,2020-06-13,1109373.4794161317
45-64,Yorkshire_and_The_Humber,118,0,0,2020-06-13,510799.2358996739
65-74,Yorkshire_and_The_Humber,118,0,0,2020-06-13,451306.1702025497
75+,Yorkshire_and_The_Humber,118,0,0,2020-06-13,366510.79003192694
1-4,Yorkshire_and_The_Humber,119,0,0,2020-06-14,503965.09670831857
5-14,Yorkshire_and_The_Humber,119,0,0,2020-06-14,145920.59651659982
15-24,Yorkshire_and_The_Humber,119,0,0,2020-06-14,1074440.3460863144
25-44,Yorkshire_and_The_Humber,119,0,0,2020-06-14,1109373.4794161317
45-64,Yorkshire_and_The_Humber,119,0,0,2020-06-14,510799.2358996739
65-74,Yorkshire_and_The_Humber,119,0,0,2020-06-14,451306.1702025497
75+,Yorkshire_and_The_Humber,119,0,0,2020-06-14,366510.79003192694
1-4,Yorkshire_and_The_Humber,120,0,0,2020-06-15,503965.09670831857
5-14,Yorkshire_and_The_Humber,120,0,0,2020-06-15,145920.59651659982
15-24,Yorkshire_and_The_Humber,120,0,0,2020-06-15,1074440.3460863144
25-44,Yorkshire_and_The_Humber,120,0,0,2020-06-15,1109373.4794161317
45-64,Yorkshire_and_The_Humber,120,0,0,2020-06-15,510799.2358996739
65-74,Yorkshire_and_The_Humber,120,0,0,2020-06-15,451306.1702025497
75+,Yorkshire_and_The_Humber,120,0,0,2020-06-15,366510.79003192694
1-4,Yorkshire_and_The_Humber,121,0,0,2020-06-16,503965.09670831857
5-14,Yorkshire_and_The_Humber,121,0,0,2020-06-16,145920.59651659982
15-24,Yorkshire_and_The_Humber,121,0,0,2020-06-16,1074440.3460863144
25-44,Yorkshire_and_The_Humber,121,0,0,2020-06-16,1109373.4794161317
45-64,Yorkshire_and_The_Humber,121,0,0,2020-06-16,510799.2358996739
65-74,Yorkshire_and_The_Humber,121,0,0,2020-06-16,451306.1702025497
75+,Yorkshire_and_The_Humber,121,0,0,2020-06-16,366510.79003192694
1-4,Yorkshire_and_The_Humber,122,0,0,2020-06-17,503965.09670831857
5-14,Yorkshire_and_The_Humber,122,0,0,2020-06-17,145920.59651659982
15-24,Yorkshire_and_The_Humber,122,0,0,2020-06-17,1074440.3460863144
25-44,Yorkshire_and_The_Humber,122,0,0,2020-06-17,1109373.4794161317
45-64,Yorkshire_and_The_Humber,122,0,0,2020-06-17,510799.2358996739
65-74,Yorkshire_and_The_Humber,122,0,0,2020-06-17,451306.1702025497
75+,Yorkshire_and_The_Humber,122,0,0,2020-06-17,366510.79003192694
1-4,Yorkshire_and_The_Humber,123,0,0,2020-06-18,503965.09670831857
5-14,Yorkshire_and_The_Humber,123,0,0,2020-06-18,145920.59651659982
15-24,Yorkshire_and_The_Humber,123,0,0,2020-06-18,1074440.3460863144
25-44,Yorkshire_and_The_Humber,123,0,0,2020-06-18,1109373.4794161317
45-64,Yorkshire_and_The_Humber,123,0,0,2020-06-18,510799.2358996739
65-74,Yorkshire_and_The_Humber,123,0,0,2020-06-18,451306.1702025497
75+,Yorkshire_and_The_Humber,123,0,0,2020-06-18,366510.79003192694
1-4,Yorkshire_and_The_Humber,124,0,0,2020-06-19,503965.09670831857
5-14,Yorkshire_and_The_Humber,124,0,0,2020-06-19,145920.59651659982
15-24,Yorkshire_and_The_Humber,124,0,0,2020-06-19,1074440.3460863144
25-44,Yorkshire_and_The_Humber,124,0,0,2020-06-19,1109373.4794161317
45-64,Yorkshire_and_The_Humber,124,0,0,2020-06-19,510799.2358996739
65-74,Yorkshire_and_The_Humber,124,0,0,2020-06-19,451306.1702025497
75+,Yorkshire_and_The_Humber,124,0,0,2020-06-19,366510.79003192694
1-4,Yorkshire_and_The_Humber,125,0,0,2020-06-20,503965.09670831857
5-14,Yorkshire_and_The_Humber,125,0,0,2020-06-20,145920.59651659982
15-24,Yorkshire_and_The_Humber,125,0,0,2020-06-20,1074440.3460863144
25-44,Yorkshire_and_The_Humber,125,0,0,2020-06-20,1109373.4794161317
45-64,Yorkshire_and_The_Humber,125,0,0,2020-06-20,510799.2358996739
65-74,Yorkshire_and_The_Humber,125,0,0,2020-06-20,451306.1702025497
75+,Yorkshire_and_The_Humber,125,0,0,2020-06-20,366510.79003192694
1-4,Yorkshire_and_The_Humber,126,0,0,2020-06-21,503965.09670831857
5-14,Yorkshire_and_The_Humber,126,0,0,2020-06-21,145920.59651659982
15-24,Yorkshire_and_The_Humber,126,0,0,2020-06-21,1074440.3460863144
25-44,Yorkshire_and_The_Humber,126,0,0,2020-06-21,1109373.4794161317
45-64,Yorkshire_and_The_Humber,126,0,0,2020-06-21,510799.2358996739
65-74,Yorkshire_and_The_Humber,126,0,0,2020-06-21,451306.1702025497
75+,Yorkshire_and_The_Humber,126,0,0,2020-06-21,366510.79003192694
1-4,Yorkshire_and_The_Humber,127,0,0,2020-06-22,503965.09670831857
5-14,Yorkshire_and_The_Humber,127,0,0,2020-06-22,145920.59651659982
15-24,Yorkshire_and_The_Humber,127,0,0,2020-06-22,1074440.3460863144
25-44,Yorkshire_and_The_Humber,127,0,0,2020-06-22,1109373.4794161317
45-64,Yorkshire_and_The_Humber,127,0,0,2020-06-22,510799.2358996739
65-74,Yorkshire_and_The_Humber,127,0,0,2020-06-22,451306.1702025497
75+,Yorkshire_and_The_Humber,127,0,0,2020-06-22,366510.79003192694
1-4,Yorkshire_and_The_Humber,128,0,0,2020-06-23,503965.09670831857
5-14,Yorkshire_and_The_Humber,128,0,0,2020-06-23,145920.59651659982
15-24,Yorkshire_and_The_Humber,128,0,0,2020-06-23,1074440.3460863144
25-44,Yorkshire_and_The_Humber,128,0,0,2020-06-23,1109373.4794161317
45-64,Yorkshire_and_The_Humber,128,0,0,2020-06-23,510799.2358996739
65-74,Yorkshire_and_The_Humber,128,0,0,2020-06-23,451306.1702025497
75+,Yorkshire_and_The_Humber,128,0,0,2020-06-23,366510.79003192694
1-4,Yorkshire_and_The_Humber,129,0,0,2020-06-24,503965.09670831857
5-14,Yorkshire_and_The_Humber,129,7.312254774234315,0.5278039478206272,2020-06-24,145920.59651659982
15-24,Yorkshire_and_The_Humber,129,8.142937585654975,0.5004001134403552,2020-06-24,1074440.3460863144
25-44,Yorkshire_and_The_Humber,129,7.871614085237697,0.47685538589925613,2020-06-24,1109373.4794161317
45-64,Yorkshire_and_The_Humber,129,7.386437390530004,0.5215341892805325,2020-06-24,510799.2358996739
65-74,Yorkshire_and_The_Humber,129,7.151005748904722,0.33365037368382106,2020-06-24,451306.1702025497
75+,Yorkshire_and_The_Humber,129,7.421870932822276,0.3575775438209729,2020-06-24,366510.79003192694
1-4,Yorkshire_and_The_Humber,130,0,0,2020-06-25,503965.09670831857
5-14,Yorkshire_and_The_Humber,130,0,0,2020-06-25,145920.59651659982
15-24,Yorkshire_and_The_Humber,130,0,0,2020-06-25,1074440.3460863144
25-44,Yorkshire_and_The_Humber,130,0,0,2020-06-25,1109373.4794161317
45-64,Yorkshire_and_The_Humber,130,0,0,2020-06-25,510799.2358996739
65-74,Yorkshire_and_The_Humber,130,0,0,2020-06-25,451306.1702025497
75+,Yorkshire_and_The_Humber,130,0,0,2020-06-25,366510.79003192694
1-4,Yorkshire_and_The_Humber,131,0,0,2020-06-26,503965.09670831857
5-14,Yorkshire_and_The_Humber,131,0,0,2020-06-26,145920.59651659982
15-24,Yorkshire_and_The_Humber,131,0,0,2020-06-26,1074440.3460863144
25-44,Yorkshire_and_The_Humber,131,0,0,2020-06-26,1109373.4794161317
45-64,Yorkshire_and_The_Humber,131,0,0,2020-06-26,510799.2358996739
65-74,Yorkshire_and_The_Humber,131,0,0,2020-06-26,451306.1702025497
75+,Yorkshire_and_The_Humber,131,0,0,2020-06-26,366510.79003192694
1-4,Yorkshire_and_The_Humber,132,0,0,2020-06-27,503965.09670831857
5-14,Yorkshire_and_The_Humber,132,0,0,2020-06-27,145920.59651659982
15-24,Yorkshire_and_The_Humber,132,0,0,2020-06-27,1074440.3460863144
25-44,Yorkshire_and_The_Humber,132,0,0,2020-06-27,1109373.4794161317
45-64,Yorkshire_and_The_Humber,132,0,0,2020-06-27,510799.2358996739
65-74,Yorkshire_and_The_Humber,132,0,0,2020-06-27,451306.1702025497
75+,Yorkshire_and_The_Humber,132,0,0,2020-06-27,366510.79003192694
1-4,Yorkshire_and_The_Humber,133,0,0,2020-06-28,503965.09670831857
5-14,Yorkshire_and_The_Humber,133,0,0,2020-06-28,145920.59651659982
15-24,Yorkshire_and_The_Humber,133,0,0,2020-06-28,1074440.3460863144
25-44,Yorkshire_and_The_Humber,133,0,0,2020-06-28,1109373.4794161317
45-64,Yorkshire_and_The_Humber,133,0,0,2020-06-28,510799.2358996739
65-74,Yorkshire_and_The_Humber,133,0,0,2020-06-28,451306.1702025497
75+,Yorkshire_and_The_Humber,133,0,0,2020-06-28,366510.79003192694
1-4,Yorkshire_and_The_Humber,134,0,0,2020-06-29,503965.09670831857
5-14,Yorkshire_and_The_Humber,134,0,0,2020-06-29,145920.59651659982
15-24,Yorkshire_and_The_Humber,134,0,0,2020-06-29,1074440.3460863144
25-44,Yorkshire_and_The_Humber,134,0,0,2020-06-29,1109373.4794161317
45-64,Yorkshire_and_The_Humber,134,0,0,2020-06-29,510799.2358996739
65-74,Yorkshire_and_The_Humber,134,0,0,2020-06-29,451306.1702025497
75+,Yorkshire_and_The_Humber,134,0,0,2020-06-29,366510.79003192694
1-4,Yorkshire_and_The_Humber,135,0,0,2020-06-30,503965.09670831857
5-14,Yorkshire_and_The_Humber,135,0,0,2020-06-30,145920.59651659982
15-24,Yorkshire_and_The_Humber,135,0,0,2020-06-30,1074440.3460863144
25-44,Yorkshire_and_The_Humber,135,0,0,2020-06-30,1109373.4794161317
45-64,Yorkshire_and_The_Humber,135,0,0,2020-06-30,510799.2358996739
65-74,Yorkshire_and_The_Humber,135,0,0,2020-06-30,451306.1702025497
75+,Yorkshire_and_The_Humber,135,0,0,2020-06-30,366510.79003192694
1-4,Yorkshire_and_The_Humber,136,0,0,2020-07-01,503965.09670831857
5-14,Yorkshire_and_The_Humber,136,0,0,2020-07-01,145920.59651659982
15-24,Yorkshire_and_The_Humber,136,0,0,2020-07-01,1074440.3460863144
25-44,Yorkshire_and_The_Humber,136,0,0,2020-07-01,1109373.4794161317
45-64,Yorkshire_and_The_Humber,136,0,0,2020-07-01,510799.2358996739
65-74,Yorkshire_and_The_Humber,136,0,0,2020-07-01,451306.1702025497
75+,Yorkshire_and_The_Humber,136,0,0,2020-07-01,366510.79003192694
1-4,Yorkshire_and_The_Humber,137,0,0,2020-07-02,503965.09670831857
5-14,Yorkshire_and_The_Humber,137,0,0,2020-07-02,145920.59651659982
15-24,Yorkshire_and_The_Humber,137,0,0,2020-07-02,1074440.3460863144
25-44,Yorkshire_and_The_Humber,137,0,0,2020-07-02,1109373.4794161317
45-64,Yorkshire_and_The_Humber,137,0,0,2020-07-02,510799.2358996739
65-74,Yorkshire_and_The_Humber,137,0,0,2020-07-02,451306.1702025497
75+,Yorkshire_and_The_Humber,137,0,0,2020-07-02,366510.79003192694
1-4,Yorkshire_and_The_Humber,138,0,0,2020-07-03,503965.09670831857
5-14,Yorkshire_and_The_Humber,138,0,0,2020-07-03,145920.59651659982
15-24,Yorkshire_and_The_Humber,138,0,0,2020-07-03,1074440.3460863144
25-44,Yorkshire_and_The_Humber,138,0,0,2020-07-03,1109373.4794161317
45-64,Yorkshire_and_The_Humber,138,0,0,2020-07-03,510799.2358996739
65-74,Yorkshire_and_The_Humber,138,0,0,2020-07-03,451306.1702025497
75+,Yorkshire_and_The_Humber,138,0,0,2020-07-03,366510.79003192694
1-4,Yorkshire_and_The_Humber,139,0,0,2020-07-04,503965.09670831857
5-14,Yorkshire_and_The_Humber,139,0,0,2020-07-04,145920.59651659982
15-24,Yorkshire_and_The_Humber,139,0,0,2020-07-04,1074440.3460863144
25-44,Yorkshire_and_The_Humber,139,0,0,2020-07-04,1109373.4794161317
45-64,Yorkshire_and_The_Humber,139,0,0,2020-07-04,510799.2358996739
65-74,Yorkshire_and_The_Humber,139,0,0,2020-07-04,451306.1702025497
75+,Yorkshire_and_The_Humber,139,0,0,2020-07-04,366510.79003192694
1-4,Yorkshire_and_The_Humber,140,0,0,2020-07-05,503965.09670831857
5-14,Yorkshire_and_The_Humber,140,0,0,2020-07-05,145920.59651659982
15-24,Yorkshire_and_The_Humber,140,0,0,2020-07-05,1074440.3460863144
25-44,Yorkshire_and_The_Humber,140,0,0,2020-07-05,1109373.4794161317
45-64,Yorkshire_and_The_Humber,140,0,0,2020-07-05,510799.2358996739
65-74,Yorkshire_and_The_Humber,140,0,0,2020-07-05,451306.1702025497
75+,Yorkshire_and_The_Humber,140,0,0,2020-07-05,366510.79003192694
1-4,Yorkshire_and_The_Humber,141,0,0,2020-07-06,503965.09670831857
5-14,Yorkshire_and_The_Humber,141,0,0,2020-07-06,145920.59651659982
15-24,Yorkshire_and_The_Humber,141,0,0,2020-07-06,1074440.3460863144
25-44,Yorkshire_and_The_Humber,141,0,0,2020-07-06,1109373.4794161317
45-64,Yorkshire_and_The_Humber,141,0,0,2020-07-06,510799.2358996739
65-74,Yorkshire_and_The_Humber,141,0,0,2020-07-06,451306.1702025497
75+,Yorkshire_and_The_Humber,141,0,0,2020-07-06,366510.79003192694
1-4,Yorkshire_and_The_Humber,142,0,0,2020-07-07,503965.09670831857
5-14,Yorkshire_and_The_Humber,142,0,0,2020-07-07,145920.59651659982
15-24,Yorkshire_and_The_Humber,142,0,0,2020-07-07,1074440.3460863144
25-44,Yorkshire_and_The_Humber,142,0,0,2020-07-07,1109373.4794161317
45-64,Yorkshire_and_The_Humber,142,0,0,2020-07-07,510799.2358996739
65-74,Yorkshire_and_The_Humber,142,0,0,2020-07-07,451306.1702025497
75+,Yorkshire_and_The_Humber,142,0,0,2020-07-07,366510.79003192694
1-4,Yorkshire_and_The_Humber,143,0,0,2020-07-08,503965.09670831857
5-14,Yorkshire_and_The_Humber,143,7.32896294215763,0.5189852457852252,2020-07-08,145920.59651659982
15-24,Yorkshire_and_The_Humber,143,8.17523584984346,0.4970100884681332,2020-07-08,1074440.3460863144
25-44,Yorkshire_and_The_Humber,143,7.783294519051649,0.48344568045249425,2020-07-08,1109373.4794161317
45-64,Yorkshire_and_The_Humber,143,7.35302553383026,0.5103232869831799,2020-07-08,510799.2358996739
65-74,Yorkshire_and_The_Humber,143,7.160787630547256,0.32286041158879397,2020-07-08,451306.1702025497
75+,Yorkshire_and_The_Humber,143,7.236714839462992,0.35974778613356145,2020-07-08,366510.79003192694
1-4,Yorkshire_and_The_Humber,144,0,0,2020-07-09,503965.09670831857
5-14,Yorkshire_and_The_Humber,144,0,0,2020-07-09,145920.59651659982
15-24,Yorkshire_and_The_Humber,144,0,0,2020-07-09,1074440.3460863144
25-44,Yorkshire_and_The_Humber,144,0,0,2020-07-09,1109373.4794161317
45-64,Yorkshire_and_The_Humber,144,0,0,2020-07-09,510799.2358996739
65-74,Yorkshire_and_The_Humber,144,0,0,2020-07-09,451306.1702025497
75+,Yorkshire_and_The_Humber,144,0,0,2020-07-09,366510.79003192694
1-4,Yorkshire_and_The_Humber,145,0,0,2020-07-10,503965.09670831857
5-14,Yorkshire_and_The_Humber,145,0,0,2020-07-10,145920.59651659982
15-24,Yorkshire_and_The_Humber,145,0,0,2020-07-10,1074440.3460863144
25-44,Yorkshire_and_The_Humber,145,0,0,2020-07-10,1109373.4794161317
45-64,Yorkshire_and_The_Humber,145,0,0,2020-07-10,510799.2358996739
65-74,Yorkshire_and_The_Humber,145,0,0,2020-07-10,451306.1702025497
75+,Yorkshire_and_The_Humber,145,0,0,2020-07-10,366510.79003192694
1-4,Yorkshire_and_The_Humber,146,0,0,2020-07-11,503965.09670831857
5-14,Yorkshire_and_The_Humber,146,0,0,2020-07-11,145920.59651659982
15-24,Yorkshire_and_The_Humber,146,0,0,2020-07-11,1074440.3460863144
25-44,Yorkshire_and_The_Humber,146,0,0,2020-07-11,1109373.4794161317
45-64,Yorkshire_and_The_Humber,146,0,0,2020-07-11,510799.2358996739
65-74,Yorkshire_and_The_Humber,146,0,0,2020-07-11,451306.1702025497
75+,Yorkshire_and_The_Humber,146,0,0,2020-07-11,366510.79003192694
1-4,Yorkshire_and_The_Humber,147,0,0,2020-07-12,503965.09670831857
5-14,Yorkshire_and_The_Humber,147,0,0,2020-07-12,145920.59651659982
15-24,Yorkshire_and_The_Humber,147,0,0,2020-07-12,1074440.3460863144
25-44,Yorkshire_and_The_Humber,147,0,0,2020-07-12,1109373.4794161317
45-64,Yorkshire_and_The_Humber,147,0,0,2020-07-12,510799.2358996739
65-74,Yorkshire_and_The_Humber,147,0,0,2020-07-12,451306.1702025497
75+,Yorkshire_and_The_Humber,147,0,0,2020-07-12,366510.79003192694
1-4,Yorkshire_and_The_Humber,148,0,0,2020-07-13,503965.09670831857
5-14,Yorkshire_and_The_Humber,148,0,0,2020-07-13,145920.59651659982
15-24,Yorkshire_and_The_Humber,148,0,0,2020-07-13,1074440.3460863144
25-44,Yorkshire_and_The_Humber,148,0,0,2020-07-13,1109373.4794161317
45-64,Yorkshire_and_The_Humber,148,0,0,2020-07-13,510799.2358996739
65-74,Yorkshire_and_The_Humber,148,0,0,2020-07-13,451306.1702025497
75+,Yorkshire_and_The_Humber,148,0,0,2020-07-13,366510.79003192694
1-4,Yorkshire_and_The_Humber,149,0,0,2020-07-14,503965.09670831857
5-14,Yorkshire_and_The_Humber,149,0,0,2020-07-14,145920.59651659982
15-24,Yorkshire_and_The_Humber,149,0,0,2020-07-14,1074440.3460863144
25-44,Yorkshire_and_The_Humber,149,0,0,2020-07-14,1109373.4794161317
45-64,Yorkshire_and_The_Humber,149,0,0,2020-07-14,510799.2358996739
65-74,Yorkshire_and_The_Humber,149,0,0,2020-07-14,451306.1702025497
75+,Yorkshire_and_The_Humber,149,0,0,2020-07-14,366510.79003192694
1-4,Yorkshire_and_The_Humber,150,0,0,2020-07-15,503965.09670831857
5-14,Yorkshire_and_The_Humber,150,0,0,2020-07-15,145920.59651659982
15-24,Yorkshire_and_The_Humber,150,0,0,2020-07-15,1074440.3460863144
25-44,Yorkshire_and_The_Humber,150,0,0,2020-07-15,1109373.4794161317
45-64,Yorkshire_and_The_Humber,150,0,0,2020-07-15,510799.2358996739
65-74,Yorkshire_and_The_Humber,150,0,0,2020-07-15,451306.1702025497
75+,Yorkshire_and_The_Humber,150,0,0,2020-07-15,366510.79003192694
1-4,Yorkshire_and_The_Humber,151,0,0,2020-07-16,503965.09670831857
5-14,Yorkshire_and_The_Humber,151,0,0,2020-07-16,145920.59651659982
15-24,Yorkshire_and_The_Humber,151,0,0,2020-07-16,1074440.3460863144
25-44,Yorkshire_and_The_Humber,151,0,0,2020-07-16,1109373.4794161317
45-64,Yorkshire_and_The_Humber,151,0,0,2020-07-16,510799.2358996739
65-74,Yorkshire_and_The_Humber,151,0,0,2020-07-16,451306.1702025497
75+,Yorkshire_and_The_Humber,151,0,0,2020-07-16,366510.79003192694
1-4,Yorkshire_and_The_Humber,152,0,0,2020-07-17,503965.09670831857
5-14,Yorkshire_and_The_Humber,152,0,0,2020-07-17,145920.59651659982
15-24,Yorkshire_and_The_Humber,152,0,0,2020-07-17,1074440.3460863144
25-44,Yorkshire_and_The_Humber,152,0,0,2020-07-17,1109373.4794161317
45-64,Yorkshire_and_The_Humber,152,0,0,2020-07-17,510799.2358996739
65-74,Yorkshire_and_The_Humber,152,0,0,2020-07-17,451306.1702025497
75+,Yorkshire_and_The_Humber,152,0,0,2020-07-17,366510.79003192694
1-4,Yorkshire_and_The_Humber,153,0,0,2020-07-18,503965.09670831857
5-14,Yorkshire_and_The_Humber,153,0,0,2020-07-18,145920.59651659982
15-24,Yorkshire_and_The_Humber,153,0,0,2020-07-18,1074440.3460863144
25-44,Yorkshire_and_The_Humber,153,0,0,2020-07-18,1109373.4794161317
45-64,Yorkshire_and_The_Humber,153,0,0,2020-07-18,510799.2358996739
65-74,Yorkshire_and_The_Humber,153,0,0,2020-07-18,451306.1702025497
75+,Yorkshire_and_The_Humber,153,0,0,2020-07-18,366510.79003192694
1-4,Yorkshire_and_The_Humber,154,0,0,2020-07-19,503965.09670831857
5-14,Yorkshire_and_The_Humber,154,0,0,2020-07-19,145920.59651659982
15-24,Yorkshire_and_The_Humber,154,0,0,2020-07-19,1074440.3460863144
25-44,Yorkshire_and_The_Humber,154,0,0,2020-07-19,1109373.4794161317
45-64,Yorkshire_and_The_Humber,154,0,0,2020-07-19,510799.2358996739
65-74,Yorkshire_and_The_Humber,154,0,0,2020-07-19,451306.1702025497
75+,Yorkshire_and_The_Humber,154,0,0,2020-07-19,366510.79003192694
1-4,Yorkshire_and_The_Humber,155,0,0,2020-07-20,503965.09670831857
5-14,Yorkshire_and_The_Humber,155,0,0,2020-07-20,145920.59651659982
15-24,Yorkshire_and_The_Humber,155,0,0,2020-07-20,1074440.3460863144
25-44,Yorkshire_and_The_Humber,155,0,0,2020-07-20,1109373.4794161317
45-64,Yorkshire_and_The_Humber,155,0,0,2020-07-20,510799.2358996739
65-74,Yorkshire_and_The_Humber,155,0,0,2020-07-20,451306.1702025497
75+,Yorkshire_and_The_Humber,155,0,0,2020-07-20,366510.79003192694
1-4,Yorkshire_and_The_Humber,156,0,0,2020-07-21,503965.09670831857
5-14,Yorkshire_and_The_Humber,156,0,0,2020-07-21,145920.59651659982
15-24,Yorkshire_and_The_Humber,156,0,0,2020-07-21,1074440.3460863144
25-44,Yorkshire_and_The_Humber,156,0,0,2020-07-21,1109373.4794161317
45-64,Yorkshire_and_The_Humber,156,0,0,2020-07-21,510799.2358996739
65-74,Yorkshire_and_The_Humber,156,0,0,2020-07-21,451306.1702025497
75+,Yorkshire_and_The_Humber,156,0,0,2020-07-21,366510.79003192694
1-4,Yorkshire_and_The_Humber,157,0,0,2020-07-22,503965.09670831857
5-14,Yorkshire_and_The_Humber,157,7.371963639567168,0.5139184346891764,2020-07-22,145920.59651659982
15-24,Yorkshire_and_The_Humber,157,8.328537458678385,0.48334231600936844,2020-07-22,1074440.3460863144
25-44,Yorkshire_and_The_Humber,157,7.667360395678528,0.48493711949029644,2020-07-22,1109373.4794161317
45-64,Yorkshire_and_The_Humber,157,7.353486343038257,0.5065759479051535,2020-07-22,510799.2358996739
65-74,Yorkshire_and_The_Humber,157,7.113940857876436,0.3225406534066867,2020-07-22,451306.1702025497
75+,Yorkshire_and_The_Humber,157,7.139289511570661,0.3737061296745607,2020-07-22,366510.79003192694
1-4,Yorkshire_and_The_Humber,158,0,0,2020-07-23,503965.09670831857
5-14,Yorkshire_and_The_Humber,158,0,0,2020-07-23,145920.59651659982
15-24,Yorkshire_and_The_Humber,158,0,0,2020-07-23,1074440.3460863144
25-44,Yorkshire_and_The_Humber,158,0,0,2020-07-23,1109373.4794161317
45-64,Yorkshire_and_The_Humber,158,0,0,2020-07-23,510799.2358996739
65-74,Yorkshire_and_The_Humber,158,0,0,2020-07-23,451306.1702025497
75+,Yorkshire_and_The_Humber,158,0,0,2020-07-23,366510.79003192694
1-4,Yorkshire_and_The_Humber,159,0,0,2020-07-24,503965.09670831857
5-14,Yorkshire_and_The_Humber,159,0,0,2020-07-24,145920.59651659982
15-24,Yorkshire_and_The_Humber,159,0,0,2020-07-24,1074440.3460863144
25-44,Yorkshire_and_The_Humber,159,0,0,2020-07-24,1109373.4794161317
45-64,Yorkshire_and_The_Humber,159,0,0,2020-07-24,510799.2358996739
65-74,Yorkshire_and_The_Humber,159,0,0,2020-07-24,451306.1702025497
75+,Yorkshire_and_The_Humber,159,0,0,2020-07-24,366510.79003192694
1-4,Yorkshire_and_The_Humber,160,0,0,2020-07-25,503965.09670831857
5-14,Yorkshire_and_The_Humber,160,0,0,2020-07-25,145920.59651659982
15-24,Yorkshire_and_The_Humber,160,0,0,2020-07-25,1074440.3460863144
25-44,Yorkshire_and_The_Humber,160,0,0,2020-07-25,1109373.4794161317
45-64,Yorkshire_and_The_Humber,160,0,0,2020-07-25,510799.2358996739
65-74,Yorkshire_and_The_Humber,160,0,0,2020-07-25,451306.1702025497
75+,Yorkshire_and_The_Humber,160,0,0,2020-07-25,366510.79003192694
1-4,Yorkshire_and_The_Humber,161,0,0,2020-07-26,503965.09670831857
5-14,Yorkshire_and_The_Humber,161,0,0,2020-07-26,145920.59651659982
15-24,Yorkshire_and_The_Humber,161,0,0,2020-07-26,1074440.3460863144
25-44,Yorkshire_and_The_Humber,161,0,0,2020-07-26,1109373.4794161317
45-64,Yorkshire_and_The_Humber,161,0,0,2020-07-26,510799.2358996739
65-74,Yorkshire_and_The_Humber,161,0,0,2020-07-26,451306.1702025497
75+,Yorkshire_and_The_Humber,161,0,0,2020-07-26,366510.79003192694
1-4,Yorkshire_and_The_Humber,162,0,0,2020-07-27,503965.09670831857
5-14,Yorkshire_and_The_Humber,162,0,0,2020-07-27,145920.59651659982
15-24,Yorkshire_and_The_Humber,162,0,0,2020-07-27,1074440.3460863144
25-44,Yorkshire_and_The_Humber,162,0,0,2020-07-27,1109373.4794161317
45-64,Yorkshire_and_The_Humber,162,0,0,2020-07-27,510799.2358996739
65-74,Yorkshire_and_The_Humber,162,0,0,2020-07-27,451306.1702025497
75+,Yorkshire_and_The_Humber,162,0,0,2020-07-27,366510.79003192694
1-4,Yorkshire_and_The_Humber,163,0,0,2020-07-28,503965.09670831857
5-14,Yorkshire_and_The_Humber,163,0,0,2020-07-28,145920.59651659982
15-24,Yorkshire_and_The_Humber,163,0,0,2020-07-28,1074440.3460863144
25-44,Yorkshire_and_The_Humber,163,0,0,2020-07-28,1109373.4794161317
45-64,Yorkshire_and_The_Humber,163,0,0,2020-07-28,510799.2358996739
65-74,Yorkshire_and_The_Humber,163,0,0,2020-07-28,451306.1702025497
75+,Yorkshire_and_The_Humber,163,0,0,2020-07-28,366510.79003192694
1-4,Yorkshire_and_The_Humber,164,0,0,2020-07-29,503965.09670831857
5-14,Yorkshire_and_The_Humber,164,0,0,2020-07-29,145920.59651659982
15-24,Yorkshire_and_The_Humber,164,0,0,2020-07-29,1074440.3460863144
25-44,Yorkshire_and_The_Humber,164,0,0,2020-07-29,1109373.4794161317
45-64,Yorkshire_and_The_Humber,164,0,0,2020-07-29,510799.2358996739
65-74,Yorkshire_and_The_Humber,164,0,0,2020-07-29,451306.1702025497
75+,Yorkshire_and_The_Humber,164,0,0,2020-07-29,366510.79003192694
1-4,Yorkshire_and_The_Humber,165,0,0,2020-07-30,503965.09670831857
5-14,Yorkshire_and_The_Humber,165,0,0,2020-07-30,145920.59651659982
15-24,Yorkshire_and_The_Humber,165,0,0,2020-07-30,1074440.3460863144
25-44,Yorkshire_and_The_Humber,165,0,0,2020-07-30,1109373.4794161317
45-64,Yorkshire_and_The_Humber,165,0,0,2020-07-30,510799.2358996739
65-74,Yorkshire_and_The_Humber,165,0,0,2020-07-30,451306.1702025497
75+,Yorkshire_and_The_Humber,165,0,0,2020-07-30,366510.79003192694
1-4,Yorkshire_and_The_Humber,166,0,0,2020-07-31,503965.09670831857
5-14,Yorkshire_and_The_Humber,166,0,0,2020-07-31,145920.59651659982
15-24,Yorkshire_and_The_Humber,166,0,0,2020-07-31,1074440.3460863144
25-44,Yorkshire_and_The_Humber,166,0,0,2020-07-31,1109373.4794161317
45-64,Yorkshire_and_The_Humber,166,0,0,2020-07-31,510799.2358996739
65-74,Yorkshire_and_The_Humber,166,0,0,2020-07-31,451306.1702025497
75+,Yorkshire_and_The_Humber,166,0,0,2020-07-31,366510.79003192694
1-4,Yorkshire_and_The_Humber,167,0,0,2020-08-01,503965.09670831857
5-14,Yorkshire_and_The_Humber,167,0,0,2020-08-01,145920.59651659982
15-24,Yorkshire_and_The_Humber,167,0,0,2020-08-01,1074440.3460863144
25-44,Yorkshire_and_The_Humber,167,0,0,2020-08-01,1109373.4794161317
45-64,Yorkshire_and_The_Humber,167,0,0,2020-08-01,510799.2358996739
65-74,Yorkshire_and_The_Humber,167,0,0,2020-08-01,451306.1702025497
75+,Yorkshire_and_The_Humber,167,0,0,2020-08-01,366510.79003192694
1-4,Yorkshire_and_The_Humber,168,0,0,2020-08-02,503965.09670831857
5-14,Yorkshire_and_The_Humber,168,0,0,2020-08-02,145920.59651659982
15-24,Yorkshire_and_The_Humber,168,0,0,2020-08-02,1074440.3460863144
25-44,Yorkshire_and_The_Humber,168,0,0,2020-08-02,1109373.4794161317
45-64,Yorkshire_and_The_Humber,168,0,0,2020-08-02,510799.2358996739
65-74,Yorkshire_and_The_Humber,168,0,0,2020-08-02,451306.1702025497
75+,Yorkshire_and_The_Humber,168,0,0,2020-08-02,366510.79003192694
1-4,Yorkshire_and_The_Humber,169,0,0,2020-08-03,503965.09670831857
5-14,Yorkshire_and_The_Humber,169,0,0,2020-08-03,145920.59651659982
15-24,Yorkshire_and_The_Humber,169,0,0,2020-08-03,1074440.3460863144
25-44,Yorkshire_and_The_Humber,169,0,0,2020-08-03,1109373.4794161317
45-64,Yorkshire_and_The_Humber,169,0,0,2020-08-03,510799.2358996739
65-74,Yorkshire_and_The_Humber,169,0,0,2020-08-03,451306.1702025497
75+,Yorkshire_and_The_Humber,169,0,0,2020-08-03,366510.79003192694
1-4,Yorkshire_and_The_Humber,170,0,0,2020-08-04,503965.09670831857
5-14,Yorkshire_and_The_Humber,170,0,0,2020-08-04,145920.59651659982
15-24,Yorkshire_and_The_Humber,170,0,0,2020-08-04,1074440.3460863144
25-44,Yorkshire_and_The_Humber,170,0,0,2020-08-04,1109373.4794161317
45-64,Yorkshire_and_The_Humber,170,0,0,2020-08-04,510799.2358996739
65-74,Yorkshire_and_The_Humber,170,0,0,2020-08-04,451306.1702025497
75+,Yorkshire_and_The_Humber,170,0,0,2020-08-04,366510.79003192694
1-4,Yorkshire_and_The_Humber,171,0,0,2020-08-05,503965.09670831857
5-14,Yorkshire_and_The_Humber,171,7.347864716695466,0.5191792566415607,2020-08-05,145920.59651659982
15-24,Yorkshire_and_The_Humber,171,8.484200890790854,0.4746555596661176,2020-08-05,1074440.3460863144
25-44,Yorkshire_and_The_Humber,171,7.527192060356982,0.4811949440610781,2020-08-05,1109373.4794161317
45-64,Yorkshire_and_The_Humber,171,7.315719910658805,0.5032028500161775,2020-08-05,510799.2358996739
65-74,Yorkshire_and_The_Humber,171,6.946439356919899,0.3201246513294691,2020-08-05,451306.1702025497
75+,Yorkshire_and_The_Humber,171,7.0167898711333905,0.37555663219445845,2020-08-05,366510.79003192694
1-4,Yorkshire_and_The_Humber,172,0,0,2020-08-06,503965.09670831857
5-14,Yorkshire_and_The_Humber,172,0,0,2020-08-06,145920.59651659982
15-24,Yorkshire_and_The_Humber,172,0,0,2020-08-06,1074440.3460863144
25-44,Yorkshire_and_The_Humber,172,0,0,2020-08-06,1109373.4794161317
45-64,Yorkshire_and_The_Humber,172,0,0,2020-08-06,510799.2358996739
65-74,Yorkshire_and_The_Humber,172,0,0,2020-08-06,451306.1702025497
75+,Yorkshire_and_The_Humber,172,0,0,2020-08-06,366510.79003192694
1-4,Yorkshire_and_The_Humber,173,0,0,2020-08-07,503965.09670831857
5-14,Yorkshire_and_The_Humber,173,0,0,2020-08-07,145920.59651659982
15-24,Yorkshire_and_The_Humber,173,0,0,2020-08-07,1074440.3460863144
25-44,Yorkshire_and_The_Humber,173,0,0,2020-08-07,1109373.4794161317
45-64,Yorkshire_and_The_Humber,173,0,0,2020-08-07,510799.2358996739
65-74,Yorkshire_and_The_Humber,173,0,0,2020-08-07,451306.1702025497
75+,Yorkshire_and_The_Humber,173,0,0,2020-08-07,366510.79003192694
1-4,Yorkshire_and_The_Humber,174,0,0,2020-08-08,503965.09670831857
5-14,Yorkshire_and_The_Humber,174,0,0,2020-08-08,145920.59651659982
15-24,Yorkshire_and_The_Humber,174,0,0,2020-08-08,1074440.3460863144
25-44,Yorkshire_and_The_Humber,174,0,0,2020-08-08,1109373.4794161317
45-64,Yorkshire_and_The_Humber,174,0,0,2020-08-08,510799.2358996739
65-74,Yorkshire_and_The_Humber,174,0,0,2020-08-08,451306.1702025497
75+,Yorkshire_and_The_Humber,174,0,0,2020-08-08,366510.79003192694
1-4,Yorkshire_and_The_Humber,175,0,0,2020-08-09,503965.09670831857
5-14,Yorkshire_and_The_Humber,175,0,0,2020-08-09,145920.59651659982
15-24,Yorkshire_and_The_Humber,175,0,0,2020-08-09,1074440.3460863144
25-44,Yorkshire_and_The_Humber,175,0,0,2020-08-09,1109373.4794161317
45-64,Yorkshire_and_The_Humber,175,0,0,2020-08-09,510799.2358996739
65-74,Yorkshire_and_The_Humber,175,0,0,2020-08-09,451306.1702025497
75+,Yorkshire_and_The_Humber,175,0,0,2020-08-09,366510.79003192694
1-4,Yorkshire_and_The_Humber,176,0,0,2020-08-10,503965.09670831857
5-14,Yorkshire_and_The_Humber,176,0,0,2020-08-10,145920.59651659982
15-24,Yorkshire_and_The_Humber,176,0,0,2020-08-10,1074440.3460863144
25-44,Yorkshire_and_The_Humber,176,0,0,2020-08-10,1109373.4794161317
45-64,Yorkshire_and_The_Humber,176,0,0,2020-08-10,510799.2358996739
65-74,Yorkshire_and_The_Humber,176,0,0,2020-08-10,451306.1702025497
75+,Yorkshire_and_The_Humber,176,0,0,2020-08-10,366510.79003192694
1-4,Yorkshire_and_The_Humber,177,0,0,2020-08-11,503965.09670831857
5-14,Yorkshire_and_The_Humber,177,0,0,2020-08-11,145920.59651659982
15-24,Yorkshire_and_The_Humber,177,0,0,2020-08-11,1074440.3460863144
25-44,Yorkshire_and_The_Humber,177,0,0,2020-08-11,1109373.4794161317
45-64,Yorkshire_and_The_Humber,177,0,0,2020-08-11,510799.2358996739
65-74,Yorkshire_and_The_Humber,177,0,0,2020-08-11,451306.1702025497
75+,Yorkshire_and_The_Humber,177,0,0,2020-08-11,366510.79003192694
1-4,Yorkshire_and_The_Humber,178,0,0,2020-08-12,503965.09670831857
5-14,Yorkshire_and_The_Humber,178,0,0,2020-08-12,145920.59651659982
15-24,Yorkshire_and_The_Humber,178,0,0,2020-08-12,1074440.3460863144
25-44,Yorkshire_and_The_Humber,178,0,0,2020-08-12,1109373.4794161317
45-64,Yorkshire_and_The_Humber,178,0,0,2020-08-12,510799.2358996739
65-74,Yorkshire_and_The_Humber,178,0,0,2020-08-12,451306.1702025497
75+,Yorkshire_and_The_Humber,178,0,0,2020-08-12,366510.79003192694
1-4,Yorkshire_and_The_Humber,179,0,0,2020-08-13,503965.09670831857
5-14,Yorkshire_and_The_Humber,179,0,0,2020-08-13,145920.59651659982
15-24,Yorkshire_and_The_Humber,179,0,0,2020-08-13,1074440.3460863144
25-44,Yorkshire_and_The_Humber,179,0,0,2020-08-13,1109373.4794161317
45-64,Yorkshire_and_The_Humber,179,0,0,2020-08-13,510799.2358996739
65-74,Yorkshire_and_The_Humber,179,0,0,2020-08-13,451306.1702025497
75+,Yorkshire_and_The_Humber,179,0,0,2020-08-13,366510.79003192694
1-4,Yorkshire_and_The_Humber,180,0,0,2020-08-14,503965.09670831857
5-14,Yorkshire_and_The_Humber,180,0,0,2020-08-14,145920.59651659982
15-24,Yorkshire_and_The_Humber,180,0,0,2020-08-14,1074440.3460863144
25-44,Yorkshire_and_The_Humber,180,0,0,2020-08-14,1109373.4794161317
45-64,Yorkshire_and_The_Humber,180,0,0,2020-08-14,510799.2358996739
65-74,Yorkshire_and_The_Humber,180,0,0,2020-08-14,451306.1702025497
75+,Yorkshire_and_The_Humber,180,0,0,2020-08-14,366510.79003192694
1-4,Yorkshire_and_The_Humber,181,0,0,2020-08-15,503965.09670831857
5-14,Yorkshire_and_The_Humber,181,0,0,2020-08-15,145920.59651659982
15-24,Yorkshire_and_The_Humber,181,0,0,2020-08-15,1074440.3460863144
25-44,Yorkshire_and_The_Humber,181,0,0,2020-08-15,1109373.4794161317
45-64,Yorkshire_and_The_Humber,181,0,0,2020-08-15,510799.2358996739
65-74,Yorkshire_and_The_Humber,181,0,0,2020-08-15,451306.1702025497
75+,Yorkshire_and_The_Humber,181,0,0,2020-08-15,366510.79003192694
1-4,Yorkshire_and_The_Humber,182,0,0,2020-08-16,503965.09670831857
5-14,Yorkshire_and_The_Humber,182,0,0,2020-08-16,145920.59651659982
15-24,Yorkshire_and_The_Humber,182,0,0,2020-08-16,1074440.3460863144
25-44,Yorkshire_and_The_Humber,182,0,0,2020-08-16,1109373.4794161317
45-64,Yorkshire_and_The_Humber,182,0,0,2020-08-16,510799.2358996739
65-74,Yorkshire_and_The_Humber,182,0,0,2020-08-16,451306.1702025497
75+,Yorkshire_and_The_Humber,182,0,0,2020-08-16,366510.79003192694
1-4,Yorkshire_and_The_Humber,183,0,0,2020-08-17,503965.09670831857
5-14,Yorkshire_and_The_Humber,183,0,0,2020-08-17,145920.59651659982
15-24,Yorkshire_and_The_Humber,183,0,0,2020-08-17,1074440.3460863144
25-44,Yorkshire_and_The_Humber,183,0,0,2020-08-17,1109373.4794161317
45-64,Yorkshire_and_The_Humber,183,0,0,2020-08-17,510799.2358996739
65-74,Yorkshire_and_The_Humber,183,0,0,2020-08-17,451306.1702025497
75+,Yorkshire_and_The_Humber,183,0,0,2020-08-17,366510.79003192694
1-4,Yorkshire_and_The_Humber,184,0,0,2020-08-18,503965.09670831857
5-14,Yorkshire_and_The_Humber,184,0,0,2020-08-18,145920.59651659982
15-24,Yorkshire_and_The_Humber,184,0,0,2020-08-18,1074440.3460863144
25-44,Yorkshire_and_The_Humber,184,0,0,2020-08-18,1109373.4794161317
45-64,Yorkshire_and_The_Humber,184,0,0,2020-08-18,510799.2358996739
65-74,Yorkshire_and_The_Humber,184,0,0,2020-08-18,451306.1702025497
75+,Yorkshire_and_The_Humber,184,0,0,2020-08-18,366510.79003192694
1-4,Yorkshire_and_The_Humber,185,0,0,2020-08-19,503965.09670831857
5-14,Yorkshire_and_The_Humber,185,7.1417664122235305,0.5209271450938753,2020-08-19,145920.59651659982
15-24,Yorkshire_and_The_Humber,185,8.44036627431152,0.4620173696021761,2020-08-19,1074440.3460863144
25-44,Yorkshire_and_The_Humber,185,7.496259633232398,0.46842420493738995,2020-08-19,1109373.4794161317
45-64,Yorkshire_and_The_Humber,185,7.212596844506971,0.497857974332169,2020-08-19,510799.2358996739
65-74,Yorkshire_and_The_Humber,185,6.769590889181263,0.3010426018292381,2020-08-19,451306.1702025497
75+,Yorkshire_and_The_Humber,185,6.824739339462877,0.3585912127615806,2020-08-19,366510.79003192694
1-4,Yorkshire_and_The_Humber,186,0,0,2020-08-20,503965.09670831857
5-14,Yorkshire_and_The_Humber,186,0,0,2020-08-20,145920.59651659982
15-24,Yorkshire_and_The_Humber,186,0,0,2020-08-20,1074440.3460863144
25-44,Yorkshire_and_The_Humber,186,0,0,2020-08-20,1109373.4794161317
45-64,Yorkshire_and_The_Humber,186,0,0,2020-08-20,510799.2358996739
65-74,Yorkshire_and_The_Humber,186,0,0,2020-08-20,451306.1702025497
75+,Yorkshire_and_The_Humber,186,0,0,2020-08-20,366510.79003192694
1-4,Yorkshire_and_The_Humber,187,0,0,2020-08-21,503965.09670831857
5-14,Yorkshire_and_The_Humber,187,0,0,2020-08-21,145920.59651659982
15-24,Yorkshire_and_The_Humber,187,0,0,2020-08-21,1074440.3460863144
25-44,Yorkshire_and_The_Humber,187,0,0,2020-08-21,1109373.4794161317
45-64,Yorkshire_and_The_Humber,187,0,0,2020-08-21,510799.2358996739
65-74,Yorkshire_and_The_Humber,187,0,0,2020-08-21,451306.1702025497
75+,Yorkshire_and_The_Humber,187,0,0,2020-08-21,366510.79003192694
1-4,Yorkshire_and_The_Humber,188,0,0,2020-08-22,503965.09670831857
5-14,Yorkshire_and_The_Humber,188,0,0,2020-08-22,145920.59651659982
15-24,Yorkshire_and_The_Humber,188,0,0,2020-08-22,1074440.3460863144
25-44,Yorkshire_and_The_Humber,188,0,0,2020-08-22,1109373.4794161317
45-64,Yorkshire_and_The_Humber,188,0,0,2020-08-22,510799.2358996739
65-74,Yorkshire_and_The_Humber,188,0,0,2020-08-22,451306.1702025497
75+,Yorkshire_and_The_Humber,188,0,0,2020-08-22,366510.79003192694
1-4,Yorkshire_and_The_Humber,189,0,0,2020-08-23,503965.09670831857
5-14,Yorkshire_and_The_Humber,189,0,0,2020-08-23,145920.59651659982
15-24,Yorkshire_and_The_Humber,189,0,0,2020-08-23,1074440.3460863144
25-44,Yorkshire_and_The_Humber,189,0,0,2020-08-23,1109373.4794161317
45-64,Yorkshire_and_The_Humber,189,0,0,2020-08-23,510799.2358996739
65-74,Yorkshire_and_The_Humber,189,0,0,2020-08-23,451306.1702025497
75+,Yorkshire_and_The_Humber,189,0,0,2020-08-23,366510.79003192694
1-4,Yorkshire_and_The_Humber,190,0,0,2020-08-24,503965.09670831857
5-14,Yorkshire_and_The_Humber,190,0,0,2020-08-24,145920.59651659982
15-24,Yorkshire_and_The_Humber,190,0,0,2020-08-24,1074440.3460863144
25-44,Yorkshire_and_The_Humber,190,0,0,2020-08-24,1109373.4794161317
45-64,Yorkshire_and_The_Humber,190,0,0,2020-08-24,510799.2358996739
65-74,Yorkshire_and_The_Humber,190,0,0,2020-08-24,451306.1702025497
75+,Yorkshire_and_The_Humber,190,0,0,2020-08-24,366510.79003192694
1-4,Yorkshire_and_The_Humber,191,0,0,2020-08-25,503965.09670831857
5-14,Yorkshire_and_The_Humber,191,0,0,2020-08-25,145920.59651659982
15-24,Yorkshire_and_The_Humber,191,0,0,2020-08-25,1074440.3460863144
25-44,Yorkshire_and_The_Humber,191,0,0,2020-08-25,1109373.4794161317
45-64,Yorkshire_and_The_Humber,191,0,0,2020-08-25,510799.2358996739
65-74,Yorkshire_and_The_Humber,191,0,0,2020-08-25,451306.1702025497
75+,Yorkshire_and_The_Humber,191,0,0,2020-08-25,366510.79003192694
1-4,Yorkshire_and_The_Humber,192,0,0,2020-08-26,503965.09670831857
5-14,Yorkshire_and_The_Humber,192,0,0,2020-08-26,145920.59651659982
15-24,Yorkshire_and_The_Humber,192,0,0,2020-08-26,1074440.3460863144
25-44,Yorkshire_and_The_Humber,192,0,0,2020-08-26,1109373.4794161317
45-64,Yorkshire_and_The_Humber,192,0,0,2020-08-26,510799.2358996739
65-74,Yorkshire_and_The_Humber,192,0,0,2020-08-26,451306.1702025497
75+,Yorkshire_and_The_Humber,192,0,0,2020-08-26,366510.79003192694
1-4,Yorkshire_and_The_Humber,193,0,0,2020-08-27,503965.09670831857
5-14,Yorkshire_and_The_Humber,193,0,0,2020-08-27,145920.59651659982
15-24,Yorkshire_and_The_Humber,193,0,0,2020-08-27,1074440.3460863144
25-44,Yorkshire_and_The_Humber,193,0,0,2020-08-27,1109373.4794161317
45-64,Yorkshire_and_The_Humber,193,0,0,2020-08-27,510799.2358996739
65-74,Yorkshire_and_The_Humber,193,0,0,2020-08-27,451306.1702025497
75+,Yorkshire_and_The_Humber,193,0,0,2020-08-27,366510.79003192694
1-4,Yorkshire_and_The_Humber,194,0,0,2020-08-28,503965.09670831857
5-14,Yorkshire_and_The_Humber,194,0,0,2020-08-28,145920.59651659982
15-24,Yorkshire_and_The_Humber,194,0,0,2020-08-28,1074440.3460863144
25-44,Yorkshire_and_The_Humber,194,0,0,2020-08-28,1109373.4794161317
45-64,Yorkshire_and_The_Humber,194,0,0,2020-08-28,510799.2358996739
65-74,Yorkshire_and_The_Humber,194,0,0,2020-08-28,451306.1702025497
75+,Yorkshire_and_The_Humber,194,0,0,2020-08-28,366510.79003192694
1-4,Yorkshire_and_The_Humber,195,0,0,2020-08-29,503965.09670831857
5-14,Yorkshire_and_The_Humber,195,0,0,2020-08-29,145920.59651659982
15-24,Yorkshire_and_The_Humber,195,0,0,2020-08-29,1074440.3460863144
25-44,Yorkshire_and_The_Humber,195,0,0,2020-08-29,1109373.4794161317
45-64,Yorkshire_and_The_Humber,195,0,0,2020-08-29,510799.2358996739
65-74,Yorkshire_and_The_Humber,195,0,0,2020-08-29,451306.1702025497
75+,Yorkshire_and_The_Humber,195,0,0,2020-08-29,366510.79003192694
1-4,Yorkshire_and_The_Humber,196,0,0,2020-08-30,503965.09670831857
5-14,Yorkshire_and_The_Humber,196,0,0,2020-08-30,145920.59651659982
15-24,Yorkshire_and_The_Humber,196,0,0,2020-08-30,1074440.3460863144
25-44,Yorkshire_and_The_Humber,196,0,0,2020-08-30,1109373.4794161317
45-64,Yorkshire_and_The_Humber,196,0,0,2020-08-30,510799.2358996739
65-74,Yorkshire_and_The_Humber,196,0,0,2020-08-30,451306.1702025497
75+,Yorkshire_and_The_Humber,196,0,0,2020-08-30,366510.79003192694
1-4,Yorkshire_and_The_Humber,197,0,0,2020-08-31,503965.09670831857
5-14,Yorkshire_and_The_Humber,197,0,0,2020-08-31,145920.59651659982
15-24,Yorkshire_and_The_Humber,197,0,0,2020-08-31,1074440.3460863144
25-44,Yorkshire_and_The_Humber,197,0,0,2020-08-31,1109373.4794161317
45-64,Yorkshire_and_The_Humber,197,0,0,2020-08-31,510799.2358996739
65-74,Yorkshire_and_The_Humber,197,0,0,2020-08-31,451306.1702025497
75+,Yorkshire_and_The_Humber,197,0,0,2020-08-31,366510.79003192694
1-4,Yorkshire_and_The_Humber,198,0,0,2020-09-01,503965.09670831857
5-14,Yorkshire_and_The_Humber,198,0,0,2020-09-01,145920.59651659982
15-24,Yorkshire_and_The_Humber,198,0,0,2020-09-01,1074440.3460863144
25-44,Yorkshire_and_The_Humber,198,0,0,2020-09-01,1109373.4794161317
45-64,Yorkshire_and_The_Humber,198,0,0,2020-09-01,510799.2358996739
65-74,Yorkshire_and_The_Humber,198,0,0,2020-09-01,451306.1702025497
75+,Yorkshire_and_The_Humber,198,0,0,2020-09-01,366510.79003192694
1-4,Yorkshire_and_The_Humber,199,0,0,2020-09-02,503965.09670831857
5-14,Yorkshire_and_The_Humber,199,6.858944832205987,0.514681747014574,2020-09-02,145920.59651659982
15-24,Yorkshire_and_The_Humber,199,8.256308246897422,0.4488680675634418,2020-09-02,1074440.3460863144
25-44,Yorkshire_and_The_Humber,199,7.744667291417639,0.43948428045096427,2020-09-02,1109373.4794161317
45-64,Yorkshire_and_The_Humber,199,7.167897552011543,0.47888250790179476,2020-09-02,510799.2358996739
65-74,Yorkshire_and_The_Humber,199,6.810418440251426,0.2711044425088365,2020-09-02,451306.1702025497
75+,Yorkshire_and_The_Humber,199,6.697608358437927,0.33626656992447146,2020-09-02,366510.79003192694
1-4,Yorkshire_and_The_Humber,200,0,0,2020-09-03,503965.09670831857
5-14,Yorkshire_and_The_Humber,200,0,0,2020-09-03,145920.59651659982
15-24,Yorkshire_and_The_Humber,200,0,0,2020-09-03,1074440.3460863144
25-44,Yorkshire_and_The_Humber,200,0,0,2020-09-03,1109373.4794161317
45-64,Yorkshire_and_The_Humber,200,0,0,2020-09-03,510799.2358996739
65-74,Yorkshire_and_The_Humber,200,0,0,2020-09-03,451306.1702025497
75+,Yorkshire_and_The_Humber,200,0,0,2020-09-03,366510.79003192694
1-4,Yorkshire_and_The_Humber,201,0,0,2020-09-04,503965.09670831857
5-14,Yorkshire_and_The_Humber,201,0,0,2020-09-04,145920.59651659982
15-24,Yorkshire_and_The_Humber,201,0,0,2020-09-04,1074440.3460863144
25-44,Yorkshire_and_The_Humber,201,0,0,2020-09-04,1109373.4794161317
45-64,Yorkshire_and_The_Humber,201,0,0,2020-09-04,510799.2358996739
65-74,Yorkshire_and_The_Humber,201,0,0,2020-09-04,451306.1702025497
75+,Yorkshire_and_The_Humber,201,0,0,2020-09-04,366510.79003192694
1-4,Yorkshire_and_The_Humber,202,0,0,2020-09-05,503965.09670831857
5-14,Yorkshire_and_The_Humber,202,0,0,2020-09-05,145920.59651659982
15-24,Yorkshire_and_The_Humber,202,0,0,2020-09-05,1074440.3460863144
25-44,Yorkshire_and_The_Humber,202,0,0,2020-09-05,1109373.4794161317
45-64,Yorkshire_and_The_Humber,202,0,0,2020-09-05,510799.2358996739
65-74,Yorkshire_and_The_Humber,202,0,0,2020-09-05,451306.1702025497
75+,Yorkshire_and_The_Humber,202,0,0,2020-09-05,366510.79003192694
1-4,Yorkshire_and_The_Humber,203,0,0,2020-09-06,503965.09670831857
5-14,Yorkshire_and_The_Humber,203,0,0,2020-09-06,145920.59651659982
15-24,Yorkshire_and_The_Humber,203,0,0,2020-09-06,1074440.3460863144
25-44,Yorkshire_and_The_Humber,203,0,0,2020-09-06,1109373.4794161317
45-64,Yorkshire_and_The_Humber,203,0,0,2020-09-06,510799.2358996739
65-74,Yorkshire_and_The_Humber,203,0,0,2020-09-06,451306.1702025497
75+,Yorkshire_and_The_Humber,203,0,0,2020-09-06,366510.79003192694
1-4,Yorkshire_and_The_Humber,204,0,0,2020-09-07,503965.09670831857
5-14,Yorkshire_and_The_Humber,204,0,0,2020-09-07,145920.59651659982
15-24,Yorkshire_and_The_Humber,204,0,0,2020-09-07,1074440.3460863144
25-44,Yorkshire_and_The_Humber,204,0,0,2020-09-07,1109373.4794161317
45-64,Yorkshire_and_The_Humber,204,0,0,2020-09-07,510799.2358996739
65-74,Yorkshire_and_The_Humber,204,0,0,2020-09-07,451306.1702025497
75+,Yorkshire_and_The_Humber,204,0,0,2020-09-07,366510.79003192694
1-4,Yorkshire_and_The_Humber,205,0,0,2020-09-08,503965.09670831857
5-14,Yorkshire_and_The_Humber,205,0,0,2020-09-08,145920.59651659982
15-24,Yorkshire_and_The_Humber,205,0,0,2020-09-08,1074440.3460863144
25-44,Yorkshire_and_The_Humber,205,0,0,2020-09-08,1109373.4794161317
45-64,Yorkshire_and_The_Humber,205,0,0,2020-09-08,510799.2358996739
65-74,Yorkshire_and_The_Humber,205,0,0,2020-09-08,451306.1702025497
75+,Yorkshire_and_The_Humber,205,0,0,2020-09-08,366510.79003192694
1-4,Yorkshire_and_The_Humber,206,0,0,2020-09-09,503965.09670831857
5-14,Yorkshire_and_The_Humber,206,0,0,2020-09-09,145920.59651659982
15-24,Yorkshire_and_The_Humber,206,0,0,2020-09-09,1074440.3460863144
25-44,Yorkshire_and_The_Humber,206,0,0,2020-09-09,1109373.4794161317
45-64,Yorkshire_and_The_Humber,206,0,0,2020-09-09,510799.2358996739
65-74,Yorkshire_and_The_Humber,206,0,0,2020-09-09,451306.1702025497
75+,Yorkshire_and_The_Humber,206,0,0,2020-09-09,366510.79003192694
1-4,Yorkshire_and_The_Humber,207,0,0,2020-09-10,503965.09670831857
5-14,Yorkshire_and_The_Humber,207,0,0,2020-09-10,145920.59651659982
15-24,Yorkshire_and_The_Humber,207,0,0,2020-09-10,1074440.3460863144
25-44,Yorkshire_and_The_Humber,207,0,0,2020-09-10,1109373.4794161317
45-64,Yorkshire_and_The_Humber,207,0,0,2020-09-10,510799.2358996739
65-74,Yorkshire_and_The_Humber,207,0,0,2020-09-10,451306.1702025497
75+,Yorkshire_and_The_Humber,207,0,0,2020-09-10,366510.79003192694
1-4,Yorkshire_and_The_Humber,208,0,0,2020-09-11,503965.09670831857
5-14,Yorkshire_and_The_Humber,208,0,0,2020-09-11,145920.59651659982
15-24,Yorkshire_and_The_Humber,208,0,0,2020-09-11,1074440.3460863144
25-44,Yorkshire_and_The_Humber,208,0,0,2020-09-11,1109373.4794161317
45-64,Yorkshire_and_The_Humber,208,0,0,2020-09-11,510799.2358996739
65-74,Yorkshire_and_The_Humber,208,0,0,2020-09-11,451306.1702025497
75+,Yorkshire_and_The_Humber,208,0,0,2020-09-11,366510.79003192694
1-4,Yorkshire_and_The_Humber,209,0,0,2020-09-12,503965.09670831857
5-14,Yorkshire_and_The_Humber,209,0,0,2020-09-12,145920.59651659982
15-24,Yorkshire_and_The_Humber,209,0,0,2020-09-12,1074440.3460863144
25-44,Yorkshire_and_The_Humber,209,0,0,2020-09-12,1109373.4794161317
45-64,Yorkshire_and_The_Humber,209,0,0,2020-09-12,510799.2358996739
65-74,Yorkshire_and_The_Humber,209,0,0,2020-09-12,451306.1702025497
75+,Yorkshire_and_The_Humber,209,0,0,2020-09-12,366510.79003192694
1-4,Yorkshire_and_The_Humber,210,0,0,2020-09-13,503965.09670831857
5-14,Yorkshire_and_The_Humber,210,0,0,2020-09-13,145920.59651659982
15-24,Yorkshire_and_The_Humber,210,0,0,2020-09-13,1074440.3460863144
25-44,Yorkshire_and_The_Humber,210,0,0,2020-09-13,1109373.4794161317
45-64,Yorkshire_and_The_Humber,210,0,0,2020-09-13,510799.2358996739
65-74,Yorkshire_and_The_Humber,210,0,0,2020-09-13,451306.1702025497
75+,Yorkshire_and_The_Humber,210,0,0,2020-09-13,366510.79003192694
1-4,Yorkshire_and_The_Humber,211,0,0,2020-09-14,503965.09670831857
5-14,Yorkshire_and_The_Humber,211,0,0,2020-09-14,145920.59651659982
15-24,Yorkshire_and_The_Humber,211,0,0,2020-09-14,1074440.3460863144
25-44,Yorkshire_and_The_Humber,211,0,0,2020-09-14,1109373.4794161317
45-64,Yorkshire_and_The_Humber,211,0,0,2020-09-14,510799.2358996739
65-74,Yorkshire_and_The_Humber,211,0,0,2020-09-14,451306.1702025497
75+,Yorkshire_and_The_Humber,211,0,0,2020-09-14,366510.79003192694
1-4,Yorkshire_and_The_Humber,212,0,0,2020-09-15,503965.09670831857
5-14,Yorkshire_and_The_Humber,212,0,0,2020-09-15,145920.59651659982
15-24,Yorkshire_and_The_Humber,212,0,0,2020-09-15,1074440.3460863144
25-44,Yorkshire_and_The_Humber,212,0,0,2020-09-15,1109373.4794161317
45-64,Yorkshire_and_The_Humber,212,0,0,2020-09-15,510799.2358996739
65-74,Yorkshire_and_The_Humber,212,0,0,2020-09-15,451306.1702025497
75+,Yorkshire_and_The_Humber,212,0,0,2020-09-15,366510.79003192694
1-4,Yorkshire_and_The_Humber,213,0,0,2020-09-16,503965.09670831857
5-14,Yorkshire_and_The_Humber,213,6.793134588961683,0.4932145507688681,2020-09-16,145920.59651659982
15-24,Yorkshire_and_The_Humber,213,8.392519396020397,0.43091915445919504,2020-09-16,1074440.3460863144
25-44,Yorkshire_and_The_Humber,213,8.37573351933914,0.41478568810740346,2020-09-16,1109373.4794161317
45-64,Yorkshire_and_The_Humber,213,7.443923095090946,0.4477023364614131,2020-09-16,510799.2358996739
65-74,Yorkshire_and_The_Humber,213,7.178452309952648,0.22250188177111685,2020-09-16,451306.1702025497
75+,Yorkshire_and_The_Humber,213,6.864172466504105,0.29150909093157235,2020-09-16,366510.79003192694
1-4,Yorkshire_and_The_Humber,214,0,0,2020-09-17,503965.09670831857
5-14,Yorkshire_and_The_Humber,214,0,0,2020-09-17,145920.59651659982
15-24,Yorkshire_and_The_Humber,214,0,0,2020-09-17,1074440.3460863144
25-44,Yorkshire_and_The_Humber,214,0,0,2020-09-17,1109373.4794161317
45-64,Yorkshire_and_The_Humber,214,0,0,2020-09-17,510799.2358996739
65-74,Yorkshire_and_The_Humber,214,0,0,2020-09-17,451306.1702025497
75+,Yorkshire_and_The_Humber,214,0,0,2020-09-17,366510.79003192694
1-4,Yorkshire_and_The_Humber,215,0,0,2020-09-18,503965.09670831857
5-14,Yorkshire_and_The_Humber,215,0,0,2020-09-18,145920.59651659982
15-24,Yorkshire_and_The_Humber,215,0,0,2020-09-18,1074440.3460863144
25-44,Yorkshire_and_The_Humber,215,0,0,2020-09-18,1109373.4794161317
45-64,Yorkshire_and_The_Humber,215,0,0,2020-09-18,510799.2358996739
65-74,Yorkshire_and_The_Humber,215,0,0,2020-09-18,451306.1702025497
75+,Yorkshire_and_The_Humber,215,0,0,2020-09-18,366510.79003192694
1-4,Yorkshire_and_The_Humber,216,0,0,2020-09-19,503965.09670831857
5-14,Yorkshire_and_The_Humber,216,0,0,2020-09-19,145920.59651659982
15-24,Yorkshire_and_The_Humber,216,0,0,2020-09-19,1074440.3460863144
25-44,Yorkshire_and_The_Humber,216,0,0,2020-09-19,1109373.4794161317
45-64,Yorkshire_and_The_Humber,216,0,0,2020-09-19,510799.2358996739
65-74,Yorkshire_and_The_Humber,216,0,0,2020-09-19,451306.1702025497
75+,Yorkshire_and_The_Humber,216,0,0,2020-09-19,366510.79003192694
1-4,Yorkshire_and_The_Humber,217,0,0,2020-09-20,503965.09670831857
5-14,Yorkshire_and_The_Humber,217,0,0,2020-09-20,145920.59651659982
15-24,Yorkshire_and_The_Humber,217,0,0,2020-09-20,1074440.3460863144
25-44,Yorkshire_and_The_Humber,217,0,0,2020-09-20,1109373.4794161317
45-64,Yorkshire_and_The_Humber,217,0,0,2020-09-20,510799.2358996739
65-74,Yorkshire_and_The_Humber,217,0,0,2020-09-20,451306.1702025497
75+,Yorkshire_and_The_Humber,217,0,0,2020-09-20,366510.79003192694
1-4,Yorkshire_and_The_Humber,218,0,0,2020-09-21,503965.09670831857
5-14,Yorkshire_and_The_Humber,218,0,0,2020-09-21,145920.59651659982
15-24,Yorkshire_and_The_Humber,218,0,0,2020-09-21,1074440.3460863144
25-44,Yorkshire_and_The_Humber,218,0,0,2020-09-21,1109373.4794161317
45-64,Yorkshire_and_The_Humber,218,0,0,2020-09-21,510799.2358996739
65-74,Yorkshire_and_The_Humber,218,0,0,2020-09-21,451306.1702025497
75+,Yorkshire_and_The_Humber,218,0,0,2020-09-21,366510.79003192694
1-4,Yorkshire_and_The_Humber,219,0,0,2020-09-22,503965.09670831857
5-14,Yorkshire_and_The_Humber,219,0,0,2020-09-22,145920.59651659982
15-24,Yorkshire_and_The_Humber,219,0,0,2020-09-22,1074440.3460863144
25-44,Yorkshire_and_The_Humber,219,0,0,2020-09-22,1109373.4794161317
45-64,Yorkshire_and_The_Humber,219,0,0,2020-09-22,510799.2358996739
65-74,Yorkshire_and_The_Humber,219,0,0,2020-09-22,451306.1702025497
75+,Yorkshire_and_The_Humber,219,0,0,2020-09-22,366510.79003192694
1-4,Yorkshire_and_The_Humber,220,0,0,2020-09-23,503965.09670831857
5-14,Yorkshire_and_The_Humber,220,0,0,2020-09-23,145920.59651659982
15-24,Yorkshire_and_The_Humber,220,0,0,2020-09-23,1074440.3460863144
25-44,Yorkshire_and_The_Humber,220,0,0,2020-09-23,1109373.4794161317
45-64,Yorkshire_and_The_Humber,220,0,0,2020-09-23,510799.2358996739
65-74,Yorkshire_and_The_Humber,220,0,0,2020-09-23,451306.1702025497
75+,Yorkshire_and_The_Humber,220,0,0,2020-09-23,366510.79003192694
1-4,Yorkshire_and_The_Humber,221,0,0,2020-09-24,503965.09670831857
5-14,Yorkshire_and_The_Humber,221,0,0,2020-09-24,145920.59651659982
15-24,Yorkshire_and_The_Humber,221,0,0,2020-09-24,1074440.3460863144
25-44,Yorkshire_and_The_Humber,221,0,0,2020-09-24,1109373.4794161317
45-64,Yorkshire_and_The_Humber,221,0,0,2020-09-24,510799.2358996739
65-74,Yorkshire_and_The_Humber,221,0,0,2020-09-24,451306.1702025497
75+,Yorkshire_and_The_Humber,221,0,0,2020-09-24,366510.79003192694
1-4,Yorkshire_and_The_Humber,222,0,0,2020-09-25,503965.09670831857
5-14,Yorkshire_and_The_Humber,222,0,0,2020-09-25,145920.59651659982
15-24,Yorkshire_and_The_Humber,222,0,0,2020-09-25,1074440.3460863144
25-44,Yorkshire_and_The_Humber,222,0,0,2020-09-25,1109373.4794161317
45-64,Yorkshire_and_The_Humber,222,0,0,2020-09-25,510799.2358996739
65-74,Yorkshire_and_The_Humber,222,0,0,2020-09-25,451306.1702025497
75+,Yorkshire_and_The_Humber,222,0,0,2020-09-25,366510.79003192694
1-4,Yorkshire_and_The_Humber,223,0,0,2020-09-26,503965.09670831857
5-14,Yorkshire_and_The_Humber,223,0,0,2020-09-26,145920.59651659982
15-24,Yorkshire_and_The_Humber,223,0,0,2020-09-26,1074440.3460863144
25-44,Yorkshire_and_The_Humber,223,0,0,2020-09-26,1109373.4794161317
45-64,Yorkshire_and_The_Humber,223,0,0,2020-09-26,510799.2358996739
65-74,Yorkshire_and_The_Humber,223,0,0,2020-09-26,451306.1702025497
75+,Yorkshire_and_The_Humber,223,0,0,2020-09-26,366510.79003192694
1-4,Yorkshire_and_The_Humber,224,0,0,2020-09-27,503965.09670831857
5-14,Yorkshire_and_The_Humber,224,0,0,2020-09-27,145920.59651659982
15-24,Yorkshire_and_The_Humber,224,0,0,2020-09-27,1074440.3460863144
25-44,Yorkshire_and_The_Humber,224,0,0,2020-09-27,1109373.4794161317
45-64,Yorkshire_and_The_Humber,224,0,0,2020-09-27,510799.2358996739
65-74,Yorkshire_and_The_Humber,224,0,0,2020-09-27,451306.1702025497
75+,Yorkshire_and_The_Humber,224,0,0,2020-09-27,366510.79003192694
1-4,Yorkshire_and_The_Humber,225,0,0,2020-09-28,503965.09670831857
5-14,Yorkshire_and_The_Humber,225,0,0,2020-09-28,145920.59651659982
15-24,Yorkshire_and_The_Humber,225,0,0,2020-09-28,1074440.3460863144
25-44,Yorkshire_and_The_Humber,225,0,0,2020-09-28,1109373.4794161317
45-64,Yorkshire_and_The_Humber,225,0,0,2020-09-28,510799.2358996739
65-74,Yorkshire_and_The_Humber,225,0,0,2020-09-28,451306.1702025497
75+,Yorkshire_and_The_Humber,225,0,0,2020-09-28,366510.79003192694
1-4,Yorkshire_and_The_Humber,226,0,0,2020-09-29,503965.09670831857
5-14,Yorkshire_and_The_Humber,226,0,0,2020-09-29,145920.59651659982
15-24,Yorkshire_and_The_Humber,226,0,0,2020-09-29,1074440.3460863144
25-44,Yorkshire_and_The_Humber,226,0,0,2020-09-29,1109373.4794161317
45-64,Yorkshire_and_The_Humber,226,0,0,2020-09-29,510799.2358996739
65-74,Yorkshire_and_The_Humber,226,0,0,2020-09-29,451306.1702025497
75+,Yorkshire_and_The_Humber,226,0,0,2020-09-29,366510.79003192694
1-4,Yorkshire_and_The_Humber,227,0,0,2020-09-30,503965.09670831857
5-14,Yorkshire_and_The_Humber,227,6.937431973206285,0.4747138242197716,2020-09-30,145920.59651659982
15-24,Yorkshire_and_The_Humber,227,8.99805118406547,0.4056906378987657,2020-09-30,1074440.3460863144
25-44,Yorkshire_and_The_Humber,227,9.03932575636987,0.3966245099577256,2020-09-30,1109373.4794161317
45-64,Yorkshire_and_The_Humber,227,8.042227130857974,0.4209339126514778,2020-09-30,510799.2358996739
65-74,Yorkshire_and_The_Humber,227,7.716735168571356,0.16592753822344466,2020-09-30,451306.1702025497
75+,Yorkshire_and_The_Humber,227,7.347257297331328,0.22222980950448767,2020-09-30,366510.79003192694
1-4,Yorkshire_and_The_Humber,228,0,0,2020-10-01,503965.09670831857
5-14,Yorkshire_and_The_Humber,228,0,0,2020-10-01,145920.59651659982
15-24,Yorkshire_and_The_Humber,228,0,0,2020-10-01,1074440.3460863144
25-44,Yorkshire_and_The_Humber,228,0,0,2020-10-01,1109373.4794161317
45-64,Yorkshire_and_The_Humber,228,0,0,2020-10-01,510799.2358996739
65-74,Yorkshire_and_The_Humber,228,0,0,2020-10-01,451306.1702025497
75+,Yorkshire_and_The_Humber,228,0,0,2020-10-01,366510.79003192694
1-4,Yorkshire_and_The_Humber,229,0,0,2020-10-02,503965.09670831857
5-14,Yorkshire_and_The_Humber,229,0,0,2020-10-02,145920.59651659982
15-24,Yorkshire_and_The_Humber,229,0,0,2020-10-02,1074440.3460863144
25-44,Yorkshire_and_The_Humber,229,0,0,2020-10-02,1109373.4794161317
45-64,Yorkshire_and_The_Humber,229,0,0,2020-10-02,510799.2358996739
65-74,Yorkshire_and_The_Humber,229,0,0,2020-10-02,451306.1702025497
75+,Yorkshire_and_The_Humber,229,0,0,2020-10-02,366510.79003192694
1-4,Yorkshire_and_The_Humber,230,0,0,2020-10-03,503965.09670831857
5-14,Yorkshire_and_The_Humber,230,0,0,2020-10-03,145920.59651659982
15-24,Yorkshire_and_The_Humber,230,0,0,2020-10-03,1074440.3460863144
25-44,Yorkshire_and_The_Humber,230,0,0,2020-10-03,1109373.4794161317
45-64,Yorkshire_and_The_Humber,230,0,0,2020-10-03,510799.2358996739
65-74,Yorkshire_and_The_Humber,230,0,0,2020-10-03,451306.1702025497
75+,Yorkshire_and_The_Humber,230,0,0,2020-10-03,366510.79003192694
1-4,Yorkshire_and_The_Humber,231,0,0,2020-10-04,503965.09670831857
5-14,Yorkshire_and_The_Humber,231,0,0,2020-10-04,145920.59651659982
15-24,Yorkshire_and_The_Humber,231,0,0,2020-10-04,1074440.3460863144
25-44,Yorkshire_and_The_Humber,231,0,0,2020-10-04,1109373.4794161317
45-64,Yorkshire_and_The_Humber,231,0,0,2020-10-04,510799.2358996739
65-74,Yorkshire_and_The_Humber,231,0,0,2020-10-04,451306.1702025497
75+,Yorkshire_and_The_Humber,231,0,0,2020-10-04,366510.79003192694
1-4,Yorkshire_and_The_Humber,232,0,0,2020-10-05,503965.09670831857
5-14,Yorkshire_and_The_Humber,232,0,0,2020-10-05,145920.59651659982
15-24,Yorkshire_and_The_Humber,232,0,0,2020-10-05,1074440.3460863144
25-44,Yorkshire_and_The_Humber,232,0,0,2020-10-05,1109373.4794161317
45-64,Yorkshire_and_The_Humber,232,0,0,2020-10-05,510799.2358996739
65-74,Yorkshire_and_The_Humber,232,0,0,2020-10-05,451306.1702025497
75+,Yorkshire_and_The_Humber,232,0,0,2020-10-05,366510.79003192694
1-4,Yorkshire_and_The_Humber,233,0,0,2020-10-06,503965.09670831857
5-14,Yorkshire_and_The_Humber,233,0,0,2020-10-06,145920.59651659982
15-24,Yorkshire_and_The_Humber,233,0,0,2020-10-06,1074440.3460863144
25-44,Yorkshire_and_The_Humber,233,0,0,2020-10-06,1109373.4794161317
45-64,Yorkshire_and_The_Humber,233,0,0,2020-10-06,510799.2358996739
65-74,Yorkshire_and_The_Humber,233,0,0,2020-10-06,451306.1702025497
75+,Yorkshire_and_The_Humber,233,0,0,2020-10-06,366510.79003192694
1-4,Yorkshire_and_The_Humber,234,0,0,2020-10-07,503965.09670831857
5-14,Yorkshire_and_The_Humber,234,0,0,2020-10-07,145920.59651659982
15-24,Yorkshire_and_The_Humber,234,0,0,2020-10-07,1074440.3460863144
25-44,Yorkshire_and_The_Humber,234,0,0,2020-10-07,1109373.4794161317
45-64,Yorkshire_and_The_Humber,234,0,0,2020-10-07,510799.2358996739
65-74,Yorkshire_and_The_Humber,234,0,0,2020-10-07,451306.1702025497
75+,Yorkshire_and_The_Humber,234,0,0,2020-10-07,366510.79003192694
1-4,Yorkshire_and_The_Humber,235,0,0,2020-10-08,503965.09670831857
5-14,Yorkshire_and_The_Humber,235,0,0,2020-10-08,145920.59651659982
15-24,Yorkshire_and_The_Humber,235,0,0,2020-10-08,1074440.3460863144
25-44,Yorkshire_and_The_Humber,235,0,0,2020-10-08,1109373.4794161317
45-64,Yorkshire_and_The_Humber,235,0,0,2020-10-08,510799.2358996739
65-74,Yorkshire_and_The_Humber,235,0,0,2020-10-08,451306.1702025497
75+,Yorkshire_and_The_Humber,235,0,0,2020-10-08,366510.79003192694
1-4,Yorkshire_and_The_Humber,236,0,0,2020-10-09,503965.09670831857
5-14,Yorkshire_and_The_Humber,236,0,0,2020-10-09,145920.59651659982
15-24,Yorkshire_and_The_Humber,236,0,0,2020-10-09,1074440.3460863144
25-44,Yorkshire_and_The_Humber,236,0,0,2020-10-09,1109373.4794161317
45-64,Yorkshire_and_The_Humber,236,0,0,2020-10-09,510799.2358996739
65-74,Yorkshire_and_The_Humber,236,0,0,2020-10-09,451306.1702025497
75+,Yorkshire_and_The_Humber,236,0,0,2020-10-09,366510.79003192694
1-4,Yorkshire_and_The_Humber,237,0,0,2020-10-10,503965.09670831857
5-14,Yorkshire_and_The_Humber,237,0,0,2020-10-10,145920.59651659982
15-24,Yorkshire_and_The_Humber,237,0,0,2020-10-10,1074440.3460863144
25-44,Yorkshire_and_The_Humber,237,0,0,2020-10-10,1109373.4794161317
45-64,Yorkshire_and_The_Humber,237,0,0,2020-10-10,510799.2358996739
65-74,Yorkshire_and_The_Humber,237,0,0,2020-10-10,451306.1702025497
75+,Yorkshire_and_The_Humber,237,0,0,2020-10-10,366510.79003192694
1-4,Yorkshire_and_The_Humber,238,0,0,2020-10-11,503965.09670831857
5-14,Yorkshire_and_The_Humber,238,0,0,2020-10-11,145920.59651659982
15-24,Yorkshire_and_The_Humber,238,0,0,2020-10-11,1074440.3460863144
25-44,Yorkshire_and_The_Humber,238,0,0,2020-10-11,1109373.4794161317
45-64,Yorkshire_and_The_Humber,238,0,0,2020-10-11,510799.2358996739
65-74,Yorkshire_and_The_Humber,238,0,0,2020-10-11,451306.1702025497
75+,Yorkshire_and_The_Humber,238,0,0,2020-10-11,366510.79003192694
1-4,Yorkshire_and_The_Humber,239,0,0,2020-10-12,503965.09670831857
5-14,Yorkshire_and_The_Humber,239,0,0,2020-10-12,145920.59651659982
15-24,Yorkshire_and_The_Humber,239,0,0,2020-10-12,1074440.3460863144
25-44,Yorkshire_and_The_Humber,239,0,0,2020-10-12,1109373.4794161317
45-64,Yorkshire_and_The_Humber,239,0,0,2020-10-12,510799.2358996739
65-74,Yorkshire_and_The_Humber,239,0,0,2020-10-12,451306.1702025497
75+,Yorkshire_and_The_Humber,239,0,0,2020-10-12,366510.79003192694
1-4,Yorkshire_and_The_Humber,240,0,0,2020-10-13,503965.09670831857
5-14,Yorkshire_and_The_Humber,240,0,0,2020-10-13,145920.59651659982
15-24,Yorkshire_and_The_Humber,240,0,0,2020-10-13,1074440.3460863144
25-44,Yorkshire_and_The_Humber,240,0,0,2020-10-13,1109373.4794161317
45-64,Yorkshire_and_The_Humber,240,0,0,2020-10-13,510799.2358996739
65-74,Yorkshire_and_The_Humber,240,0,0,2020-10-13,451306.1702025497
75+,Yorkshire_and_The_Humber,240,0,0,2020-10-13,366510.79003192694
1-4,Yorkshire_and_The_Humber,241,0,0,2020-10-14,503965.09670831857
5-14,Yorkshire_and_The_Humber,241,7.0523233088726895,0.47003756946416403,2020-10-14,145920.59651659982
15-24,Yorkshire_and_The_Humber,241,9.80600946515219,0.392908619825239,2020-10-14,1074440.3460863144
25-44,Yorkshire_and_The_Humber,241,9.596405579681385,0.387995281613172,2020-10-14,1109373.4794161317
45-64,Yorkshire_and_The_Humber,241,8.668951176779915,0.40812911763057824,2020-10-14,510799.2358996739
65-74,Yorkshire_and_The_Humber,241,8.415274497229905,0.12076957940339395,2020-10-14,451306.1702025497
75+,Yorkshire_and_The_Humber,241,7.905334182736774,0.1718374712831918,2020-10-14,366510.79003192694
1-4,Yorkshire_and_The_Humber,242,0,0,2020-10-15,503965.09670831857
5-14,Yorkshire_and_The_Humber,242,0,0,2020-10-15,145920.59651659982
15-24,Yorkshire_and_The_Humber,242,0,0,2020-10-15,1074440.3460863144
25-44,Yorkshire_and_The_Humber,242,0,0,2020-10-15,1109373.4794161317
45-64,Yorkshire_and_The_Humber,242,0,0,2020-10-15,510799.2358996739
65-74,Yorkshire_and_The_Humber,242,0,0,2020-10-15,451306.1702025497
75+,Yorkshire_and_The_Humber,242,0,0,2020-10-15,366510.79003192694
1-4,Yorkshire_and_The_Humber,243,0,0,2020-10-16,503965.09670831857
5-14,Yorkshire_and_The_Humber,243,0,0,2020-10-16,145920.59651659982
15-24,Yorkshire_and_The_Humber,243,0,0,2020-10-16,1074440.3460863144
25-44,Yorkshire_and_The_Humber,243,0,0,2020-10-16,1109373.4794161317
45-64,Yorkshire_and_The_Humber,243,0,0,2020-10-16,510799.2358996739
65-74,Yorkshire_and_The_Humber,243,0,0,2020-10-16,451306.1702025497
75+,Yorkshire_and_The_Humber,243,0,0,2020-10-16,366510.79003192694
1-4,Yorkshire_and_The_Humber,244,0,0,2020-10-17,503965.09670831857
5-14,Yorkshire_and_The_Humber,244,0,0,2020-10-17,145920.59651659982
15-24,Yorkshire_and_The_Humber,244,0,0,2020-10-17,1074440.3460863144
25-44,Yorkshire_and_The_Humber,244,0,0,2020-10-17,1109373.4794161317
45-64,Yorkshire_and_The_Humber,244,0,0,2020-10-17,510799.2358996739
65-74,Yorkshire_and_The_Humber,244,0,0,2020-10-17,451306.1702025497
75+,Yorkshire_and_The_Humber,244,0,0,2020-10-17,366510.79003192694
1-4,Yorkshire_and_The_Humber,245,0,0,2020-10-18,503965.09670831857
5-14,Yorkshire_and_The_Humber,245,0,0,2020-10-18,145920.59651659982
15-24,Yorkshire_and_The_Humber,245,0,0,2020-10-18,1074440.3460863144
25-44,Yorkshire_and_The_Humber,245,0,0,2020-10-18,1109373.4794161317
45-64,Yorkshire_and_The_Humber,245,0,0,2020-10-18,510799.2358996739
65-74,Yorkshire_and_The_Humber,245,0,0,2020-10-18,451306.1702025497
75+,Yorkshire_and_The_Humber,245,0,0,2020-10-18,366510.79003192694
1-4,Yorkshire_and_The_Humber,246,0,0,2020-10-19,503965.09670831857
5-14,Yorkshire_and_The_Humber,246,0,0,2020-10-19,145920.59651659982
15-24,Yorkshire_and_The_Humber,246,0,0,2020-10-19,1074440.3460863144
25-44,Yorkshire_and_The_Humber,246,0,0,2020-10-19,1109373.4794161317
45-64,Yorkshire_and_The_Humber,246,0,0,2020-10-19,510799.2358996739
65-74,Yorkshire_and_The_Humber,246,0,0,2020-10-19,451306.1702025497
75+,Yorkshire_and_The_Humber,246,0,0,2020-10-19,366510.79003192694
1-4,Yorkshire_and_The_Humber,247,0,0,2020-10-20,503965.09670831857
5-14,Yorkshire_and_The_Humber,247,0,0,2020-10-20,145920.59651659982
15-24,Yorkshire_and_The_Humber,247,0,0,2020-10-20,1074440.3460863144
25-44,Yorkshire_and_The_Humber,247,0,0,2020-10-20,1109373.4794161317
45-64,Yorkshire_and_The_Humber,247,0,0,2020-10-20,510799.2358996739
65-74,Yorkshire_and_The_Humber,247,0,0,2020-10-20,451306.1702025497
75+,Yorkshire_and_The_Humber,247,0,0,2020-10-20,366510.79003192694
1-4,Yorkshire_and_The_Humber,248,0,0,2020-10-21,503965.09670831857
5-14,Yorkshire_and_The_Humber,248,0,0,2020-10-21,145920.59651659982
15-24,Yorkshire_and_The_Humber,248,0,0,2020-10-21,1074440.3460863144
25-44,Yorkshire_and_The_Humber,248,0,0,2020-10-21,1109373.4794161317
45-64,Yorkshire_and_The_Humber,248,0,0,2020-10-21,510799.2358996739
65-74,Yorkshire_and_The_Humber,248,0,0,2020-10-21,451306.1702025497
75+,Yorkshire_and_The_Humber,248,0,0,2020-10-21,366510.79003192694
1-4,Yorkshire_and_The_Humber,249,0,0,2020-10-22,503965.09670831857
5-14,Yorkshire_and_The_Humber,249,0,0,2020-10-22,145920.59651659982
15-24,Yorkshire_and_The_Humber,249,0,0,2020-10-22,1074440.3460863144
25-44,Yorkshire_and_The_Humber,249,0,0,2020-10-22,1109373.4794161317
45-64,Yorkshire_and_The_Humber,249,0,0,2020-10-22,510799.2358996739
65-74,Yorkshire_and_The_Humber,249,0,0,2020-10-22,451306.1702025497
75+,Yorkshire_and_The_Humber,249,0,0,2020-10-22,366510.79003192694
1-4,Yorkshire_and_The_Humber,250,0,0,2020-10-23,503965.09670831857
5-14,Yorkshire_and_The_Humber,250,0,0,2020-10-23,145920.59651659982
15-24,Yorkshire_and_The_Humber,250,0,0,2020-10-23,1074440.3460863144
25-44,Yorkshire_and_The_Humber,250,0,0,2020-10-23,1109373.4794161317
45-64,Yorkshire_and_The_Humber,250,0,0,2020-10-23,510799.2358996739
65-74,Yorkshire_and_The_Humber,250,0,0,2020-10-23,451306.1702025497
75+,Yorkshire_and_The_Humber,250,0,0,2020-10-23,366510.79003192694
1-4,Yorkshire_and_The_Humber,251,0,0,2020-10-24,503965.09670831857
5-14,Yorkshire_and_The_Humber,251,0,0,2020-10-24,145920.59651659982
15-24,Yorkshire_and_The_Humber,251,0,0,2020-10-24,1074440.3460863144
25-44,Yorkshire_and_The_Humber,251,0,0,2020-10-24,1109373.4794161317
45-64,Yorkshire_and_The_Humber,251,0,0,2020-10-24,510799.2358996739
65-74,Yorkshire_and_The_Humber,251,0,0,2020-10-24,451306.1702025497
75+,Yorkshire_and_The_Humber,251,0,0,2020-10-24,366510.79003192694
1-4,Yorkshire_and_The_Humber,252,0,0,2020-10-25,503965.09670831857
5-14,Yorkshire_and_The_Humber,252,0,0,2020-10-25,145920.59651659982
15-24,Yorkshire_and_The_Humber,252,0,0,2020-10-25,1074440.3460863144
25-44,Yorkshire_and_The_Humber,252,0,0,2020-10-25,1109373.4794161317
45-64,Yorkshire_and_The_Humber,252,0,0,2020-10-25,510799.2358996739
65-74,Yorkshire_and_The_Humber,252,0,0,2020-10-25,451306.1702025497
75+,Yorkshire_and_The_Humber,252,0,0,2020-10-25,366510.79003192694
1-4,Yorkshire_and_The_Humber,253,0,0,2020-10-26,503965.09670831857
5-14,Yorkshire_and_The_Humber,253,0,0,2020-10-26,145920.59651659982
15-24,Yorkshire_and_The_Humber,253,0,0,2020-10-26,1074440.3460863144
25-44,Yorkshire_and_The_Humber,253,0,0,2020-10-26,1109373.4794161317
45-64,Yorkshire_and_The_Humber,253,0,0,2020-10-26,510799.2358996739
65-74,Yorkshire_and_The_Humber,253,0,0,2020-10-26,451306.1702025497
75+,Yorkshire_and_The_Humber,253,0,0,2020-10-26,366510.79003192694
1-4,Yorkshire_and_The_Humber,254,0,0,2020-10-27,503965.09670831857
5-14,Yorkshire_and_The_Humber,254,0,0,2020-10-27,145920.59651659982
15-24,Yorkshire_and_The_Humber,254,0,0,2020-10-27,1074440.3460863144
25-44,Yorkshire_and_The_Humber,254,0,0,2020-10-27,1109373.4794161317
45-64,Yorkshire_and_The_Humber,254,0,0,2020-10-27,510799.2358996739
65-74,Yorkshire_and_The_Humber,254,0,0,2020-10-27,451306.1702025497
75+,Yorkshire_and_The_Humber,254,0,0,2020-10-27,366510.79003192694
1-4,Yorkshire_and_The_Humber,255,0,0,2020-10-28,503965.09670831857
5-14,Yorkshire_and_The_Humber,255,7.124997333451152,0.46647113495859704,2020-10-28,145920.59651659982
15-24,Yorkshire_and_The_Humber,255,10.286186396965162,0.386818139786512,2020-10-28,1074440.3460863144
25-44,Yorkshire_and_The_Humber,255,10.09540844184661,0.38371544070436897,2020-10-28,1109373.4794161317
45-64,Yorkshire_and_The_Humber,255,9.070656135618314,0.4018333926959384,2020-10-28,510799.2358996739
65-74,Yorkshire_and_The_Humber,255,8.750472096814331,0.11401501861204988,2020-10-28,451306.1702025497
75+,Yorkshire_and_The_Humber,255,8.256084917429302,0.16531315556093132,2020-10-28,366510.79003192694
1-4,Yorkshire_and_The_Humber,256,0,0,2020-10-29,503965.09670831857
5-14,Yorkshire_and_The_Humber,256,0,0,2020-10-29,145920.59651659982
15-24,Yorkshire_and_The_Humber,256,0,0,2020-10-29,1074440.3460863144
25-44,Yorkshire_and_The_Humber,256,0,0,2020-10-29,1109373.4794161317
45-64,Yorkshire_and_The_Humber,256,0,0,2020-10-29,510799.2358996739
65-74,Yorkshire_and_The_Humber,256,0,0,2020-10-29,451306.1702025497
75+,Yorkshire_and_The_Humber,256,0,0,2020-10-29,366510.79003192694
1-4,Yorkshire_and_The_Humber,257,0,0,2020-10-30,503965.09670831857
5-14,Yorkshire_and_The_Humber,257,0,0,2020-10-30,145920.59651659982
15-24,Yorkshire_and_The_Humber,257,0,0,2020-10-30,1074440.3460863144
25-44,Yorkshire_and_The_Humber,257,0,0,2020-10-30,1109373.4794161317
45-64,Yorkshire_and_The_Humber,257,0,0,2020-10-30,510799.2358996739
65-74,Yorkshire_and_The_Humber,257,0,0,2020-10-30,451306.1702025497
75+,Yorkshire_and_The_Humber,257,0,0,2020-10-30,366510.79003192694
1-4,Yorkshire_and_The_Humber,258,0,0,2020-10-31,503965.09670831857
5-14,Yorkshire_and_The_Humber,258,0,0,2020-10-31,145920.59651659982
15-24,Yorkshire_and_The_Humber,258,0,0,2020-10-31,1074440.3460863144
25-44,Yorkshire_and_The_Humber,258,0,0,2020-10-31,1109373.4794161317
45-64,Yorkshire_and_The_Humber,258,0,0,2020-10-31,510799.2358996739
65-74,Yorkshire_and_The_Humber,258,0,0,2020-10-31,451306.1702025497
75+,Yorkshire_and_The_Humber,258,0,0,2020-10-31,366510.79003192694
1-4,Yorkshire_and_The_Humber,259,0,0,2020-11-01,503965.09670831857
5-14,Yorkshire_and_The_Humber,259,0,0,2020-11-01,145920.59651659982
15-24,Yorkshire_and_The_Humber,259,0,0,2020-11-01,1074440.3460863144
25-44,Yorkshire_and_The_Humber,259,0,0,2020-11-01,1109373.4794161317
45-64,Yorkshire_and_The_Humber,259,0,0,2020-11-01,510799.2358996739
65-74,Yorkshire_and_The_Humber,259,0,0,2020-11-01,451306.1702025497
75+,Yorkshire_and_The_Humber,259,0,0,2020-11-01,366510.79003192694
1-4,Yorkshire_and_The_Humber,260,0,0,2020-11-02,503965.09670831857
5-14,Yorkshire_and_The_Humber,260,0,0,2020-11-02,145920.59651659982
15-24,Yorkshire_and_The_Humber,260,0,0,2020-11-02,1074440.3460863144
25-44,Yorkshire_and_The_Humber,260,0,0,2020-11-02,1109373.4794161317
45-64,Yorkshire_and_The_Humber,260,0,0,2020-11-02,510799.2358996739
65-74,Yorkshire_and_The_Humber,260,0,0,2020-11-02,451306.1702025497
75+,Yorkshire_and_The_Humber,260,0,0,2020-11-02,366510.79003192694
1-4,Yorkshire_and_The_Humber,261,0,0,2020-11-03,503965.09670831857
5-14,Yorkshire_and_The_Humber,261,0,0,2020-11-03,145920.59651659982
15-24,Yorkshire_and_The_Humber,261,0,0,2020-11-03,1074440.3460863144
25-44,Yorkshire_and_The_Humber,261,0,0,2020-11-03,1109373.4794161317
45-64,Yorkshire_and_The_Humber,261,0,0,2020-11-03,510799.2358996739
65-74,Yorkshire_and_The_Humber,261,0,0,2020-11-03,451306.1702025497
75+,Yorkshire_and_The_Humber,261,0,0,2020-11-03,366510.79003192694
1-4,Yorkshire_and_The_Humber,262,0,0,2020-11-04,503965.09670831857
5-14,Yorkshire_and_The_Humber,262,0,0,2020-11-04,145920.59651659982
15-24,Yorkshire_and_The_Humber,262,0,0,2020-11-04,1074440.3460863144
25-44,Yorkshire_and_The_Humber,262,0,0,2020-11-04,1109373.4794161317
45-64,Yorkshire_and_The_Humber,262,0,0,2020-11-04,510799.2358996739
65-74,Yorkshire_and_The_Humber,262,0,0,2020-11-04,451306.1702025497
75+,Yorkshire_and_The_Humber,262,0,0,2020-11-04,366510.79003192694
1-4,Yorkshire_and_The_Humber,263,0,0,2020-11-05,503965.09670831857
5-14,Yorkshire_and_The_Humber,263,0,0,2020-11-05,145920.59651659982
15-24,Yorkshire_and_The_Humber,263,0,0,2020-11-05,1074440.3460863144
25-44,Yorkshire_and_The_Humber,263,0,0,2020-11-05,1109373.4794161317
45-64,Yorkshire_and_The_Humber,263,0,0,2020-11-05,510799.2358996739
65-74,Yorkshire_and_The_Humber,263,0,0,2020-11-05,451306.1702025497
75+,Yorkshire_and_The_Humber,263,0,0,2020-11-05,366510.79003192694
1-4,Yorkshire_and_The_Humber,264,0,0,2020-11-06,503965.09670831857
5-14,Yorkshire_and_The_Humber,264,0,0,2020-11-06,145920.59651659982
15-24,Yorkshire_and_The_Humber,264,0,0,2020-11-06,1074440.3460863144
25-44,Yorkshire_and_The_Humber,264,0,0,2020-11-06,1109373.4794161317
45-64,Yorkshire_and_The_Humber,264,0,0,2020-11-06,510799.2358996739
65-74,Yorkshire_and_The_Humber,264,0,0,2020-11-06,451306.1702025497
75+,Yorkshire_and_The_Humber,264,0,0,2020-11-06,366510.79003192694
1-4,Yorkshire_and_The_Humber,265,0,0,2020-11-07,503965.09670831857
5-14,Yorkshire_and_The_Humber,265,0,0,2020-11-07,145920.59651659982
15-24,Yorkshire_and_The_Humber,265,0,0,2020-11-07,1074440.3460863144
25-44,Yorkshire_and_The_Humber,265,0,0,2020-11-07,1109373.4794161317
45-64,Yorkshire_and_The_Humber,265,0,0,2020-11-07,510799.2358996739
65-74,Yorkshire_and_The_Humber,265,0,0,2020-11-07,451306.1702025497
75+,Yorkshire_and_The_Humber,265,0,0,2020-11-07,366510.79003192694
1-4,Yorkshire_and_The_Humber,266,0,0,2020-11-08,503965.09670831857
5-14,Yorkshire_and_The_Humber,266,0,0,2020-11-08,145920.59651659982
15-24,Yorkshire_and_The_Humber,266,0,0,2020-11-08,1074440.3460863144
25-44,Yorkshire_and_The_Humber,266,0,0,2020-11-08,1109373.4794161317
45-64,Yorkshire_and_The_Humber,266,0,0,2020-11-08,510799.2358996739
65-74,Yorkshire_and_The_Humber,266,0,0,2020-11-08,451306.1702025497
75+,Yorkshire_and_The_Humber,266,0,0,2020-11-08,366510.79003192694
1-4,Yorkshire_and_The_Humber,267,0,0,2020-11-09,503965.09670831857
5-14,Yorkshire_and_The_Humber,267,0,0,2020-11-09,145920.59651659982
15-24,Yorkshire_and_The_Humber,267,0,0,2020-11-09,1074440.3460863144
25-44,Yorkshire_and_The_Humber,267,0,0,2020-11-09,1109373.4794161317
45-64,Yorkshire_and_The_Humber,267,0,0,2020-11-09,510799.2358996739
65-74,Yorkshire_and_The_Humber,267,0,0,2020-11-09,451306.1702025497
75+,Yorkshire_and_The_Humber,267,0,0,2020-11-09,366510.79003192694
1-4,Yorkshire_and_The_Humber,268,0,0,2020-11-10,503965.09670831857
5-14,Yorkshire_and_The_Humber,268,0,0,2020-11-10,145920.59651659982
15-24,Yorkshire_and_The_Humber,268,0,0,2020-11-10,1074440.3460863144
25-44,Yorkshire_and_The_Humber,268,0,0,2020-11-10,1109373.4794161317
45-64,Yorkshire_and_The_Humber,268,0,0,2020-11-10,510799.2358996739
65-74,Yorkshire_and_The_Humber,268,0,0,2020-11-10,451306.1702025497
75+,Yorkshire_and_The_Humber,268,0,0,2020-11-10,366510.79003192694
1-4,Yorkshire_and_The_Humber,269,0,0,2020-11-11,503965.09670831857
5-14,Yorkshire_and_The_Humber,269,7.143035067537167,0.4639727042260133,2020-11-11,145920.59651659982
15-24,Yorkshire_and_The_Humber,269,10.21307742493157,0.3863203317823331,2020-11-11,1074440.3460863144
25-44,Yorkshire_and_The_Humber,269,10.228693157005615,0.38009319272443587,2020-11-11,1109373.4794161317
45-64,Yorkshire_and_The_Humber,269,9.092237659948212,0.39722233132661205,2020-11-11,510799.2358996739
65-74,Yorkshire_and_The_Humber,269,8.476263542151418,0.12525969670721182,2020-11-11,451306.1702025497
75+,Yorkshire_and_The_Humber,269,8.201052555875911,0.1674258969138561,2020-11-11,366510.79003192694
1-4,Yorkshire_and_The_Humber,270,0,0,2020-11-12,503965.09670831857
5-14,Yorkshire_and_The_Humber,270,0,0,2020-11-12,145920.59651659982
15-24,Yorkshire_and_The_Humber,270,0,0,2020-11-12,1074440.3460863144
25-44,Yorkshire_and_The_Humber,270,0,0,2020-11-12,1109373.4794161317
45-64,Yorkshire_and_The_Humber,270,0,0,2020-11-12,510799.2358996739
65-74,Yorkshire_and_The_Humber,270,0,0,2020-11-12,451306.1702025497
75+,Yorkshire_and_The_Humber,270,0,0,2020-11-12,366510.79003192694
1-4,Yorkshire_and_The_Humber,271,0,0,2020-11-13,503965.09670831857
5-14,Yorkshire_and_The_Humber,271,0,0,2020-11-13,145920.59651659982
15-24,Yorkshire_and_The_Humber,271,0,0,2020-11-13,1074440.3460863144
25-44,Yorkshire_and_The_Humber,271,0,0,2020-11-13,1109373.4794161317
45-64,Yorkshire_and_The_Humber,271,0,0,2020-11-13,510799.2358996739
65-74,Yorkshire_and_The_Humber,271,0,0,2020-11-13,451306.1702025497
75+,Yorkshire_and_The_Humber,271,0,0,2020-11-13,366510.79003192694
1-4,Yorkshire_and_The_Humber,272,0,0,2020-11-14,503965.09670831857
5-14,Yorkshire_and_The_Humber,272,0,0,2020-11-14,145920.59651659982
15-24,Yorkshire_and_The_Humber,272,0,0,2020-11-14,1074440.3460863144
25-44,Yorkshire_and_The_Humber,272,0,0,2020-11-14,1109373.4794161317
45-64,Yorkshire_and_The_Humber,272,0,0,2020-11-14,510799.2358996739
65-74,Yorkshire_and_The_Humber,272,0,0,2020-11-14,451306.1702025497
75+,Yorkshire_and_The_Humber,272,0,0,2020-11-14,366510.79003192694
1-4,Yorkshire_and_The_Humber,273,0,0,2020-11-15,503965.09670831857
5-14,Yorkshire_and_The_Humber,273,0,0,2020-11-15,145920.59651659982
15-24,Yorkshire_and_The_Humber,273,0,0,2020-11-15,1074440.3460863144
25-44,Yorkshire_and_The_Humber,273,0,0,2020-11-15,1109373.4794161317
45-64,Yorkshire_and_The_Humber,273,0,0,2020-11-15,510799.2358996739
65-74,Yorkshire_and_The_Humber,273,0,0,2020-11-15,451306.1702025497
75+,Yorkshire_and_The_Humber,273,0,0,2020-11-15,366510.79003192694
1-4,Yorkshire_and_The_Humber,274,0,0,2020-11-16,503965.09670831857
5-14,Yorkshire_and_The_Humber,274,0,0,2020-11-16,145920.59651659982
15-24,Yorkshire_and_The_Humber,274,0,0,2020-11-16,1074440.3460863144
25-44,Yorkshire_and_The_Humber,274,0,0,2020-11-16,1109373.4794161317
45-64,Yorkshire_and_The_Humber,274,0,0,2020-11-16,510799.2358996739
65-74,Yorkshire_and_The_Humber,274,0,0,2020-11-16,451306.1702025497
75+,Yorkshire_and_The_Humber,274,0,0,2020-11-16,366510.79003192694
1-4,Yorkshire_and_The_Humber,275,0,0,2020-11-17,503965.09670831857
5-14,Yorkshire_and_The_Humber,275,0,0,2020-11-17,145920.59651659982
15-24,Yorkshire_and_The_Humber,275,0,0,2020-11-17,1074440.3460863144
25-44,Yorkshire_and_The_Humber,275,0,0,2020-11-17,1109373.4794161317
45-64,Yorkshire_and_The_Humber,275,0,0,2020-11-17,510799.2358996739
65-74,Yorkshire_and_The_Humber,275,0,0,2020-11-17,451306.1702025497
75+,Yorkshire_and_The_Humber,275,0,0,2020-11-17,366510.79003192694
1-4,Yorkshire_and_The_Humber,276,0,0,2020-11-18,503965.09670831857
5-14,Yorkshire_and_The_Humber,276,0,0,2020-11-18,145920.59651659982
15-24,Yorkshire_and_The_Humber,276,0,0,2020-11-18,1074440.3460863144
25-44,Yorkshire_and_The_Humber,276,0,0,2020-11-18,1109373.4794161317
45-64,Yorkshire_and_The_Humber,276,0,0,2020-11-18,510799.2358996739
65-74,Yorkshire_and_The_Humber,276,0,0,2020-11-18,451306.1702025497
75+,Yorkshire_and_The_Humber,276,0,0,2020-11-18,366510.79003192694
1-4,Yorkshire_and_The_Humber,277,0,0,2020-11-19,503965.09670831857
5-14,Yorkshire_and_The_Humber,277,0,0,2020-11-19,145920.59651659982
15-24,Yorkshire_and_The_Humber,277,0,0,2020-11-19,1074440.3460863144
25-44,Yorkshire_and_The_Humber,277,0,0,2020-11-19,1109373.4794161317
45-64,Yorkshire_and_The_Humber,277,0,0,2020-11-19,510799.2358996739
65-74,Yorkshire_and_The_Humber,277,0,0,2020-11-19,451306.1702025497
75+,Yorkshire_and_The_Humber,277,0,0,2020-11-19,366510.79003192694
1-4,Yorkshire_and_The_Humber,278,0,0,2020-11-20,503965.09670831857
5-14,Yorkshire_and_The_Humber,278,0,0,2020-11-20,145920.59651659982
15-24,Yorkshire_and_The_Humber,278,0,0,2020-11-20,1074440.3460863144
25-44,Yorkshire_and_The_Humber,278,0,0,2020-11-20,1109373.4794161317
45-64,Yorkshire_and_The_Humber,278,0,0,2020-11-20,510799.2358996739
65-74,Yorkshire_and_The_Humber,278,0,0,2020-11-20,451306.1702025497
75+,Yorkshire_and_The_Humber,278,0,0,2020-11-20,366510.79003192694
1-4,Yorkshire_and_The_Humber,279,0,0,2020-11-21,503965.09670831857
5-14,Yorkshire_and_The_Humber,279,0,0,2020-11-21,145920.59651659982
15-24,Yorkshire_and_The_Humber,279,0,0,2020-11-21,1074440.3460863144
25-44,Yorkshire_and_The_Humber,279,0,0,2020-11-21,1109373.4794161317
45-64,Yorkshire_and_The_Humber,279,0,0,2020-11-21,510799.2358996739
65-74,Yorkshire_and_The_Humber,279,0,0,2020-11-21,451306.1702025497
75+,Yorkshire_and_The_Humber,279,0,0,2020-11-21,366510.79003192694
1-4,Yorkshire_and_The_Humber,280,0,0,2020-11-22,503965.09670831857
5-14,Yorkshire_and_The_Humber,280,0,0,2020-11-22,145920.59651659982
15-24,Yorkshire_and_The_Humber,280,0,0,2020-11-22,1074440.3460863144
25-44,Yorkshire_and_The_Humber,280,0,0,2020-11-22,1109373.4794161317
45-64,Yorkshire_and_The_Humber,280,0,0,2020-11-22,510799.2358996739
65-74,Yorkshire_and_The_Humber,280,0,0,2020-11-22,451306.1702025497
75+,Yorkshire_and_The_Humber,280,0,0,2020-11-22,366510.79003192694
1-4,Yorkshire_and_The_Humber,281,0,0,2020-11-23,503965.09670831857
5-14,Yorkshire_and_The_Humber,281,0,0,2020-11-23,145920.59651659982
15-24,Yorkshire_and_The_Humber,281,0,0,2020-11-23,1074440.3460863144
25-44,Yorkshire_and_The_Humber,281,0,0,2020-11-23,1109373.4794161317
45-64,Yorkshire_and_The_Humber,281,0,0,2020-11-23,510799.2358996739
65-74,Yorkshire_and_The_Humber,281,0,0,2020-11-23,451306.1702025497
75+,Yorkshire_and_The_Humber,281,0,0,2020-11-23,366510.79003192694
1-4,Yorkshire_and_The_Humber,282,0,0,2020-11-24,503965.09670831857
5-14,Yorkshire_and_The_Humber,282,0,0,2020-11-24,145920.59651659982
15-24,Yorkshire_and_The_Humber,282,0,0,2020-11-24,1074440.3460863144
25-44,Yorkshire_and_The_Humber,282,0,0,2020-11-24,1109373.4794161317
45-64,Yorkshire_and_The_Humber,282,0,0,2020-11-24,510799.2358996739
65-74,Yorkshire_and_The_Humber,282,0,0,2020-11-24,451306.1702025497
75+,Yorkshire_and_The_Humber,282,0,0,2020-11-24,366510.79003192694
1-4,Yorkshire_and_The_Humber,283,0,0,2020-11-25,503965.09670831857
5-14,Yorkshire_and_The_Humber,283,7.241666195896942,0.4609382675393244,2020-11-25,145920.59651659982
15-24,Yorkshire_and_The_Humber,283,10.019935013358065,0.39151694152991584,2020-11-25,1074440.3460863144
25-44,Yorkshire_and_The_Humber,283,9.951602791443468,0.38506581344735136,2020-11-25,1109373.4794161317
45-64,Yorkshire_and_The_Humber,283,9.072866865461998,0.39839072322056746,2020-11-25,510799.2358996739
65-74,Yorkshire_and_The_Humber,283,8.265978607901236,0.13884662975010392,2020-11-25,451306.1702025497
75+,Yorkshire_and_The_Humber,283,8.031768869740997,0.18338617741863084,2020-11-25,366510.79003192694
1-4,Yorkshire_and_The_Humber,284,0,0,2020-11-26,503965.09670831857
5-14,Yorkshire_and_The_Humber,284,0,0,2020-11-26,145920.59651659982
15-24,Yorkshire_and_The_Humber,284,0,0,2020-11-26,1074440.3460863144
25-44,Yorkshire_and_The_Humber,284,0,0,2020-11-26,1109373.4794161317
45-64,Yorkshire_and_The_Humber,284,0,0,2020-11-26,510799.2358996739
65-74,Yorkshire_and_The_Humber,284,0,0,2020-11-26,451306.1702025497
75+,Yorkshire_and_The_Humber,284,0,0,2020-11-26,366510.79003192694
1-4,Yorkshire_and_The_Humber,285,0,0,2020-11-27,503965.09670831857
5-14,Yorkshire_and_The_Humber,285,0,0,2020-11-27,145920.59651659982
15-24,Yorkshire_and_The_Humber,285,0,0,2020-11-27,1074440.3460863144
25-44,Yorkshire_and_The_Humber,285,0,0,2020-11-27,1109373.4794161317
45-64,Yorkshire_and_The_Humber,285,0,0,2020-11-27,510799.2358996739
65-74,Yorkshire_and_The_Humber,285,0,0,2020-11-27,451306.1702025497
75+,Yorkshire_and_The_Humber,285,0,0,2020-11-27,366510.79003192694
1-4,Yorkshire_and_The_Humber,286,0,0,2020-11-28,503965.09670831857
5-14,Yorkshire_and_The_Humber,286,0,0,2020-11-28,145920.59651659982
15-24,Yorkshire_and_The_Humber,286,0,0,2020-11-28,1074440.3460863144
25-44,Yorkshire_and_The_Humber,286,0,0,2020-11-28,1109373.4794161317
45-64,Yorkshire_and_The_Humber,286,0,0,2020-11-28,510799.2358996739
65-74,Yorkshire_and_The_Humber,286,0,0,2020-11-28,451306.1702025497
75+,Yorkshire_and_The_Humber,286,0,0,2020-11-28,366510.79003192694
1-4,Yorkshire_and_The_Humber,287,0,0,2020-11-29,503965.09670831857
5-14,Yorkshire_and_The_Humber,287,0,0,2020-11-29,145920.59651659982
15-24,Yorkshire_and_The_Humber,287,0,0,2020-11-29,1074440.3460863144
25-44,Yorkshire_and_The_Humber,287,0,0,2020-11-29,1109373.4794161317
45-64,Yorkshire_and_The_Humber,287,0,0,2020-11-29,510799.2358996739
65-74,Yorkshire_and_The_Humber,287,0,0,2020-11-29,451306.1702025497
75+,Yorkshire_and_The_Humber,287,0,0,2020-11-29,366510.79003192694
1-4,Yorkshire_and_The_Humber,288,0,0,2020-11-30,503965.09670831857
5-14,Yorkshire_and_The_Humber,288,0,0,2020-11-30,145920.59651659982
15-24,Yorkshire_and_The_Humber,288,0,0,2020-11-30,1074440.3460863144
25-44,Yorkshire_and_The_Humber,288,0,0,2020-11-30,1109373.4794161317
45-64,Yorkshire_and_The_Humber,288,0,0,2020-11-30,510799.2358996739
65-74,Yorkshire_and_The_Humber,288,0,0,2020-11-30,451306.1702025497
75+,Yorkshire_and_The_Humber,288,0,0,2020-11-30,366510.79003192694
1-4,Yorkshire_and_The_Humber,289,0,0,2020-12-01,503965.09670831857
5-14,Yorkshire_and_The_Humber,289,0,0,2020-12-01,145920.59651659982
15-24,Yorkshire_and_The_Humber,289,0,0,2020-12-01,1074440.3460863144
25-44,Yorkshire_and_The_Humber,289,0,0,2020-12-01,1109373.4794161317
45-64,Yorkshire_and_The_Humber,289,0,0,2020-12-01,510799.2358996739
65-74,Yorkshire_and_The_Humber,289,0,0,2020-12-01,451306.1702025497
75+,Yorkshire_and_The_Humber,289,0,0,2020-12-01,366510.79003192694
1-4,Yorkshire_and_The_Humber,290,0,0,2020-12-02,503965.09670831857
5-14,Yorkshire_and_The_Humber,290,0,0,2020-12-02,145920.59651659982
15-24,Yorkshire_and_The_Humber,290,0,0,2020-12-02,1074440.3460863144
25-44,Yorkshire_and_The_Humber,290,0,0,2020-12-02,1109373.4794161317
45-64,Yorkshire_and_The_Humber,290,0,0,2020-12-02,510799.2358996739
65-74,Yorkshire_and_The_Humber,290,0,0,2020-12-02,451306.1702025497
75+,Yorkshire_and_The_Humber,290,0,0,2020-12-02,366510.79003192694
1-4,Yorkshire_and_The_Humber,291,0,0,2020-12-03,503965.09670831857
5-14,Yorkshire_and_The_Humber,291,0,0,2020-12-03,145920.59651659982
15-24,Yorkshire_and_The_Humber,291,0,0,2020-12-03,1074440.3460863144
25-44,Yorkshire_and_The_Humber,291,0,0,2020-12-03,1109373.4794161317
45-64,Yorkshire_and_The_Humber,291,0,0,2020-12-03,510799.2358996739
65-74,Yorkshire_and_The_Humber,291,0,0,2020-12-03,451306.1702025497
75+,Yorkshire_and_The_Humber,291,0,0,2020-12-03,366510.79003192694
1-4,Yorkshire_and_The_Humber,292,0,0,2020-12-04,503965.09670831857
5-14,Yorkshire_and_The_Humber,292,0,0,2020-12-04,145920.59651659982
15-24,Yorkshire_and_The_Humber,292,0,0,2020-12-04,1074440.3460863144
25-44,Yorkshire_and_The_Humber,292,0,0,2020-12-04,1109373.4794161317
45-64,Yorkshire_and_The_Humber,292,0,0,2020-12-04,510799.2358996739
65-74,Yorkshire_and_The_Humber,292,0,0,2020-12-04,451306.1702025497
75+,Yorkshire_and_The_Humber,292,0,0,2020-12-04,366510.79003192694
1-4,Yorkshire_and_The_Humber,293,0,0,2020-12-05,503965.09670831857
5-14,Yorkshire_and_The_Humber,293,0,0,2020-12-05,145920.59651659982
15-24,Yorkshire_and_The_Humber,293,0,0,2020-12-05,1074440.3460863144
25-44,Yorkshire_and_The_Humber,293,0,0,2020-12-05,1109373.4794161317
45-64,Yorkshire_and_The_Humber,293,0,0,2020-12-05,510799.2358996739
65-74,Yorkshire_and_The_Humber,293,0,0,2020-12-05,451306.1702025497
75+,Yorkshire_and_The_Humber,293,0,0,2020-12-05,366510.79003192694
1-4,Yorkshire_and_The_Humber,294,0,0,2020-12-06,503965.09670831857
5-14,Yorkshire_and_The_Humber,294,0,0,2020-12-06,145920.59651659982
15-24,Yorkshire_and_The_Humber,294,0,0,2020-12-06,1074440.3460863144
25-44,Yorkshire_and_The_Humber,294,0,0,2020-12-06,1109373.4794161317
45-64,Yorkshire_and_The_Humber,294,0,0,2020-12-06,510799.2358996739
65-74,Yorkshire_and_The_Humber,294,0,0,2020-12-06,451306.1702025497
75+,Yorkshire_and_The_Humber,294,0,0,2020-12-06,366510.79003192694
1-4,Yorkshire_and_The_Humber,295,0,0,2020-12-07,503965.09670831857
5-14,Yorkshire_and_The_Humber,295,0,0,2020-12-07,145920.59651659982
15-24,Yorkshire_and_The_Humber,295,0,0,2020-12-07,1074440.3460863144
25-44,Yorkshire_and_The_Humber,295,0,0,2020-12-07,1109373.4794161317
45-64,Yorkshire_and_The_Humber,295,0,0,2020-12-07,510799.2358996739
65-74,Yorkshire_and_The_Humber,295,0,0,2020-12-07,451306.1702025497
75+,Yorkshire_and_The_Humber,295,0,0,2020-12-07,366510.79003192694
1-4,Yorkshire_and_The_Humber,296,0,0,2020-12-08,503965.09670831857
5-14,Yorkshire_and_The_Humber,296,0,0,2020-12-08,145920.59651659982
15-24,Yorkshire_and_The_Humber,296,0,0,2020-12-08,1074440.3460863144
25-44,Yorkshire_and_The_Humber,296,0,0,2020-12-08,1109373.4794161317
45-64,Yorkshire_and_The_Humber,296,0,0,2020-12-08,510799.2358996739
65-74,Yorkshire_and_The_Humber,296,0,0,2020-12-08,451306.1702025497
75+,Yorkshire_and_The_Humber,296,0,0,2020-12-08,366510.79003192694
1-4,Yorkshire_and_The_Humber,297,0,0,2020-12-09,503965.09670831857
5-14,Yorkshire_and_The_Humber,297,7.329453298878078,0.4709654856700566,2020-12-09,145920.59651659982
15-24,Yorkshire_and_The_Humber,297,9.729825099346419,0.3971227771814606,2020-12-09,1074440.3460863144
25-44,Yorkshire_and_The_Humber,297,9.517745152290587,0.3918879535344865,2020-12-09,1109373.4794161317
45-64,Yorkshire_and_The_Humber,297,8.875344880701403,0.40691800342905166,2020-12-09,510799.2358996739
65-74,Yorkshire_and_The_Humber,297,8.053662558588874,0.15129138365308747,2020-12-09,451306.1702025497
75+,Yorkshire_and_The_Humber,297,7.821927401907152,0.19794955738107964,2020-12-09,366510.79003192694
1-4,Yorkshire_and_The_Humber,298,0,0,2020-12-10,503965.09670831857
5-14,Yorkshire_and_The_Humber,298,0,0,2020-12-10,145920.59651659982
15-24,Yorkshire_and_The_Humber,298,0,0,2020-12-10,1074440.3460863144
25-44,Yorkshire_and_The_Humber,298,0,0,2020-12-10,1109373.4794161317
45-64,Yorkshire_and_The_Humber,298,0,0,2020-12-10,510799.2358996739
65-74,Yorkshire_and_The_Humber,298,0,0,2020-12-10,451306.1702025497
75+,Yorkshire_and_The_Humber,298,0,0,2020-12-10,366510.79003192694
1-4,Yorkshire_and_The_Humber,299,0,0,2020-12-11,503965.09670831857
5-14,Yorkshire_and_The_Humber,299,0,0,2020-12-11,145920.59651659982
15-24,Yorkshire_and_The_Humber,299,0,0,2020-12-11,1074440.3460863144
25-44,Yorkshire_and_The_Humber,299,0,0,2020-12-11,1109373.4794161317
45-64,Yorkshire_and_The_Humber,299,0,0,2020-12-11,510799.2358996739
65-74,Yorkshire_and_The_Humber,299,0,0,2020-12-11,451306.1702025497
75+,Yorkshire_and_The_Humber,299,0,0,2020-12-11,366510.79003192694
1-4,Yorkshire_and_The_Humber,300,0,0,2020-12-12,503965.09670831857
5-14,Yorkshire_and_The_Humber,300,0,0,2020-12-12,145920.59651659982
15-24,Yorkshire_and_The_Humber,300,0,0,2020-12-12,1074440.3460863144
25-44,Yorkshire_and_The_Humber,300,0,0,2020-12-12,1109373.4794161317
45-64,Yorkshire_and_The_Humber,300,0,0,2020-12-12,510799.2358996739
65-74,Yorkshire_and_The_Humber,300,0,0,2020-12-12,451306.1702025497
75+,Yorkshire_and_The_Humber,300,0,0,2020-12-12,366510.79003192694
1-4,Yorkshire_and_The_Humber,301,0,0,2020-12-13,503965.09670831857
5-14,Yorkshire_and_The_Humber,301,0,0,2020-12-13,145920.59651659982
15-24,Yorkshire_and_The_Humber,301,0,0,2020-12-13,1074440.3460863144
25-44,Yorkshire_and_The_Humber,301,0,0,2020-12-13,1109373.4794161317
45-64,Yorkshire_and_The_Humber,301,0,0,2020-12-13,510799.2358996739
65-74,Yorkshire_and_The_Humber,301,0,0,2020-12-13,451306.1702025497
75+,Yorkshire_and_The_Humber,301,0,0,2020-12-13,366510.79003192694
1-4,Yorkshire_and_The_Humber,302,0,0,2020-12-14,503965.09670831857
5-14,Yorkshire_and_The_Humber,302,0,0,2020-12-14,145920.59651659982
15-24,Yorkshire_and_The_Humber,302,0,0,2020-12-14,1074440.3460863144
25-44,Yorkshire_and_The_Humber,302,0,0,2020-12-14,1109373.4794161317
45-64,Yorkshire_and_The_Humber,302,0,0,2020-12-14,510799.2358996739
65-74,Yorkshire_and_The_Humber,302,0,0,2020-12-14,451306.1702025497
75+,Yorkshire_and_The_Humber,302,0,0,2020-12-14,366510.79003192694
1-4,Yorkshire_and_The_Humber,303,0,0,2020-12-15,503965.09670831857
5-14,Yorkshire_and_The_Humber,303,0,0,2020-12-15,145920.59651659982
15-24,Yorkshire_and_The_Humber,303,0,0,2020-12-15,1074440.3460863144
25-44,Yorkshire_and_The_Humber,303,0,0,2020-12-15,1109373.4794161317
45-64,Yorkshire_and_The_Humber,303,0,0,2020-12-15,510799.2358996739
65-74,Yorkshire_and_The_Humber,303,0,0,2020-12-15,451306.1702025497
75+,Yorkshire_and_The_Humber,303,0,0,2020-12-15,366510.79003192694
1-4,Yorkshire_and_The_Humber,304,0,0,2020-12-16,503965.09670831857
5-14,Yorkshire_and_The_Humber,304,0,0,2020-12-16,145920.59651659982
15-24,Yorkshire_and_The_Humber,304,0,0,2020-12-16,1074440.3460863144
25-44,Yorkshire_and_The_Humber,304,0,0,2020-12-16,1109373.4794161317
45-64,Yorkshire_and_The_Humber,304,0,0,2020-12-16,510799.2358996739
65-74,Yorkshire_and_The_Humber,304,0,0,2020-12-16,451306.1702025497
75+,Yorkshire_and_The_Humber,304,0,0,2020-12-16,366510.79003192694
1-4,Yorkshire_and_The_Humber,305,0,0,2020-12-17,503965.09670831857
5-14,Yorkshire_and_The_Humber,305,0,0,2020-12-17,145920.59651659982
15-24,Yorkshire_and_The_Humber,305,0,0,2020-12-17,1074440.3460863144
25-44,Yorkshire_and_The_Humber,305,0,0,2020-12-17,1109373.4794161317
45-64,Yorkshire_and_The_Humber,305,0,0,2020-12-17,510799.2358996739
65-74,Yorkshire_and_The_Humber,305,0,0,2020-12-17,451306.1702025497
75+,Yorkshire_and_The_Humber,305,0,0,2020-12-17,366510.79003192694
1-4,Yorkshire_and_The_Humber,306,0,0,2020-12-18,503965.09670831857
5-14,Yorkshire_and_The_Humber,306,0,0,2020-12-18,145920.59651659982
15-24,Yorkshire_and_The_Humber,306,0,0,2020-12-18,1074440.3460863144
25-44,Yorkshire_and_The_Humber,306,0,0,2020-12-18,1109373.4794161317
45-64,Yorkshire_and_The_Humber,306,0,0,2020-12-18,510799.2358996739
65-74,Yorkshire_and_The_Humber,306,0,0,2020-12-18,451306.1702025497
75+,Yorkshire_and_The_Humber,306,0,0,2020-12-18,366510.79003192694
1-4,Yorkshire_and_The_Humber,307,0,0,2020-12-19,503965.09670831857
5-14,Yorkshire_and_The_Humber,307,0,0,2020-12-19,145920.59651659982
15-24,Yorkshire_and_The_Humber,307,0,0,2020-12-19,1074440.3460863144
25-44,Yorkshire_and_The_Humber,307,0,0,2020-12-19,1109373.4794161317
45-64,Yorkshire_and_The_Humber,307,0,0,2020-12-19,510799.2358996739
65-74,Yorkshire_and_The_Humber,307,0,0,2020-12-19,451306.1702025497
75+,Yorkshire_and_The_Humber,307,0,0,2020-12-19,366510.79003192694
1-4,Yorkshire_and_The_Humber,308,0,0,2020-12-20,503965.09670831857
5-14,Yorkshire_and_The_Humber,308,0,0,2020-12-20,145920.59651659982
15-24,Yorkshire_and_The_Humber,308,0,0,2020-12-20,1074440.3460863144
25-44,Yorkshire_and_The_Humber,308,0,0,2020-12-20,1109373.4794161317
45-64,Yorkshire_and_The_Humber,308,0,0,2020-12-20,510799.2358996739
65-74,Yorkshire_and_The_Humber,308,0,0,2020-12-20,451306.1702025497
75+,Yorkshire_and_The_Humber,308,0,0,2020-12-20,366510.79003192694
1-4,Yorkshire_and_The_Humber,309,0,0,2020-12-21,503965.09670831857
5-14,Yorkshire_and_The_Humber,309,0,0,2020-12-21,145920.59651659982
15-24,Yorkshire_and_The_Humber,309,0,0,2020-12-21,1074440.3460863144
25-44,Yorkshire_and_The_Humber,309,0,0,2020-12-21,1109373.4794161317
45-64,Yorkshire_and_The_Humber,309,0,0,2020-12-21,510799.2358996739
65-74,Yorkshire_and_The_Humber,309,0,0,2020-12-21,451306.1702025497
75+,Yorkshire_and_The_Humber,309,0,0,2020-12-21,366510.79003192694
1-4,Yorkshire_and_The_Humber,310,0,0,2020-12-22,503965.09670831857
5-14,Yorkshire_and_The_Humber,310,0,0,2020-12-22,145920.59651659982
15-24,Yorkshire_and_The_Humber,310,0,0,2020-12-22,1074440.3460863144
25-44,Yorkshire_and_The_Humber,310,0,0,2020-12-22,1109373.4794161317
45-64,Yorkshire_and_The_Humber,310,0,0,2020-12-22,510799.2358996739
65-74,Yorkshire_and_The_Humber,310,0,0,2020-12-22,451306.1702025497
75+,Yorkshire_and_The_Humber,310,0,0,2020-12-22,366510.79003192694
1-4,Yorkshire_and_The_Humber,311,0,0,2020-12-23,503965.09670831857
5-14,Yorkshire_and_The_Humber,311,7.519547897389679,0.4723008819971914,2020-12-23,145920.59651659982
15-24,Yorkshire_and_The_Humber,311,9.790474935199105,0.39934707390529534,2020-12-23,1074440.3460863144
25-44,Yorkshire_and_The_Humber,311,9.454302722499163,0.3953184735035663,2020-12-23,1109373.4794161317
45-64,Yorkshire_and_The_Humber,311,8.793047494022652,0.4094564985816246,2020-12-23,510799.2358996739
65-74,Yorkshire_and_The_Humber,311,8.203952816133384,0.15463523811009947,2020-12-23,451306.1702025497
75+,Yorkshire_and_The_Humber,311,7.865344341847474,0.20557631771714915,2020-12-23,366510.79003192694
1-4,Yorkshire_and_The_Humber,312,0,0,2020-12-24,503965.09670831857
5-14,Yorkshire_and_The_Humber,312,0,0,2020-12-24,145920.59651659982
15-24,Yorkshire_and_The_Humber,312,0,0,2020-12-24,1074440.3460863144
25-44,Yorkshire_and_The_Humber,312,0,0,2020-12-24,1109373.4794161317
45-64,Yorkshire_and_The_Humber,312,0,0,2020-12-24,510799.2358996739
65-74,Yorkshire_and_The_Humber,312,0,0,2020-12-24,451306.1702025497
75+,Yorkshire_and_The_Humber,312,0,0,2020-12-24,366510.79003192694
1-4,Yorkshire_and_The_Humber,313,0,0,2020-12-25,503965.09670831857
5-14,Yorkshire_and_The_Humber,313,0,0,2020-12-25,145920.59651659982
15-24,Yorkshire_and_The_Humber,313,0,0,2020-12-25,1074440.3460863144
25-44,Yorkshire_and_The_Humber,313,0,0,2020-12-25,1109373.4794161317
45-64,Yorkshire_and_The_Humber,313,0,0,2020-12-25,510799.2358996739
65-74,Yorkshire_and_The_Humber,313,0,0,2020-12-25,451306.1702025497
75+,Yorkshire_and_The_Humber,313,0,0,2020-12-25,366510.79003192694
1-4,Yorkshire_and_The_Humber,314,0,0,2020-12-26,503965.09670831857
5-14,Yorkshire_and_The_Humber,314,0,0,2020-12-26,145920.59651659982
15-24,Yorkshire_and_The_Humber,314,0,0,2020-12-26,1074440.3460863144
25-44,Yorkshire_and_The_Humber,314,0,0,2020-12-26,1109373.4794161317
45-64,Yorkshire_and_The_Humber,314,0,0,2020-12-26,510799.2358996739
65-74,Yorkshire_and_The_Humber,314,0,0,2020-12-26,451306.1702025497
75+,Yorkshire_and_The_Humber,314,0,0,2020-12-26,366510.79003192694
1-4,Yorkshire_and_The_Humber,315,0,0,2020-12-27,503965.09670831857
5-14,Yorkshire_and_The_Humber,315,0,0,2020-12-27,145920.59651659982
15-24,Yorkshire_and_The_Humber,315,0,0,2020-12-27,1074440.3460863144
25-44,Yorkshire_and_The_Humber,315,0,0,2020-12-27,1109373.4794161317
45-64,Yorkshire_and_The_Humber,315,0,0,2020-12-27,510799.2358996739
65-74,Yorkshire_and_The_Humber,315,0,0,2020-12-27,451306.1702025497
75+,Yorkshire_and_The_Humber,315,0,0,2020-12-27,366510.79003192694
1-4,Yorkshire_and_The_Humber,316,0,0,2020-12-28,503965.09670831857
5-14,Yorkshire_and_The_Humber,316,0,0,2020-12-28,145920.59651659982
15-24,Yorkshire_and_The_Humber,316,0,0,2020-12-28,1074440.3460863144
25-44,Yorkshire_and_The_Humber,316,0,0,2020-12-28,1109373.4794161317
45-64,Yorkshire_and_The_Humber,316,0,0,2020-12-28,510799.2358996739
65-74,Yorkshire_and_The_Humber,316,0,0,2020-12-28,451306.1702025497
75+,Yorkshire_and_The_Humber,316,0,0,2020-12-28,366510.79003192694
1-4,Yorkshire_and_The_Humber,317,0,0,2020-12-29,503965.09670831857
5-14,Yorkshire_and_The_Humber,317,0,0,2020-12-29,145920.59651659982
15-24,Yorkshire_and_The_Humber,317,0,0,2020-12-29,1074440.3460863144
25-44,Yorkshire_and_The_Humber,317,0,0,2020-12-29,1109373.4794161317
45-64,Yorkshire_and_The_Humber,317,0,0,2020-12-29,510799.2358996739
65-74,Yorkshire_and_The_Humber,317,0,0,2020-12-29,451306.1702025497
75+,Yorkshire_and_The_Humber,317,0,0,2020-12-29,366510.79003192694
1-4,Yorkshire_and_The_Humber,318,0,0,2020-12-30,503965.09670831857
5-14,Yorkshire_and_The_Humber,318,0,0,2020-12-30,145920.59651659982
15-24,Yorkshire_and_The_Humber,318,0,0,2020-12-30,1074440.3460863144
25-44,Yorkshire_and_The_Humber,318,0,0,2020-12-30,1109373.4794161317
45-64,Yorkshire_and_The_Humber,318,0,0,2020-12-30,510799.2358996739
65-74,Yorkshire_and_The_Humber,318,0,0,2020-12-30,451306.1702025497
75+,Yorkshire_and_The_Humber,318,0,0,2020-12-30,366510.79003192694
1-4,Yorkshire_and_The_Humber,319,0,0,2020-12-31,503965.09670831857
5-14,Yorkshire_and_The_Humber,319,0,0,2020-12-31,145920.59651659982
15-24,Yorkshire_and_The_Humber,319,0,0,2020-12-31,1074440.3460863144
25-44,Yorkshire_and_The_Humber,319,0,0,2020-12-31,1109373.4794161317
45-64,Yorkshire_and_The_Humber,319,0,0,2020-12-31,510799.2358996739
65-74,Yorkshire_and_The_Humber,319,0,0,2020-12-31,451306.1702025497
75+,Yorkshire_and_The_Humber,319,0,0,2020-12-31,366510.79003192694
1-4,Yorkshire_and_The_Humber,320,0,0,2021-01-01,503965.09670831857
5-14,Yorkshire_and_The_Humber,320,0,0,2021-01-01,145920.59651659982
15-24,Yorkshire_and_The_Humber,320,0,0,2021-01-01,1074440.3460863144
25-44,Yorkshire_and_The_Humber,320,0,0,2021-01-01,1109373.4794161317
45-64,Yorkshire_and_The_Humber,320,0,0,2021-01-01,510799.2358996739
65-74,Yorkshire_and_The_Humber,320,0,0,2021-01-01,451306.1702025497
75+,Yorkshire_and_The_Humber,320,0,0,2021-01-01,366510.79003192694
1-4,Yorkshire_and_The_Humber,321,0,0,2021-01-02,503965.09670831857
5-14,Yorkshire_and_The_Humber,321,0,0,2021-01-02,145920.59651659982
15-24,Yorkshire_and_The_Humber,321,0,0,2021-01-02,1074440.3460863144
25-44,Yorkshire_and_The_Humber,321,0,0,2021-01-02,1109373.4794161317
45-64,Yorkshire_and_The_Humber,321,0,0,2021-01-02,510799.2358996739
65-74,Yorkshire_and_The_Humber,321,0,0,2021-01-02,451306.1702025497
75+,Yorkshire_and_The_Humber,321,0,0,2021-01-02,366510.79003192694
1-4,Yorkshire_and_The_Humber,322,0,0,2021-01-03,503965.09670831857
5-14,Yorkshire_and_The_Humber,322,0,0,2021-01-03,145920.59651659982
15-24,Yorkshire_and_The_Humber,322,0,0,2021-01-03,1074440.3460863144
25-44,Yorkshire_and_The_Humber,322,0,0,2021-01-03,1109373.4794161317
45-64,Yorkshire_and_The_Humber,322,0,0,2021-01-03,510799.2358996739
65-74,Yorkshire_and_The_Humber,322,0,0,2021-01-03,451306.1702025497
75+,Yorkshire_and_The_Humber,322,0,0,2021-01-03,366510.79003192694
1-4,Yorkshire_and_The_Humber,323,0,0,2021-01-04,503965.09670831857
5-14,Yorkshire_and_The_Humber,323,0,0,2021-01-04,145920.59651659982
15-24,Yorkshire_and_The_Humber,323,0,0,2021-01-04,1074440.3460863144
25-44,Yorkshire_and_The_Humber,323,0,0,2021-01-04,1109373.4794161317
45-64,Yorkshire_and_The_Humber,323,0,0,2021-01-04,510799.2358996739
65-74,Yorkshire_and_The_Humber,323,0,0,2021-01-04,451306.1702025497
75+,Yorkshire_and_The_Humber,323,0,0,2021-01-04,366510.79003192694
1-4,Yorkshire_and_The_Humber,324,0,0,2021-01-05,503965.09670831857
5-14,Yorkshire_and_The_Humber,324,0,0,2021-01-05,145920.59651659982
15-24,Yorkshire_and_The_Humber,324,0,0,2021-01-05,1074440.3460863144
25-44,Yorkshire_and_The_Humber,324,0,0,2021-01-05,1109373.4794161317
45-64,Yorkshire_and_The_Humber,324,0,0,2021-01-05,510799.2358996739
65-74,Yorkshire_and_The_Humber,324,0,0,2021-01-05,451306.1702025497
75+,Yorkshire_and_The_Humber,324,0,0,2021-01-05,366510.79003192694
1-4,Yorkshire_and_The_Humber,325,0,0,2021-01-06,503965.09670831857
5-14,Yorkshire_and_The_Humber,325,7.538687502875613,0.4721192123129007,2021-01-06,145920.59651659982
15-24,Yorkshire_and_The_Humber,325,9.842960537519176,0.3995062793040662,2021-01-06,1074440.3460863144
25-44,Yorkshire_and_The_Humber,325,9.595306028483284,0.39413508782407325,2021-01-06,1109373.4794161317
45-64,Yorkshire_and_The_Humber,325,8.767103457174786,0.40865910420697593,2021-01-06,510799.2358996739
65-74,Yorkshire_and_The_Humber,325,8.340366886525201,0.14507862539622032,2021-01-06,451306.1702025497
75+,Yorkshire_and_The_Humber,325,7.977581902109474,0.19891179674762408,2021-01-06,366510.79003192694
1-4,Yorkshire_and_The_Humber,326,0,0,2021-01-07,503965.09670831857
5-14,Yorkshire_and_The_Humber,326,0,0,2021-01-07,145920.59651659982
15-24,Yorkshire_and_The_Humber,326,0,0,2021-01-07,1074440.3460863144
25-44,Yorkshire_and_The_Humber,326,0,0,2021-01-07,1109373.4794161317
45-64,Yorkshire_and_The_Humber,326,0,0,2021-01-07,510799.2358996739
65-74,Yorkshire_and_The_Humber,326,0,0,2021-01-07,451306.1702025497
75+,Yorkshire_and_The_Humber,326,0,0,2021-01-07,366510.79003192694
1-4,Yorkshire_and_The_Humber,327,0,0,2021-01-08,503965.09670831857
5-14,Yorkshire_and_The_Humber,327,0,0,2021-01-08,145920.59651659982
15-24,Yorkshire_and_The_Humber,327,0,0,2021-01-08,1074440.3460863144
25-44,Yorkshire_and_The_Humber,327,0,0,2021-01-08,1109373.4794161317
45-64,Yorkshire_and_The_Humber,327,0,0,2021-01-08,510799.2358996739
65-74,Yorkshire_and_The_Humber,327,0,0,2021-01-08,451306.1702025497
75+,Yorkshire_and_The_Humber,327,0,0,2021-01-08,366510.79003192694
1-4,Yorkshire_and_The_Humber,328,0,0,2021-01-09,503965.09670831857
5-14,Yorkshire_and_The_Humber,328,0,0,2021-01-09,145920.59651659982
15-24,Yorkshire_and_The_Humber,328,0,0,2021-01-09,1074440.3460863144
25-44,Yorkshire_and_The_Humber,328,0,0,2021-01-09,1109373.4794161317
45-64,Yorkshire_and_The_Humber,328,0,0,2021-01-09,510799.2358996739
65-74,Yorkshire_and_The_Humber,328,0,0,2021-01-09,451306.1702025497
75+,Yorkshire_and_The_Humber,328,0,0,2021-01-09,366510.79003192694
1-4,Yorkshire_and_The_Humber,329,0,0,2021-01-10,503965.09670831857
5-14,Yorkshire_and_The_Humber,329,0,0,2021-01-10,145920.59651659982
15-24,Yorkshire_and_The_Humber,329,0,0,2021-01-10,1074440.3460863144
25-44,Yorkshire_and_The_Humber,329,0,0,2021-01-10,1109373.4794161317
45-64,Yorkshire_and_The_Humber,329,0,0,2021-01-10,510799.2358996739
65-74,Yorkshire_and_The_Humber,329,0,0,2021-01-10,451306.1702025497
75+,Yorkshire_and_The_Humber,329,0,0,2021-01-10,366510.79003192694
1-4,Yorkshire_and_The_Humber,330,0,0,2021-01-11,503965.09670831857
5-14,Yorkshire_and_The_Humber,330,0,0,2021-01-11,145920.59651659982
15-24,Yorkshire_and_The_Humber,330,0,0,2021-01-11,1074440.3460863144
25-44,Yorkshire_and_The_Humber,330,0,0,2021-01-11,1109373.4794161317
45-64,Yorkshire_and_The_Humber,330,0,0,2021-01-11,510799.2358996739
65-74,Yorkshire_and_The_Humber,330,0,0,2021-01-11,451306.1702025497
75+,Yorkshire_and_The_Humber,330,0,0,2021-01-11,366510.79003192694
1-4,Yorkshire_and_The_Humber,331,0,0,2021-01-12,503965.09670831857
5-14,Yorkshire_and_The_Humber,331,0,0,2021-01-12,145920.59651659982
15-24,Yorkshire_and_The_Humber,331,0,0,2021-01-12,1074440.3460863144
25-44,Yorkshire_and_The_Humber,331,0,0,2021-01-12,1109373.4794161317
45-64,Yorkshire_and_The_Humber,331,0,0,2021-01-12,510799.2358996739
65-74,Yorkshire_and_The_Humber,331,0,0,2021-01-12,451306.1702025497
75+,Yorkshire_and_The_Humber,331,0,0,2021-01-12,366510.79003192694
1-4,Yorkshire_and_The_Humber,332,0,0,2021-01-13,503965.09670831857
5-14,Yorkshire_and_The_Humber,332,0,0,2021-01-13,145920.59651659982
15-24,Yorkshire_and_The_Humber,332,0,0,2021-01-13,1074440.3460863144
25-44,Yorkshire_and_The_Humber,332,0,0,2021-01-13,1109373.4794161317
45-64,Yorkshire_and_The_Humber,332,0,0,2021-01-13,510799.2358996739
65-74,Yorkshire_and_The_Humber,332,0,0,2021-01-13,451306.1702025497
75+,Yorkshire_and_The_Humber,332,0,0,2021-01-13,366510.79003192694
1-4,Yorkshire_and_The_Humber,333,0,0,2021-01-14,503965.09670831857
5-14,Yorkshire_and_The_Humber,333,0,0,2021-01-14,145920.59651659982
15-24,Yorkshire_and_The_Humber,333,0,0,2021-01-14,1074440.3460863144
25-44,Yorkshire_and_The_Humber,333,0,0,2021-01-14,1109373.4794161317
45-64,Yorkshire_and_The_Humber,333,0,0,2021-01-14,510799.2358996739
65-74,Yorkshire_and_The_Humber,333,0,0,2021-01-14,451306.1702025497
75+,Yorkshire_and_The_Humber,333,0,0,2021-01-14,366510.79003192694
1-4,Yorkshire_and_The_Humber,334,0,0,2021-01-15,503965.09670831857
5-14,Yorkshire_and_The_Humber,334,0,0,2021-01-15,145920.59651659982
15-24,Yorkshire_and_The_Humber,334,0,0,2021-01-15,1074440.3460863144
25-44,Yorkshire_and_The_Humber,334,0,0,2021-01-15,1109373.4794161317
45-64,Yorkshire_and_The_Humber,334,0,0,2021-01-15,510799.2358996739
65-74,Yorkshire_and_The_Humber,334,0,0,2021-01-15,451306.1702025497
75+,Yorkshire_and_The_Humber,334,0,0,2021-01-15,366510.79003192694
1-4,Yorkshire_and_The_Humber,335,0,0,2021-01-16,503965.09670831857
5-14,Yorkshire_and_The_Humber,335,0,0,2021-01-16,145920.59651659982
15-24,Yorkshire_and_The_Humber,335,0,0,2021-01-16,1074440.3460863144
25-44,Yorkshire_and_The_Humber,335,0,0,2021-01-16,1109373.4794161317
45-64,Yorkshire_and_The_Humber,335,0,0,2021-01-16,510799.2358996739
65-74,Yorkshire_and_The_Humber,335,0,0,2021-01-16,451306.1702025497
75+,Yorkshire_and_The_Humber,335,0,0,2021-01-16,366510.79003192694
1-4,Yorkshire_and_The_Humber,336,0,0,2021-01-17,503965.09670831857
5-14,Yorkshire_and_The_Humber,336,0,0,2021-01-17,145920.59651659982
15-24,Yorkshire_and_The_Humber,336,0,0,2021-01-17,1074440.3460863144
25-44,Yorkshire_and_The_Humber,336,0,0,2021-01-17,1109373.4794161317
45-64,Yorkshire_and_The_Humber,336,0,0,2021-01-17,510799.2358996739
65-74,Yorkshire_and_The_Humber,336,0,0,2021-01-17,451306.1702025497
75+,Yorkshire_and_The_Humber,336,0,0,2021-01-17,366510.79003192694
1-4,Yorkshire_and_The_Humber,337,0,0,2021-01-18,503965.09670831857
5-14,Yorkshire_and_The_Humber,337,0,0,2021-01-18,145920.59651659982
15-24,Yorkshire_and_The_Humber,337,0,0,2021-01-18,1074440.3460863144
25-44,Yorkshire_and_The_Humber,337,0,0,2021-01-18,1109373.4794161317
45-64,Yorkshire_and_The_Humber,337,0,0,2021-01-18,510799.2358996739
65-74,Yorkshire_and_The_Humber,337,0,0,2021-01-18,451306.1702025497
75+,Yorkshire_and_The_Humber,337,0,0,2021-01-18,366510.79003192694
1-4,Yorkshire_and_The_Humber,338,0,0,2021-01-19,503965.09670831857
5-14,Yorkshire_and_The_Humber,338,0,0,2021-01-19,145920.59651659982
15-24,Yorkshire_and_The_Humber,338,0,0,2021-01-19,1074440.3460863144
25-44,Yorkshire_and_The_Humber,338,0,0,2021-01-19,1109373.4794161317
45-64,Yorkshire_and_The_Humber,338,0,0,2021-01-19,510799.2358996739
65-74,Yorkshire_and_The_Humber,338,0,0,2021-01-19,451306.1702025497
75+,Yorkshire_and_The_Humber,338,0,0,2021-01-19,366510.79003192694
1-4,Yorkshire_and_The_Humber,339,0,0,2021-01-20,503965.09670831857
5-14,Yorkshire_and_The_Humber,339,7.479797943027496,0.4743853230589404,2021-01-20,145920.59651659982
15-24,Yorkshire_and_The_Humber,339,10.000999440203387,0.39441198822621215,2021-01-20,1074440.3460863144
25-44,Yorkshire_and_The_Humber,339,9.646408087286273,0.3921481344906736,2021-01-20,1109373.4794161317
45-64,Yorkshire_and_The_Humber,339,8.700788422634322,0.4106969239408595,2021-01-20,510799.2358996739
65-74,Yorkshire_and_The_Humber,339,8.04884660207059,0.15881274079308272,2021-01-20,451306.1702025497
75+,Yorkshire_and_The_Humber,339,7.90218842264438,0.2043208330776041,2021-01-20,366510.79003192694
1-4,Yorkshire_and_The_Humber,340,0,0,2021-01-21,503965.09670831857
5-14,Yorkshire_and_The_Humber,340,0,0,2021-01-21,145920.59651659982
15-24,Yorkshire_and_The_Humber,340,0,0,2021-01-21,1074440.3460863144
25-44,Yorkshire_and_The_Humber,340,0,0,2021-01-21,1109373.4794161317
45-64,Yorkshire_and_The_Humber,340,0,0,2021-01-21,510799.2358996739
65-74,Yorkshire_and_The_Humber,340,0,0,2021-01-21,451306.1702025497
75+,Yorkshire_and_The_Humber,340,0,0,2021-01-21,366510.79003192694
1-4,Yorkshire_and_The_Humber,341,0,0,2021-01-22,503965.09670831857
5-14,Yorkshire_and_The_Humber,341,0,0,2021-01-22,145920.59651659982
15-24,Yorkshire_and_The_Humber,341,0,0,2021-01-22,1074440.3460863144
25-44,Yorkshire_and_The_Humber,341,0,0,2021-01-22,1109373.4794161317
45-64,Yorkshire_and_The_Humber,341,0,0,2021-01-22,510799.2358996739
65-74,Yorkshire_and_The_Humber,341,0,0,2021-01-22,451306.1702025497
75+,Yorkshire_and_The_Humber,341,0,0,2021-01-22,366510.79003192694
1-4,Yorkshire_and_The_Humber,342,0,0,2021-01-23,503965.09670831857
5-14,Yorkshire_and_The_Humber,342,0,0,2021-01-23,145920.59651659982
15-24,Yorkshire_and_The_Humber,342,0,0,2021-01-23,1074440.3460863144
25-44,Yorkshire_and_The_Humber,342,0,0,2021-01-23,1109373.4794161317
45-64,Yorkshire_and_The_Humber,342,0,0,2021-01-23,510799.2358996739
65-74,Yorkshire_and_The_Humber,342,0,0,2021-01-23,451306.1702025497
75+,Yorkshire_and_The_Humber,342,0,0,2021-01-23,366510.79003192694
1-4,Yorkshire_and_The_Humber,343,0,0,2021-01-24,503965.09670831857
5-14,Yorkshire_and_The_Humber,343,0,0,2021-01-24,145920.59651659982
15-24,Yorkshire_and_The_Humber,343,0,0,2021-01-24,1074440.3460863144
25-44,Yorkshire_and_The_Humber,343,0,0,2021-01-24,1109373.4794161317
45-64,Yorkshire_and_The_Humber,343,0,0,2021-01-24,510799.2358996739
65-74,Yorkshire_and_The_Humber,343,0,0,2021-01-24,451306.1702025497
75+,Yorkshire_and_The_Humber,343,0,0,2021-01-24,366510.79003192694
1-4,Yorkshire_and_The_Humber,344,0,0,2021-01-25,503965.09670831857
5-14,Yorkshire_and_The_Humber,344,0,0,2021-01-25,145920.59651659982
15-24,Yorkshire_and_The_Humber,344,0,0,2021-01-25,1074440.3460863144
25-44,Yorkshire_and_The_Humber,344,0,0,2021-01-25,1109373.4794161317
45-64,Yorkshire_and_The_Humber,344,0,0,2021-01-25,510799.2358996739
65-74,Yorkshire_and_The_Humber,344,0,0,2021-01-25,451306.1702025497
75+,Yorkshire_and_The_Humber,344,0,0,2021-01-25,366510.79003192694
1-4,Yorkshire_and_The_Humber,345,0,0,2021-01-26,503965.09670831857
5-14,Yorkshire_and_The_Humber,345,0,0,2021-01-26,145920.59651659982
15-24,Yorkshire_and_The_Humber,345,0,0,2021-01-26,1074440.3460863144
25-44,Yorkshire_and_The_Humber,345,0,0,2021-01-26,1109373.4794161317
45-64,Yorkshire_and_The_Humber,345,0,0,2021-01-26,510799.2358996739
65-74,Yorkshire_and_The_Humber,345,0,0,2021-01-26,451306.1702025497
75+,Yorkshire_and_The_Humber,345,0,0,2021-01-26,366510.79003192694
1-4,Yorkshire_and_The_Humber,346,0,0,2021-01-27,503965.09670831857
5-14,Yorkshire_and_The_Humber,346,0,0,2021-01-27,145920.59651659982
15-24,Yorkshire_and_The_Humber,346,0,0,2021-01-27,1074440.3460863144
25-44,Yorkshire_and_The_Humber,346,0,0,2021-01-27,1109373.4794161317
45-64,Yorkshire_and_The_Humber,346,0,0,2021-01-27,510799.2358996739
65-74,Yorkshire_and_The_Humber,346,0,0,2021-01-27,451306.1702025497
75+,Yorkshire_and_The_Humber,346,0,0,2021-01-27,366510.79003192694
1-4,Yorkshire_and_The_Humber,347,0,0,2021-01-28,503965.09670831857
5-14,Yorkshire_and_The_Humber,347,0,0,2021-01-28,145920.59651659982
15-24,Yorkshire_and_The_Humber,347,0,0,2021-01-28,1074440.3460863144
25-44,Yorkshire_and_The_Humber,347,0,0,2021-01-28,1109373.4794161317
45-64,Yorkshire_and_The_Humber,347,0,0,2021-01-28,510799.2358996739
65-74,Yorkshire_and_The_Humber,347,0,0,2021-01-28,451306.1702025497
75+,Yorkshire_and_The_Humber,347,0,0,2021-01-28,366510.79003192694
1-4,Yorkshire_and_The_Humber,348,0,0,2021-01-29,503965.09670831857
5-14,Yorkshire_and_The_Humber,348,0,0,2021-01-29,145920.59651659982
15-24,Yorkshire_and_The_Humber,348,0,0,2021-01-29,1074440.3460863144
25-44,Yorkshire_and_The_Humber,348,0,0,2021-01-29,1109373.4794161317
45-64,Yorkshire_and_The_Humber,348,0,0,2021-01-29,510799.2358996739
65-74,Yorkshire_and_The_Humber,348,0,0,2021-01-29,451306.1702025497
75+,Yorkshire_and_The_Humber,348,0,0,2021-01-29,366510.79003192694
1-4,Yorkshire_and_The_Humber,349,0,0,2021-01-30,503965.09670831857
5-14,Yorkshire_and_The_Humber,349,0,0,2021-01-30,145920.59651659982
15-24,Yorkshire_and_The_Humber,349,0,0,2021-01-30,1074440.3460863144
25-44,Yorkshire_and_The_Humber,349,0,0,2021-01-30,1109373.4794161317
45-64,Yorkshire_and_The_Humber,349,0,0,2021-01-30,510799.2358996739
65-74,Yorkshire_and_The_Humber,349,0,0,2021-01-30,451306.1702025497
75+,Yorkshire_and_The_Humber,349,0,0,2021-01-30,366510.79003192694
1-4,Yorkshire_and_The_Humber,350,0,0,2021-01-31,503965.09670831857
5-14,Yorkshire_and_The_Humber,350,0,0,2021-01-31,145920.59651659982
15-24,Yorkshire_and_The_Humber,350,0,0,2021-01-31,1074440.3460863144
25-44,Yorkshire_and_The_Humber,350,0,0,2021-01-31,1109373.4794161317
45-64,Yorkshire_and_The_Humber,350,0,0,2021-01-31,510799.2358996739
65-74,Yorkshire_and_The_Humber,350,0,0,2021-01-31,451306.1702025497
75+,Yorkshire_and_The_Humber,350,0,0,2021-01-31,366510.79003192694
1-4,Yorkshire_and_The_Humber,351,0,0,2021-02-01,503965.09670831857
5-14,Yorkshire_and_The_Humber,351,0,0,2021-02-01,145920.59651659982
15-24,Yorkshire_and_The_Humber,351,0,0,2021-02-01,1074440.3460863144
25-44,Yorkshire_and_The_Humber,351,0,0,2021-02-01,1109373.4794161317
45-64,Yorkshire_and_The_Humber,351,0,0,2021-02-01,510799.2358996739
65-74,Yorkshire_and_The_Humber,351,0,0,2021-02-01,451306.1702025497
75+,Yorkshire_and_The_Humber,351,0,0,2021-02-01,366510.79003192694
1-4,Yorkshire_and_The_Humber,352,0,0,2021-02-02,503965.09670831857
5-14,Yorkshire_and_The_Humber,352,0,0,2021-02-02,145920.59651659982
15-24,Yorkshire_and_The_Humber,352,0,0,2021-02-02,1074440.3460863144
25-44,Yorkshire_and_The_Humber,352,0,0,2021-02-02,1109373.4794161317
45-64,Yorkshire_and_The_Humber,352,0,0,2021-02-02,510799.2358996739
65-74,Yorkshire_and_The_Humber,352,0,0,2021-02-02,451306.1702025497
75+,Yorkshire_and_The_Humber,352,0,0,2021-02-02,366510.79003192694
1-4,Yorkshire_and_The_Humber,353,0,0,2021-02-03,503965.09670831857
5-14,Yorkshire_and_The_Humber,353,7.434722282242888,0.47171665169400473,2021-02-03,145920.59651659982
15-24,Yorkshire_and_The_Humber,353,9.963518644062477,0.3948094324636029,2021-02-03,1074440.3460863144
25-44,Yorkshire_and_The_Humber,353,9.485533368342605,0.3926049132092039,2021-02-03,1109373.4794161317
45-64,Yorkshire_and_The_Humber,353,8.463904649747837,0.41446185837101474,2021-02-03,510799.2358996739
65-74,Yorkshire_and_The_Humber,353,7.7127115575608585,0.1798522125354648,2021-02-03,451306.1702025497
75+,Yorkshire_and_The_Humber,353,7.717004856291195,0.21375167854681695,2021-02-03,366510.79003192694
1-4,Yorkshire_and_The_Humber,354,0,0,2021-02-04,503965.09670831857
5-14,Yorkshire_and_The_Humber,354,0,0,2021-02-04,145920.59651659982
15-24,Yorkshire_and_The_Humber,354,0,0,2021-02-04,1074440.3460863144
25-44,Yorkshire_and_The_Humber,354,0,0,2021-02-04,1109373.4794161317
45-64,Yorkshire_and_The_Humber,354,0,0,2021-02-04,510799.2358996739
65-74,Yorkshire_and_The_Humber,354,0,0,2021-02-04,451306.1702025497
75+,Yorkshire_and_The_Humber,354,0,0,2021-02-04,366510.79003192694
1-4,Yorkshire_and_The_Humber,355,0,0,2021-02-05,503965.09670831857
5-14,Yorkshire_and_The_Humber,355,0,0,2021-02-05,145920.59651659982
15-24,Yorkshire_and_The_Humber,355,0,0,2021-02-05,1074440.3460863144
25-44,Yorkshire_and_The_Humber,355,0,0,2021-02-05,1109373.4794161317
45-64,Yorkshire_and_The_Humber,355,0,0,2021-02-05,510799.2358996739
65-74,Yorkshire_and_The_Humber,355,0,0,2021-02-05,451306.1702025497
75+,Yorkshire_and_The_Humber,355,0,0,2021-02-05,366510.79003192694
1-4,Yorkshire_and_The_Humber,356,0,0,2021-02-06,503965.09670831857
5-14,Yorkshire_and_The_Humber,356,0,0,2021-02-06,145920.59651659982
15-24,Yorkshire_and_The_Humber,356,0,0,2021-02-06,1074440.3460863144
25-44,Yorkshire_and_The_Humber,356,0,0,2021-02-06,1109373.4794161317
45-64,Yorkshire_and_The_Humber,356,0,0,2021-02-06,510799.2358996739
65-74,Yorkshire_and_The_Humber,356,0,0,2021-02-06,451306.1702025497
75+,Yorkshire_and_The_Humber,356,0,0,2021-02-06,366510.79003192694
1-4,Yorkshire_and_The_Humber,357,0,0,2021-02-07,503965.09670831857
5-14,Yorkshire_and_The_Humber,357,0,0,2021-02-07,145920.59651659982
15-24,Yorkshire_and_The_Humber,357,0,0,2021-02-07,1074440.3460863144
25-44,Yorkshire_and_The_Humber,357,0,0,2021-02-07,1109373.4794161317
45-64,Yorkshire_and_The_Humber,357,0,0,2021-02-07,510799.2358996739
65-74,Yorkshire_and_The_Humber,357,0,0,2021-02-07,451306.1702025497
75+,Yorkshire_and_The_Humber,357,0,0,2021-02-07,366510.79003192694
1-4,Yorkshire_and_The_Humber,358,0,0,2021-02-08,503965.09670831857
5-14,Yorkshire_and_The_Humber,358,0,0,2021-02-08,145920.59651659982
15-24,Yorkshire_and_The_Humber,358,0,0,2021-02-08,1074440.3460863144
25-44,Yorkshire_and_The_Humber,358,0,0,2021-02-08,1109373.4794161317
45-64,Yorkshire_and_The_Humber,358,0,0,2021-02-08,510799.2358996739
65-74,Yorkshire_and_The_Humber,358,0,0,2021-02-08,451306.1702025497
75+,Yorkshire_and_The_Humber,358,0,0,2021-02-08,366510.79003192694
1-4,Yorkshire_and_The_Humber,359,0,0,2021-02-09,503965.09670831857
5-14,Yorkshire_and_The_Humber,359,0,0,2021-02-09,145920.59651659982
15-24,Yorkshire_and_The_Humber,359,0,0,2021-02-09,1074440.3460863144
25-44,Yorkshire_and_The_Humber,359,0,0,2021-02-09,1109373.4794161317
45-64,Yorkshire_and_The_Humber,359,0,0,2021-02-09,510799.2358996739
65-74,Yorkshire_and_The_Humber,359,0,0,2021-02-09,451306.1702025497
75+,Yorkshire_and_The_Humber,359,0,0,2021-02-09,366510.79003192694
1-4,Yorkshire_and_The_Humber,360,0,0,2021-02-10,503965.09670831857
5-14,Yorkshire_and_The_Humber,360,0,0,2021-02-10,145920.59651659982
15-24,Yorkshire_and_The_Humber,360,0,0,2021-02-10,1074440.3460863144
25-44,Yorkshire_and_The_Humber,360,0,0,2021-02-10,1109373.4794161317
45-64,Yorkshire_and_The_Humber,360,0,0,2021-02-10,510799.2358996739
65-74,Yorkshire_and_The_Humber,360,0,0,2021-02-10,451306.1702025497
75+,Yorkshire_and_The_Humber,360,0,0,2021-02-10,366510.79003192694
1-4,Yorkshire_and_The_Humber,361,0,0,2021-02-11,503965.09670831857
5-14,Yorkshire_and_The_Humber,361,0,0,2021-02-11,145920.59651659982
15-24,Yorkshire_and_The_Humber,361,0,0,2021-02-11,1074440.3460863144
25-44,Yorkshire_and_The_Humber,361,0,0,2021-02-11,1109373.4794161317
45-64,Yorkshire_and_The_Humber,361,0,0,2021-02-11,510799.2358996739
65-74,Yorkshire_and_The_Humber,361,0,0,2021-02-11,451306.1702025497
75+,Yorkshire_and_The_Humber,361,0,0,2021-02-11,366510.79003192694
1-4,Yorkshire_and_The_Humber,362,0,0,2021-02-12,503965.09670831857
5-14,Yorkshire_and_The_Humber,362,0,0,2021-02-12,145920.59651659982
15-24,Yorkshire_and_The_Humber,362,0,0,2021-02-12,1074440.3460863144
25-44,Yorkshire_and_The_Humber,362,0,0,2021-02-12,1109373.4794161317
45-64,Yorkshire_and_The_Humber,362,0,0,2021-02-12,510799.2358996739
65-74,Yorkshire_and_The_Humber,362,0,0,2021-02-12,451306.1702025497
75+,Yorkshire_and_The_Humber,362,0,0,2021-02-12,366510.79003192694
1-4,Yorkshire_and_The_Humber,363,0,0,2021-02-13,503965.09670831857
5-14,Yorkshire_and_The_Humber,363,0,0,2021-02-13,145920.59651659982
15-24,Yorkshire_and_The_Humber,363,0,0,2021-02-13,1074440.3460863144
25-44,Yorkshire_and_The_Humber,363,0,0,2021-02-13,1109373.4794161317
45-64,Yorkshire_and_The_Humber,363,0,0,2021-02-13,510799.2358996739
65-74,Yorkshire_and_The_Humber,363,0,0,2021-02-13,451306.1702025497
75+,Yorkshire_and_The_Humber,363,0,0,2021-02-13,366510.79003192694
1-4,Yorkshire_and_The_Humber,364,0,0,2021-02-14,503965.09670831857
5-14,Yorkshire_and_The_Humber,364,0,0,2021-02-14,145920.59651659982
15-24,Yorkshire_and_The_Humber,364,0,0,2021-02-14,1074440.3460863144
25-44,Yorkshire_and_The_Humber,364,0,0,2021-02-14,1109373.4794161317
45-64,Yorkshire_and_The_Humber,364,0,0,2021-02-14,510799.2358996739
65-74,Yorkshire_and_The_Humber,364,0,0,2021-02-14,451306.1702025497
75+,Yorkshire_and_The_Humber,364,0,0,2021-02-14,366510.79003192694
1-4,Yorkshire_and_The_Humber,365,0,0,2021-02-15,503965.09670831857
5-14,Yorkshire_and_The_Humber,365,0,0,2021-02-15,145920.59651659982
15-24,Yorkshire_and_The_Humber,365,0,0,2021-02-15,1074440.3460863144
25-44,Yorkshire_and_The_Humber,365,0,0,2021-02-15,1109373.4794161317
45-64,Yorkshire_and_The_Humber,365,0,0,2021-02-15,510799.2358996739
65-74,Yorkshire_and_The_Humber,365,0,0,2021-02-15,451306.1702025497
75+,Yorkshire_and_The_Humber,365,0,0,2021-02-15,366510.79003192694
1-4,Yorkshire_and_The_Humber,366,0,0,2021-02-16,503965.09670831857
5-14,Yorkshire_and_The_Humber,366,0,0,2021-02-16,145920.59651659982
15-24,Yorkshire_and_The_Humber,366,0,0,2021-02-16,1074440.3460863144
25-44,Yorkshire_and_The_Humber,366,0,0,2021-02-16,1109373.4794161317
45-64,Yorkshire_and_The_Humber,366,0,0,2021-02-16,510799.2358996739
65-74,Yorkshire_and_The_Humber,366,0,0,2021-02-16,451306.1702025497
75+,Yorkshire_and_The_Humber,366,0,0,2021-02-16,366510.79003192694
1-4,Yorkshire_and_The_Humber,367,0,0,2021-02-17,503965.09670831857
5-14,Yorkshire_and_The_Humber,367,7.3783450824028805,0.47510043073972125,2021-02-17,145920.59651659982
15-24,Yorkshire_and_The_Humber,367,9.665172563718993,0.4012287328594027,2021-02-17,1074440.3460863144
25-44,Yorkshire_and_The_Humber,367,9.112976369649099,0.3992425153125812,2021-02-17,1109373.4794161317
45-64,Yorkshire_and_The_Humber,367,7.963903226328925,0.42775877058239936,2021-02-17,510799.2358996739
65-74,Yorkshire_and_The_Humber,367,7.227652891214857,0.21037422221174237,2021-02-17,451306.1702025497
75+,Yorkshire_and_The_Humber,367,7.3916150569060655,0.23658096620673447,2021-02-17,366510.79003192694
1-4,Yorkshire_and_The_Humber,368,0,0,2021-02-18,503965.09670831857
5-14,Yorkshire_and_The_Humber,368,0,0,2021-02-18,145920.59651659982
15-24,Yorkshire_and_The_Humber,368,0,0,2021-02-18,1074440.3460863144
25-44,Yorkshire_and_The_Humber,368,0,0,2021-02-18,1109373.4794161317
45-64,Yorkshire_and_The_Humber,368,0,0,2021-02-18,510799.2358996739
65-74,Yorkshire_and_The_Humber,368,0,0,2021-02-18,451306.1702025497
75+,Yorkshire_and_The_Humber,368,0,0,2021-02-18,366510.79003192694
1-4,Yorkshire_and_The_Humber,369,0,0,2021-02-19,503965.09670831857
5-14,Yorkshire_and_The_Humber,369,0,0,2021-02-19,145920.59651659982
15-24,Yorkshire_and_The_Humber,369,0,0,2021-02-19,1074440.3460863144
25-44,Yorkshire_and_The_Humber,369,0,0,2021-02-19,1109373.4794161317
45-64,Yorkshire_and_The_Humber,369,0,0,2021-02-19,510799.2358996739
65-74,Yorkshire_and_The_Humber,369,0,0,2021-02-19,451306.1702025497
75+,Yorkshire_and_The_Humber,369,0,0,2021-02-19,366510.79003192694
1-4,Yorkshire_and_The_Humber,370,0,0,2021-02-20,503965.09670831857
5-14,Yorkshire_and_The_Humber,370,0,0,2021-02-20,145920.59651659982
15-24,Yorkshire_and_The_Humber,370,0,0,2021-02-20,1074440.3460863144
25-44,Yorkshire_and_The_Humber,370,0,0,2021-02-20,1109373.4794161317
45-64,Yorkshire_and_The_Humber,370,0,0,2021-02-20,510799.2358996739
65-74,Yorkshire_and_The_Humber,370,0,0,2021-02-20,451306.1702025497
75+,Yorkshire_and_The_Humber,370,0,0,2021-02-20,366510.79003192694
1-4,Yorkshire_and_The_Humber,371,0,0,2021-02-21,503965.09670831857
5-14,Yorkshire_and_The_Humber,371,0,0,2021-02-21,145920.59651659982
15-24,Yorkshire_and_The_Humber,371,0,0,2021-02-21,1074440.3460863144
25-44,Yorkshire_and_The_Humber,371,0,0,2021-02-21,1109373.4794161317
45-64,Yorkshire_and_The_Humber,371,0,0,2021-02-21,510799.2358996739
65-74,Yorkshire_and_The_Humber,371,0,0,2021-02-21,451306.1702025497
75+,Yorkshire_and_The_Humber,371,0,0,2021-02-21,366510.79003192694
1-4,Yorkshire_and_The_Humber,372,0,0,2021-02-22,503965.09670831857
5-14,Yorkshire_and_The_Humber,372,0,0,2021-02-22,145920.59651659982
15-24,Yorkshire_and_The_Humber,372,0,0,2021-02-22,1074440.3460863144
25-44,Yorkshire_and_The_Humber,372,0,0,2021-02-22,1109373.4794161317
45-64,Yorkshire_and_The_Humber,372,0,0,2021-02-22,510799.2358996739
65-74,Yorkshire_and_The_Humber,372,0,0,2021-02-22,451306.1702025497
75+,Yorkshire_and_The_Humber,372,0,0,2021-02-22,366510.79003192694
1-4,Yorkshire_and_The_Humber,373,0,0,2021-02-23,503965.09670831857
5-14,Yorkshire_and_The_Humber,373,0,0,2021-02-23,145920.59651659982
15-24,Yorkshire_and_The_Humber,373,0,0,2021-02-23,1074440.3460863144
25-44,Yorkshire_and_The_Humber,373,0,0,2021-02-23,1109373.4794161317
45-64,Yorkshire_and_The_Humber,373,0,0,2021-02-23,510799.2358996739
65-74,Yorkshire_and_The_Humber,373,0,0,2021-02-23,451306.1702025497
75+,Yorkshire_and_The_Humber,373,0,0,2021-02-23,366510.79003192694
1-4,Yorkshire_and_The_Humber,374,0,0,2021-02-24,503965.09670831857
5-14,Yorkshire_and_The_Humber,374,0,0,2021-02-24,145920.59651659982
15-24,Yorkshire_and_The_Humber,374,0,0,2021-02-24,1074440.3460863144
25-44,Yorkshire_and_The_Humber,374,0,0,2021-02-24,1109373.4794161317
45-64,Yorkshire_and_The_Humber,374,0,0,2021-02-24,510799.2358996739
65-74,Yorkshire_and_The_Humber,374,0,0,2021-02-24,451306.1702025497
75+,Yorkshire_and_The_Humber,374,0,0,2021-02-24,366510.79003192694
1-4,Yorkshire_and_The_Humber,375,0,0,2021-02-25,503965.09670831857
5-14,Yorkshire_and_The_Humber,375,0,0,2021-02-25,145920.59651659982
15-24,Yorkshire_and_The_Humber,375,0,0,2021-02-25,1074440.3460863144
25-44,Yorkshire_and_The_Humber,375,0,0,2021-02-25,1109373.4794161317
45-64,Yorkshire_and_The_Humber,375,0,0,2021-02-25,510799.2358996739
65-74,Yorkshire_and_The_Humber,375,0,0,2021-02-25,451306.1702025497
75+,Yorkshire_and_The_Humber,375,0,0,2021-02-25,366510.79003192694
1-4,Yorkshire_and_The_Humber,376,0,0,2021-02-26,503965.09670831857
5-14,Yorkshire_and_The_Humber,376,0,0,2021-02-26,145920.59651659982
15-24,Yorkshire_and_The_Humber,376,0,0,2021-02-26,1074440.3460863144
25-44,Yorkshire_and_The_Humber,376,0,0,2021-02-26,1109373.4794161317
45-64,Yorkshire_and_The_Humber,376,0,0,2021-02-26,510799.2358996739
65-74,Yorkshire_and_The_Humber,376,0,0,2021-02-26,451306.1702025497
75+,Yorkshire_and_The_Humber,376,0,0,2021-02-26,366510.79003192694
1-4,Yorkshire_and_The_Humber,377,0,0,2021-02-27,503965.09670831857
5-14,Yorkshire_and_The_Humber,377,0,0,2021-02-27,145920.59651659982
15-24,Yorkshire_and_The_Humber,377,0,0,2021-02-27,1074440.3460863144
25-44,Yorkshire_and_The_Humber,377,0,0,2021-02-27,1109373.4794161317
45-64,Yorkshire_and_The_Humber,377,0,0,2021-02-27,510799.2358996739
65-74,Yorkshire_and_The_Humber,377,0,0,2021-02-27,451306.1702025497
75+,Yorkshire_and_The_Humber,377,0,0,2021-02-27,366510.79003192694
1-4,Yorkshire_and_The_Humber,378,0,0,2021-02-28,503965.09670831857
5-14,Yorkshire_and_The_Humber,378,0,0,2021-02-28,145920.59651659982
15-24,Yorkshire_and_The_Humber,378,0,0,2021-02-28,1074440.3460863144
25-44,Yorkshire_and_The_Humber,378,0,0,2021-02-28,1109373.4794161317
45-64,Yorkshire_and_The_Humber,378,0,0,2021-02-28,510799.2358996739
65-74,Yorkshire_and_The_Humber,378,0,0,2021-02-28,451306.1702025497
75+,Yorkshire_and_The_Humber,378,0,0,2021-02-28,366510.79003192694
1-4,Yorkshire_and_The_Humber,379,0,0,2021-03-01,503965.09670831857
5-14,Yorkshire_and_The_Humber,379,0,0,2021-03-01,145920.59651659982
15-24,Yorkshire_and_The_Humber,379,0,0,2021-03-01,1074440.3460863144
25-44,Yorkshire_and_The_Humber,379,0,0,2021-03-01,1109373.4794161317
45-64,Yorkshire_and_The_Humber,379,0,0,2021-03-01,510799.2358996739
65-74,Yorkshire_and_The_Humber,379,0,0,2021-03-01,451306.1702025497
75+,Yorkshire_and_The_Humber,379,0,0,2021-03-01,366510.79003192694
1-4,Yorkshire_and_The_Humber,380,0,0,2021-03-02,503965.09670831857
5-14,Yorkshire_and_The_Humber,380,0,0,2021-03-02,145920.59651659982
15-24,Yorkshire_and_The_Humber,380,0,0,2021-03-02,1074440.3460863144
25-44,Yorkshire_and_The_Humber,380,0,0,2021-03-02,1109373.4794161317
45-64,Yorkshire_and_The_Humber,380,0,0,2021-03-02,510799.2358996739
65-74,Yorkshire_and_The_Humber,380,0,0,2021-03-02,451306.1702025497
75+,Yorkshire_and_The_Humber,380,0,0,2021-03-02,366510.79003192694
1-4,Yorkshire_and_The_Humber,381,0,0,2021-03-03,503965.09670831857
5-14,Yorkshire_and_The_Humber,381,7.537989723698476,0.47197644484551055,2021-03-03,145920.59651659982
15-24,Yorkshire_and_The_Humber,381,9.27268339362008,0.40950706662640785,2021-03-03,1074440.3460863144
25-44,Yorkshire_and_The_Humber,381,8.797993078799191,0.4043162373128522,2021-03-03,1109373.4794161317
45-64,Yorkshire_and_The_Humber,381,7.673057515004361,0.44237472355256335,2021-03-03,510799.2358996739
65-74,Yorkshire_and_The_Humber,381,6.89178094724949,0.2392563697600863,2021-03-03,451306.1702025497
75+,Yorkshire_and_The_Humber,381,6.944250384815077,0.2897462472099742,2021-03-03,366510.79003192694
1-4,Yorkshire_and_The_Humber,382,0,0,2021-03-04,503965.09670831857
5-14,Yorkshire_and_The_Humber,382,0,0,2021-03-04,145920.59651659982
15-24,Yorkshire_and_The_Humber,382,0,0,2021-03-04,1074440.3460863144
25-44,Yorkshire_and_The_Humber,382,0,0,2021-03-04,1109373.4794161317
45-64,Yorkshire_and_The_Humber,382,0,0,2021-03-04,510799.2358996739
65-74,Yorkshire_and_The_Humber,382,0,0,2021-03-04,451306.1702025497
75+,Yorkshire_and_The_Humber,382,0,0,2021-03-04,366510.79003192694
1-4,Yorkshire_and_The_Humber,383,0,0,2021-03-05,503965.09670831857
5-14,Yorkshire_and_The_Humber,383,0,0,2021-03-05,145920.59651659982
15-24,Yorkshire_and_The_Humber,383,0,0,2021-03-05,1074440.3460863144
25-44,Yorkshire_and_The_Humber,383,0,0,2021-03-05,1109373.4794161317
45-64,Yorkshire_and_The_Humber,383,0,0,2021-03-05,510799.2358996739
65-74,Yorkshire_and_The_Humber,383,0,0,2021-03-05,451306.1702025497
75+,Yorkshire_and_The_Humber,383,0,0,2021-03-05,366510.79003192694
1-4,Yorkshire_and_The_Humber,384,0,0,2021-03-06,503965.09670831857
5-14,Yorkshire_and_The_Humber,384,0,0,2021-03-06,145920.59651659982
15-24,Yorkshire_and_The_Humber,384,0,0,2021-03-06,1074440.3460863144
25-44,Yorkshire_and_The_Humber,384,0,0,2021-03-06,1109373.4794161317
45-64,Yorkshire_and_The_Humber,384,0,0,2021-03-06,510799.2358996739
65-74,Yorkshire_and_The_Humber,384,0,0,2021-03-06,451306.1702025497
75+,Yorkshire_and_The_Humber,384,0,0,2021-03-06,366510.79003192694
1-4,Yorkshire_and_The_Humber,385,0,0,2021-03-07,503965.09670831857
5-14,Yorkshire_and_The_Humber,385,0,0,2021-03-07,145920.59651659982
15-24,Yorkshire_and_The_Humber,385,0,0,2021-03-07,1074440.3460863144
25-44,Yorkshire_and_The_Humber,385,0,0,2021-03-07,1109373.4794161317
45-64,Yorkshire_and_The_Humber,385,0,0,2021-03-07,510799.2358996739
65-74,Yorkshire_and_The_Humber,385,0,0,2021-03-07,451306.1702025497
75+,Yorkshire_and_The_Humber,385,0,0,2021-03-07,366510.79003192694
1-4,Yorkshire_and_The_Humber,386,0,0,2021-03-08,503965.09670831857
5-14,Yorkshire_and_The_Humber,386,0,0,2021-03-08,145920.59651659982
15-24,Yorkshire_and_The_Humber,386,0,0,2021-03-08,1074440.3460863144
25-44,Yorkshire_and_The_Humber,386,0,0,2021-03-08,1109373.4794161317
45-64,Yorkshire_and_The_Humber,386,0,0,2021-03-08,510799.2358996739
65-74,Yorkshire_and_The_Humber,386,0,0,2021-03-08,451306.1702025497
75+,Yorkshire_and_The_Humber,386,0,0,2021-03-08,366510.79003192694
1-4,Yorkshire_and_The_Humber,387,0,0,2021-03-09,503965.09670831857
5-14,Yorkshire_and_The_Humber,387,0,0,2021-03-09,145920.59651659982
15-24,Yorkshire_and_The_Humber,387,0,0,2021-03-09,1074440.3460863144
25-44,Yorkshire_and_The_Humber,387,0,0,2021-03-09,1109373.4794161317
45-64,Yorkshire_and_The_Humber,387,0,0,2021-03-09,510799.2358996739
65-74,Yorkshire_and_The_Humber,387,0,0,2021-03-09,451306.1702025497
75+,Yorkshire_and_The_Humber,387,0,0,2021-03-09,366510.79003192694
1-4,Yorkshire_and_The_Humber,388,0,0,2021-03-10,503965.09670831857
5-14,Yorkshire_and_The_Humber,388,0,0,2021-03-10,145920.59651659982
15-24,Yorkshire_and_The_Humber,388,0,0,2021-03-10,1074440.3460863144
25-44,Yorkshire_and_The_Humber,388,0,0,2021-03-10,1109373.4794161317
45-64,Yorkshire_and_The_Humber,388,0,0,2021-03-10,510799.2358996739
65-74,Yorkshire_and_The_Humber,388,0,0,2021-03-10,451306.1702025497
75+,Yorkshire_and_The_Humber,388,0,0,2021-03-10,366510.79003192694
1-4,Yorkshire_and_The_Humber,389,0,0,2021-03-11,503965.09670831857
5-14,Yorkshire_and_The_Humber,389,0,0,2021-03-11,145920.59651659982
15-24,Yorkshire_and_The_Humber,389,0,0,2021-03-11,1074440.3460863144
25-44,Yorkshire_and_The_Humber,389,0,0,2021-03-11,1109373.4794161317
45-64,Yorkshire_and_The_Humber,389,0,0,2021-03-11,510799.2358996739
65-74,Yorkshire_and_The_Humber,389,0,0,2021-03-11,451306.1702025497
75+,Yorkshire_and_The_Humber,389,0,0,2021-03-11,366510.79003192694
1-4,Yorkshire_and_The_Humber,390,0,0,2021-03-12,503965.09670831857
5-14,Yorkshire_and_The_Humber,390,0,0,2021-03-12,145920.59651659982
15-24,Yorkshire_and_The_Humber,390,0,0,2021-03-12,1074440.3460863144
25-44,Yorkshire_and_The_Humber,390,0,0,2021-03-12,1109373.4794161317
45-64,Yorkshire_and_The_Humber,390,0,0,2021-03-12,510799.2358996739
65-74,Yorkshire_and_The_Humber,390,0,0,2021-03-12,451306.1702025497
75+,Yorkshire_and_The_Humber,390,0,0,2021-03-12,366510.79003192694
1-4,Yorkshire_and_The_Humber,391,0,0,2021-03-13,503965.09670831857
5-14,Yorkshire_and_The_Humber,391,0,0,2021-03-13,145920.59651659982
15-24,Yorkshire_and_The_Humber,391,0,0,2021-03-13,1074440.3460863144
25-44,Yorkshire_and_The_Humber,391,0,0,2021-03-13,1109373.4794161317
45-64,Yorkshire_and_The_Humber,391,0,0,2021-03-13,510799.2358996739
65-74,Yorkshire_and_The_Humber,391,0,0,2021-03-13,451306.1702025497
75+,Yorkshire_and_The_Humber,391,0,0,2021-03-13,366510.79003192694
1-4,Yorkshire_and_The_Humber,392,0,0,2021-03-14,503965.09670831857
5-14,Yorkshire_and_The_Humber,392,0,0,2021-03-14,145920.59651659982
15-24,Yorkshire_and_The_Humber,392,0,0,2021-03-14,1074440.3460863144
25-44,Yorkshire_and_The_Humber,392,0,0,2021-03-14,1109373.4794161317
45-64,Yorkshire_and_The_Humber,392,0,0,2021-03-14,510799.2358996739
65-74,Yorkshire_and_The_Humber,392,0,0,2021-03-14,451306.1702025497
75+,Yorkshire_and_The_Humber,392,0,0,2021-03-14,366510.79003192694
1-4,Yorkshire_and_The_Humber,393,0,0,2021-03-15,503965.09670831857
5-14,Yorkshire_and_The_Humber,393,0,0,2021-03-15,145920.59651659982
15-24,Yorkshire_and_The_Humber,393,0,0,2021-03-15,1074440.3460863144
25-44,Yorkshire_and_The_Humber,393,0,0,2021-03-15,1109373.4794161317
45-64,Yorkshire_and_The_Humber,393,0,0,2021-03-15,510799.2358996739
65-74,Yorkshire_and_The_Humber,393,0,0,2021-03-15,451306.1702025497
75+,Yorkshire_and_The_Humber,393,0,0,2021-03-15,366510.79003192694
1-4,Yorkshire_and_The_Humber,394,0,0,2021-03-16,503965.09670831857
5-14,Yorkshire_and_The_Humber,394,0,0,2021-03-16,145920.59651659982
15-24,Yorkshire_and_The_Humber,394,0,0,2021-03-16,1074440.3460863144
25-44,Yorkshire_and_The_Humber,394,0,0,2021-03-16,1109373.4794161317
45-64,Yorkshire_and_The_Humber,394,0,0,2021-03-16,510799.2358996739
65-74,Yorkshire_and_The_Humber,394,0,0,2021-03-16,451306.1702025497
75+,Yorkshire_and_The_Humber,394,0,0,2021-03-16,366510.79003192694
1-4,Yorkshire_and_The_Humber,395,0,0,2021-03-17,503965.09670831857
5-14,Yorkshire_and_The_Humber,395,8.128853694811916,0.5278418853707825,2021-03-17,145920.59651659982
15-24,Yorkshire_and_The_Humber,395,9.22666720481248,0.43566117938747856,2021-03-17,1074440.3460863144
25-44,Yorkshire_and_The_Humber,395,8.561704223593797,0.4326073054183149,2021-03-17,1109373.4794161317
45-64,Yorkshire_and_The_Humber,395,7.916340695038097,0.48765598966136464,2021-03-17,510799.2358996739
65-74,Yorkshire_and_The_Humber,395,6.904894526799545,0.35794170617987303,2021-03-17,451306.1702025497
75+,Yorkshire_and_The_Humber,395,6.616152523587532,0.4788042039401501,2021-03-17,366510.79003192694
1-4,South_West,75,0,0,2020-05-01,598144.3472245149
5-14,South_West,75,0,0,2020-05-01,177479.67637775035
15-24,South_West,75,0,0,2020-05-01,1311290.7469908274
25-44,South_West,75,0,0,2020-05-01,1502275.372806076
45-64,South_West,75,0,0,2020-05-01,648342.8177533837
65-74,South_West,75,0,0,2020-05-01,666918.5303497104
75+,South_West,75,0,0,2020-05-01,565863.6650850496
1-4,South_West,76,0,0,2020-05-02,598144.3472245149
5-14,South_West,76,0,0,2020-05-02,177479.67637775035
15-24,South_West,76,0,0,2020-05-02,1311290.7469908274
25-44,South_West,76,0,0,2020-05-02,1502275.372806076
45-64,South_West,76,0,0,2020-05-02,648342.8177533837
65-74,South_West,76,0,0,2020-05-02,666918.5303497104
75+,South_West,76,0,0,2020-05-02,565863.6650850496
1-4,South_West,77,0,0,2020-05-03,598144.3472245149
5-14,South_West,77,0,0,2020-05-03,177479.67637775035
15-24,South_West,77,0,0,2020-05-03,1311290.7469908274
25-44,South_West,77,0,0,2020-05-03,1502275.372806076
45-64,South_West,77,0,0,2020-05-03,648342.8177533837
65-74,South_West,77,0,0,2020-05-03,666918.5303497104
75+,South_West,77,0,0,2020-05-03,565863.6650850496
1-4,South_West,78,0,0,2020-05-04,598144.3472245149
5-14,South_West,78,0,0,2020-05-04,177479.67637775035
15-24,South_West,78,0,0,2020-05-04,1311290.7469908274
25-44,South_West,78,0,0,2020-05-04,1502275.372806076
45-64,South_West,78,0,0,2020-05-04,648342.8177533837
65-74,South_West,78,0,0,2020-05-04,666918.5303497104
75+,South_West,78,0,0,2020-05-04,565863.6650850496
1-4,South_West,79,0,0,2020-05-05,598144.3472245149
5-14,South_West,79,0,0,2020-05-05,177479.67637775035
15-24,South_West,79,0,0,2020-05-05,1311290.7469908274
25-44,South_West,79,0,0,2020-05-05,1502275.372806076
45-64,South_West,79,0,0,2020-05-05,648342.8177533837
65-74,South_West,79,0,0,2020-05-05,666918.5303497104
75+,South_West,79,0,0,2020-05-05,565863.6650850496
1-4,South_West,80,0,0,2020-05-06,598144.3472245149
5-14,South_West,80,0,0,2020-05-06,177479.67637775035
15-24,South_West,80,0,0,2020-05-06,1311290.7469908274
25-44,South_West,80,0,0,2020-05-06,1502275.372806076
45-64,South_West,80,0,0,2020-05-06,648342.8177533837
65-74,South_West,80,0,0,2020-05-06,666918.5303497104
75+,South_West,80,0,0,2020-05-06,565863.6650850496
1-4,South_West,81,0,0,2020-05-07,598144.3472245149
5-14,South_West,81,0,0,2020-05-07,177479.67637775035
15-24,South_West,81,0,0,2020-05-07,1311290.7469908274
25-44,South_West,81,0,0,2020-05-07,1502275.372806076
45-64,South_West,81,0,0,2020-05-07,648342.8177533837
65-74,South_West,81,0,0,2020-05-07,666918.5303497104
75+,South_West,81,0,0,2020-05-07,565863.6650850496
1-4,South_West,82,0,0,2020-05-08,598144.3472245149
5-14,South_West,82,0,0,2020-05-08,177479.67637775035
15-24,South_West,82,0,0,2020-05-08,1311290.7469908274
25-44,South_West,82,0,0,2020-05-08,1502275.372806076
45-64,South_West,82,0,0,2020-05-08,648342.8177533837
65-74,South_West,82,0,0,2020-05-08,666918.5303497104
75+,South_West,82,0,0,2020-05-08,565863.6650850496
1-4,South_West,83,0,0,2020-05-09,598144.3472245149
5-14,South_West,83,0,0,2020-05-09,177479.67637775035
15-24,South_West,83,0,0,2020-05-09,1311290.7469908274
25-44,South_West,83,0,0,2020-05-09,1502275.372806076
45-64,South_West,83,0,0,2020-05-09,648342.8177533837
65-74,South_West,83,0,0,2020-05-09,666918.5303497104
75+,South_West,83,0,0,2020-05-09,565863.6650850496
1-4,South_West,84,0,0,2020-05-10,598144.3472245149
5-14,South_West,84,0,0,2020-05-10,177479.67637775035
15-24,South_West,84,0,0,2020-05-10,1311290.7469908274
25-44,South_West,84,0,0,2020-05-10,1502275.372806076
45-64,South_West,84,0,0,2020-05-10,648342.8177533837
65-74,South_West,84,0,0,2020-05-10,666918.5303497104
75+,South_West,84,0,0,2020-05-10,565863.6650850496
1-4,South_West,85,0,0,2020-05-11,598144.3472245149
5-14,South_West,85,0,0,2020-05-11,177479.67637775035
15-24,South_West,85,0,0,2020-05-11,1311290.7469908274
25-44,South_West,85,0,0,2020-05-11,1502275.372806076
45-64,South_West,85,0,0,2020-05-11,648342.8177533837
65-74,South_West,85,0,0,2020-05-11,666918.5303497104
75+,South_West,85,0,0,2020-05-11,565863.6650850496
1-4,South_West,86,0,0,2020-05-12,598144.3472245149
5-14,South_West,86,0,0,2020-05-12,177479.67637775035
15-24,South_West,86,0,0,2020-05-12,1311290.7469908274
25-44,South_West,86,0,0,2020-05-12,1502275.372806076
45-64,South_West,86,0,0,2020-05-12,648342.8177533837
65-74,South_West,86,0,0,2020-05-12,666918.5303497104
75+,South_West,86,0,0,2020-05-12,565863.6650850496
1-4,South_West,87,0,0,2020-05-13,598144.3472245149
5-14,South_West,87,7.620499028739235,0.657992916445448,2020-05-13,177479.67637775035
15-24,South_West,87,8.804510052047165,0.5672983564556888,2020-05-13,1311290.7469908274
25-44,South_West,87,8.266985360818962,0.5698986306955529,2020-05-13,1502275.372806076
45-64,South_West,87,7.81563992329108,0.5962186986736143,2020-05-13,648342.8177533837
65-74,South_West,87,7.824136909072858,0.3934154310183083,2020-05-13,666918.5303497104
75+,South_West,87,8.868492662553564,0.3909510903728753,2020-05-13,565863.6650850496
1-4,South_West,88,0,0,2020-05-14,598144.3472245149
5-14,South_West,88,0,0,2020-05-14,177479.67637775035
15-24,South_West,88,0,0,2020-05-14,1311290.7469908274
25-44,South_West,88,0,0,2020-05-14,1502275.372806076
45-64,South_West,88,0,0,2020-05-14,648342.8177533837
65-74,South_West,88,0,0,2020-05-14,666918.5303497104
75+,South_West,88,0,0,2020-05-14,565863.6650850496
1-4,South_West,89,0,0,2020-05-15,598144.3472245149
5-14,South_West,89,0,0,2020-05-15,177479.67637775035
15-24,South_West,89,0,0,2020-05-15,1311290.7469908274
25-44,South_West,89,0,0,2020-05-15,1502275.372806076
45-64,South_West,89,0,0,2020-05-15,648342.8177533837
65-74,South_West,89,0,0,2020-05-15,666918.5303497104
75+,South_West,89,0,0,2020-05-15,565863.6650850496
1-4,South_West,90,0,0,2020-05-16,598144.3472245149
5-14,South_West,90,0,0,2020-05-16,177479.67637775035
15-24,South_West,90,0,0,2020-05-16,1311290.7469908274
25-44,South_West,90,0,0,2020-05-16,1502275.372806076
45-64,South_West,90,0,0,2020-05-16,648342.8177533837
65-74,South_West,90,0,0,2020-05-16,666918.5303497104
75+,South_West,90,0,0,2020-05-16,565863.6650850496
1-4,South_West,91,0,0,2020-05-17,598144.3472245149
5-14,South_West,91,0,0,2020-05-17,177479.67637775035
15-24,South_West,91,0,0,2020-05-17,1311290.7469908274
25-44,South_West,91,0,0,2020-05-17,1502275.372806076
45-64,South_West,91,0,0,2020-05-17,648342.8177533837
65-74,South_West,91,0,0,2020-05-17,666918.5303497104
75+,South_West,91,0,0,2020-05-17,565863.6650850496
1-4,South_West,92,0,0,2020-05-18,598144.3472245149
5-14,South_West,92,0,0,2020-05-18,177479.67637775035
15-24,South_West,92,0,0,2020-05-18,1311290.7469908274
25-44,South_West,92,0,0,2020-05-18,1502275.372806076
45-64,South_West,92,0,0,2020-05-18,648342.8177533837
65-74,South_West,92,0,0,2020-05-18,666918.5303497104
75+,South_West,92,0,0,2020-05-18,565863.6650850496
1-4,South_West,93,0,0,2020-05-19,598144.3472245149
5-14,South_West,93,0,0,2020-05-19,177479.67637775035
15-24,South_West,93,0,0,2020-05-19,1311290.7469908274
25-44,South_West,93,0,0,2020-05-19,1502275.372806076
45-64,South_West,93,0,0,2020-05-19,648342.8177533837
65-74,South_West,93,0,0,2020-05-19,666918.5303497104
75+,South_West,93,0,0,2020-05-19,565863.6650850496
1-4,South_West,94,0,0,2020-05-20,598144.3472245149
5-14,South_West,94,0,0,2020-05-20,177479.67637775035
15-24,South_West,94,0,0,2020-05-20,1311290.7469908274
25-44,South_West,94,0,0,2020-05-20,1502275.372806076
45-64,South_West,94,0,0,2020-05-20,648342.8177533837
65-74,South_West,94,0,0,2020-05-20,666918.5303497104
75+,South_West,94,0,0,2020-05-20,565863.6650850496
1-4,South_West,95,0,0,2020-05-21,598144.3472245149
5-14,South_West,95,0,0,2020-05-21,177479.67637775035
15-24,South_West,95,0,0,2020-05-21,1311290.7469908274
25-44,South_West,95,0,0,2020-05-21,1502275.372806076
45-64,South_West,95,0,0,2020-05-21,648342.8177533837
65-74,South_West,95,0,0,2020-05-21,666918.5303497104
75+,South_West,95,0,0,2020-05-21,565863.6650850496
1-4,South_West,96,0,0,2020-05-22,598144.3472245149
5-14,South_West,96,0,0,2020-05-22,177479.67637775035
15-24,South_West,96,0,0,2020-05-22,1311290.7469908274
25-44,South_West,96,0,0,2020-05-22,1502275.372806076
45-64,South_West,96,0,0,2020-05-22,648342.8177533837
65-74,South_West,96,0,0,2020-05-22,666918.5303497104
75+,South_West,96,0,0,2020-05-22,565863.6650850496
1-4,South_West,97,0,0,2020-05-23,598144.3472245149
5-14,South_West,97,0,0,2020-05-23,177479.67637775035
15-24,South_West,97,0,0,2020-05-23,1311290.7469908274
25-44,South_West,97,0,0,2020-05-23,1502275.372806076
45-64,South_West,97,0,0,2020-05-23,648342.8177533837
65-74,South_West,97,0,0,2020-05-23,666918.5303497104
75+,South_West,97,0,0,2020-05-23,565863.6650850496
1-4,South_West,98,0,0,2020-05-24,598144.3472245149
5-14,South_West,98,0,0,2020-05-24,177479.67637775035
15-24,South_West,98,0,0,2020-05-24,1311290.7469908274
25-44,South_West,98,0,0,2020-05-24,1502275.372806076
45-64,South_West,98,0,0,2020-05-24,648342.8177533837
65-74,South_West,98,0,0,2020-05-24,666918.5303497104
75+,South_West,98,0,0,2020-05-24,565863.6650850496
1-4,South_West,99,0,0,2020-05-25,598144.3472245149
5-14,South_West,99,0,0,2020-05-25,177479.67637775035
15-24,South_West,99,0,0,2020-05-25,1311290.7469908274
25-44,South_West,99,0,0,2020-05-25,1502275.372806076
45-64,South_West,99,0,0,2020-05-25,648342.8177533837
65-74,South_West,99,0,0,2020-05-25,666918.5303497104
75+,South_West,99,0,0,2020-05-25,565863.6650850496
1-4,South_West,100,0,0,2020-05-26,598144.3472245149
5-14,South_West,100,0,0,2020-05-26,177479.67637775035
15-24,South_West,100,0,0,2020-05-26,1311290.7469908274
25-44,South_West,100,0,0,2020-05-26,1502275.372806076
45-64,South_West,100,0,0,2020-05-26,648342.8177533837
65-74,South_West,100,0,0,2020-05-26,666918.5303497104
75+,South_West,100,0,0,2020-05-26,565863.6650850496
1-4,South_West,101,0,0,2020-05-27,598144.3472245149
5-14,South_West,101,7.380040758070203,0.5704437906115367,2020-05-27,177479.67637775035
15-24,South_West,101,8.557090325156203,0.5055075452994454,2020-05-27,1311290.7469908274
25-44,South_West,101,8.030776717871278,0.5113855080136577,2020-05-27,1502275.372806076
45-64,South_West,101,7.555822406486351,0.5302247532572512,2020-05-27,648342.8177533837
65-74,South_West,101,7.456175327317659,0.3476273439265993,2020-05-27,666918.5303497104
75+,South_West,101,8.232270157744574,0.3657645515352347,2020-05-27,565863.6650850496
1-4,South_West,102,0,0,2020-05-28,598144.3472245149
5-14,South_West,102,0,0,2020-05-28,177479.67637775035
15-24,South_West,102,0,0,2020-05-28,1311290.7469908274
25-44,South_West,102,0,0,2020-05-28,1502275.372806076
45-64,South_West,102,0,0,2020-05-28,648342.8177533837
65-74,South_West,102,0,0,2020-05-28,666918.5303497104
75+,South_West,102,0,0,2020-05-28,565863.6650850496
1-4,South_West,103,0,0,2020-05-29,598144.3472245149
5-14,South_West,103,0,0,2020-05-29,177479.67637775035
15-24,South_West,103,0,0,2020-05-29,1311290.7469908274
25-44,South_West,103,0,0,2020-05-29,1502275.372806076
45-64,South_West,103,0,0,2020-05-29,648342.8177533837
65-74,South_West,103,0,0,2020-05-29,666918.5303497104
75+,South_West,103,0,0,2020-05-29,565863.6650850496
1-4,South_West,104,0,0,2020-05-30,598144.3472245149
5-14,South_West,104,0,0,2020-05-30,177479.67637775035
15-24,South_West,104,0,0,2020-05-30,1311290.7469908274
25-44,South_West,104,0,0,2020-05-30,1502275.372806076
45-64,South_West,104,0,0,2020-05-30,648342.8177533837
65-74,South_West,104,0,0,2020-05-30,666918.5303497104
75+,South_West,104,0,0,2020-05-30,565863.6650850496
1-4,South_West,105,0,0,2020-05-31,598144.3472245149
5-14,South_West,105,0,0,2020-05-31,177479.67637775035
15-24,South_West,105,0,0,2020-05-31,1311290.7469908274
25-44,South_West,105,0,0,2020-05-31,1502275.372806076
45-64,South_West,105,0,0,2020-05-31,648342.8177533837
65-74,South_West,105,0,0,2020-05-31,666918.5303497104
75+,South_West,105,0,0,2020-05-31,565863.6650850496
1-4,South_West,106,0,0,2020-06-01,598144.3472245149
5-14,South_West,106,0,0,2020-06-01,177479.67637775035
15-24,South_West,106,0,0,2020-06-01,1311290.7469908274
25-44,South_West,106,0,0,2020-06-01,1502275.372806076
45-64,South_West,106,0,0,2020-06-01,648342.8177533837
65-74,South_West,106,0,0,2020-06-01,666918.5303497104
75+,South_West,106,0,0,2020-06-01,565863.6650850496
1-4,South_West,107,0,0,2020-06-02,598144.3472245149
5-14,South_West,107,0,0,2020-06-02,177479.67637775035
15-24,South_West,107,0,0,2020-06-02,1311290.7469908274
25-44,South_West,107,0,0,2020-06-02,1502275.372806076
45-64,South_West,107,0,0,2020-06-02,648342.8177533837
65-74,South_West,107,0,0,2020-06-02,666918.5303497104
75+,South_West,107,0,0,2020-06-02,565863.6650850496
1-4,South_West,108,0,0,2020-06-03,598144.3472245149
5-14,South_West,108,0,0,2020-06-03,177479.67637775035
15-24,South_West,108,0,0,2020-06-03,1311290.7469908274
25-44,South_West,108,0,0,2020-06-03,1502275.372806076
45-64,South_West,108,0,0,2020-06-03,648342.8177533837
65-74,South_West,108,0,0,2020-06-03,666918.5303497104
75+,South_West,108,0,0,2020-06-03,565863.6650850496
1-4,South_West,109,0,0,2020-06-04,598144.3472245149
5-14,South_West,109,0,0,2020-06-04,177479.67637775035
15-24,South_West,109,0,0,2020-06-04,1311290.7469908274
25-44,South_West,109,0,0,2020-06-04,1502275.372806076
45-64,South_West,109,0,0,2020-06-04,648342.8177533837
65-74,South_West,109,0,0,2020-06-04,666918.5303497104
75+,South_West,109,0,0,2020-06-04,565863.6650850496
1-4,South_West,110,0,0,2020-06-05,598144.3472245149
5-14,South_West,110,0,0,2020-06-05,177479.67637775035
15-24,South_West,110,0,0,2020-06-05,1311290.7469908274
25-44,South_West,110,0,0,2020-06-05,1502275.372806076
45-64,South_West,110,0,0,2020-06-05,648342.8177533837
65-74,South_West,110,0,0,2020-06-05,666918.5303497104
75+,South_West,110,0,0,2020-06-05,565863.6650850496
1-4,South_West,111,0,0,2020-06-06,598144.3472245149
5-14,South_West,111,0,0,2020-06-06,177479.67637775035
15-24,South_West,111,0,0,2020-06-06,1311290.7469908274
25-44,South_West,111,0,0,2020-06-06,1502275.372806076
45-64,South_West,111,0,0,2020-06-06,648342.8177533837
65-74,South_West,111,0,0,2020-06-06,666918.5303497104
75+,South_West,111,0,0,2020-06-06,565863.6650850496
1-4,South_West,112,0,0,2020-06-07,598144.3472245149
5-14,South_West,112,0,0,2020-06-07,177479.67637775035
15-24,South_West,112,0,0,2020-06-07,1311290.7469908274
25-44,South_West,112,0,0,2020-06-07,1502275.372806076
45-64,South_West,112,0,0,2020-06-07,648342.8177533837
65-74,South_West,112,0,0,2020-06-07,666918.5303497104
75+,South_West,112,0,0,2020-06-07,565863.6650850496
1-4,South_West,113,0,0,2020-06-08,598144.3472245149
5-14,South_West,113,0,0,2020-06-08,177479.67637775035
15-24,South_West,113,0,0,2020-06-08,1311290.7469908274
25-44,South_West,113,0,0,2020-06-08,1502275.372806076
45-64,South_West,113,0,0,2020-06-08,648342.8177533837
65-74,South_West,113,0,0,2020-06-08,666918.5303497104
75+,South_West,113,0,0,2020-06-08,565863.6650850496
1-4,South_West,114,0,0,2020-06-09,598144.3472245149
5-14,South_West,114,0,0,2020-06-09,177479.67637775035
15-24,South_West,114,0,0,2020-06-09,1311290.7469908274
25-44,South_West,114,0,0,2020-06-09,1502275.372806076
45-64,South_West,114,0,0,2020-06-09,648342.8177533837
65-74,South_West,114,0,0,2020-06-09,666918.5303497104
75+,South_West,114,0,0,2020-06-09,565863.6650850496
1-4,South_West,115,0,0,2020-06-10,598144.3472245149
5-14,South_West,115,7.2669575347042885,0.5647526817313974,2020-06-10,177479.67637775035
15-24,South_West,115,8.440789446601379,0.5130361077907512,2020-06-10,1311290.7469908274
25-44,South_West,115,7.949440472146679,0.5038553467056962,2020-06-10,1502275.372806076
45-64,South_West,115,7.44002642521239,0.5303164926087334,2020-06-10,648342.8177533837
65-74,South_West,115,7.221322227472655,0.3593460444172527,2020-06-10,666918.5303497104
75+,South_West,115,7.802702863217678,0.37313525378677287,2020-06-10,565863.6650850496
1-4,South_West,116,0,0,2020-06-11,598144.3472245149
5-14,South_West,116,0,0,2020-06-11,177479.67637775035
15-24,South_West,116,0,0,2020-06-11,1311290.7469908274
25-44,South_West,116,0,0,2020-06-11,1502275.372806076
45-64,South_West,116,0,0,2020-06-11,648342.8177533837
65-74,South_West,116,0,0,2020-06-11,666918.5303497104
75+,South_West,116,0,0,2020-06-11,565863.6650850496
1-4,South_West,117,0,0,2020-06-12,598144.3472245149
5-14,South_West,117,0,0,2020-06-12,177479.67637775035
15-24,South_West,117,0,0,2020-06-12,1311290.7469908274
25-44,South_West,117,0,0,2020-06-12,1502275.372806076
45-64,South_West,117,0,0,2020-06-12,648342.8177533837
65-74,South_West,117,0,0,2020-06-12,666918.5303497104
75+,South_West,117,0,0,2020-06-12,565863.6650850496
1-4,South_West,118,0,0,2020-06-13,598144.3472245149
5-14,South_West,118,0,0,2020-06-13,177479.67637775035
15-24,South_West,118,0,0,2020-06-13,1311290.7469908274
25-44,South_West,118,0,0,2020-06-13,1502275.372806076
45-64,South_West,118,0,0,2020-06-13,648342.8177533837
65-74,South_West,118,0,0,2020-06-13,666918.5303497104
75+,South_West,118,0,0,2020-06-13,565863.6650850496
1-4,South_West,119,0,0,2020-06-14,598144.3472245149
5-14,South_West,119,0,0,2020-06-14,177479.67637775035
15-24,South_West,119,0,0,2020-06-14,1311290.7469908274
25-44,South_West,119,0,0,2020-06-14,1502275.372806076
45-64,South_West,119,0,0,2020-06-14,648342.8177533837
65-74,South_West,119,0,0,2020-06-14,666918.5303497104
75+,South_West,119,0,0,2020-06-14,565863.6650850496
1-4,South_West,120,0,0,2020-06-15,598144.3472245149
5-14,South_West,120,0,0,2020-06-15,177479.67637775035
15-24,South_West,120,0,0,2020-06-15,1311290.7469908274
25-44,South_West,120,0,0,2020-06-15,1502275.372806076
45-64,South_West,120,0,0,2020-06-15,648342.8177533837
65-74,South_West,120,0,0,2020-06-15,666918.5303497104
75+,South_West,120,0,0,2020-06-15,565863.6650850496
1-4,South_West,121,0,0,2020-06-16,598144.3472245149
5-14,South_West,121,0,0,2020-06-16,177479.67637775035
15-24,South_West,121,0,0,2020-06-16,1311290.7469908274
25-44,South_West,121,0,0,2020-06-16,1502275.372806076
45-64,South_West,121,0,0,2020-06-16,648342.8177533837
65-74,South_West,121,0,0,2020-06-16,666918.5303497104
75+,South_West,121,0,0,2020-06-16,565863.6650850496
1-4,South_West,122,0,0,2020-06-17,598144.3472245149
5-14,South_West,122,0,0,2020-06-17,177479.67637775035
15-24,South_West,122,0,0,2020-06-17,1311290.7469908274
25-44,South_West,122,0,0,2020-06-17,1502275.372806076
45-64,South_West,122,0,0,2020-06-17,648342.8177533837
65-74,South_West,122,0,0,2020-06-17,666918.5303497104
75+,South_West,122,0,0,2020-06-17,565863.6650850496
1-4,South_West,123,0,0,2020-06-18,598144.3472245149
5-14,South_West,123,0,0,2020-06-18,177479.67637775035
15-24,South_West,123,0,0,2020-06-18,1311290.7469908274
25-44,South_West,123,0,0,2020-06-18,1502275.372806076
45-64,South_West,123,0,0,2020-06-18,648342.8177533837
65-74,South_West,123,0,0,2020-06-18,666918.5303497104
75+,South_West,123,0,0,2020-06-18,565863.6650850496
1-4,South_West,124,0,0,2020-06-19,598144.3472245149
5-14,South_West,124,0,0,2020-06-19,177479.67637775035
15-24,South_West,124,0,0,2020-06-19,1311290.7469908274
25-44,South_West,124,0,0,2020-06-19,1502275.372806076
45-64,South_West,124,0,0,2020-06-19,648342.8177533837
65-74,South_West,124,0,0,2020-06-19,666918.5303497104
75+,South_West,124,0,0,2020-06-19,565863.6650850496
1-4,South_West,125,0,0,2020-06-20,598144.3472245149
5-14,South_West,125,0,0,2020-06-20,177479.67637775035
15-24,South_West,125,0,0,2020-06-20,1311290.7469908274
25-44,South_West,125,0,0,2020-06-20,1502275.372806076
45-64,South_West,125,0,0,2020-06-20,648342.8177533837
65-74,South_West,125,0,0,2020-06-20,666918.5303497104
75+,South_West,125,0,0,2020-06-20,565863.6650850496
1-4,South_West,126,0,0,2020-06-21,598144.3472245149
5-14,South_West,126,0,0,2020-06-21,177479.67637775035
15-24,South_West,126,0,0,2020-06-21,1311290.7469908274
25-44,South_West,126,0,0,2020-06-21,1502275.372806076
45-64,South_West,126,0,0,2020-06-21,648342.8177533837
65-74,South_West,126,0,0,2020-06-21,666918.5303497104
75+,South_West,126,0,0,2020-06-21,565863.6650850496
1-4,South_West,127,0,0,2020-06-22,598144.3472245149
5-14,South_West,127,0,0,2020-06-22,177479.67637775035
15-24,South_West,127,0,0,2020-06-22,1311290.7469908274
25-44,South_West,127,0,0,2020-06-22,1502275.372806076
45-64,South_West,127,0,0,2020-06-22,648342.8177533837
65-74,South_West,127,0,0,2020-06-22,666918.5303497104
75+,South_West,127,0,0,2020-06-22,565863.6650850496
1-4,South_West,128,0,0,2020-06-23,598144.3472245149
5-14,South_West,128,0,0,2020-06-23,177479.67637775035
15-24,South_West,128,0,0,2020-06-23,1311290.7469908274
25-44,South_West,128,0,0,2020-06-23,1502275.372806076
45-64,South_West,128,0,0,2020-06-23,648342.8177533837
65-74,South_West,128,0,0,2020-06-23,666918.5303497104
75+,South_West,128,0,0,2020-06-23,565863.6650850496
1-4,South_West,129,0,0,2020-06-24,598144.3472245149
5-14,South_West,129,7.2428466632366995,0.5608956427691036,2020-06-24,177479.67637775035
15-24,South_West,129,8.406902135271508,0.5187409886739873,2020-06-24,1311290.7469908274
25-44,South_West,129,7.959008958943929,0.5076333162930438,2020-06-24,1502275.372806076
45-64,South_West,129,7.424728499265622,0.5285516781541758,2020-06-24,648342.8177533837
65-74,South_West,129,7.1304010701928995,0.36272336804162514,2020-06-24,666918.5303497104
75+,South_West,129,7.579023420267512,0.36384453942440836,2020-06-24,565863.6650850496
1-4,South_West,130,0,0,2020-06-25,598144.3472245149
5-14,South_West,130,0,0,2020-06-25,177479.67637775035
15-24,South_West,130,0,0,2020-06-25,1311290.7469908274
25-44,South_West,130,0,0,2020-06-25,1502275.372806076
45-64,South_West,130,0,0,2020-06-25,648342.8177533837
65-74,South_West,130,0,0,2020-06-25,666918.5303497104
75+,South_West,130,0,0,2020-06-25,565863.6650850496
1-4,South_West,131,0,0,2020-06-26,598144.3472245149
5-14,South_West,131,0,0,2020-06-26,177479.67637775035
15-24,South_West,131,0,0,2020-06-26,1311290.7469908274
25-44,South_West,131,0,0,2020-06-26,1502275.372806076
45-64,South_West,131,0,0,2020-06-26,648342.8177533837
65-74,South_West,131,0,0,2020-06-26,666918.5303497104
75+,South_West,131,0,0,2020-06-26,565863.6650850496
1-4,South_West,132,0,0,2020-06-27,598144.3472245149
5-14,South_West,132,0,0,2020-06-27,177479.67637775035
15-24,South_West,132,0,0,2020-06-27,1311290.7469908274
25-44,South_West,132,0,0,2020-06-27,1502275.372806076
45-64,South_West,132,0,0,2020-06-27,648342.8177533837
65-74,South_West,132,0,0,2020-06-27,666918.5303497104
75+,South_West,132,0,0,2020-06-27,565863.6650850496
1-4,South_West,133,0,0,2020-06-28,598144.3472245149
5-14,South_West,133,0,0,2020-06-28,177479.67637775035
15-24,South_West,133,0,0,2020-06-28,1311290.7469908274
25-44,South_West,133,0,0,2020-06-28,1502275.372806076
45-64,South_West,133,0,0,2020-06-28,648342.8177533837
65-74,South_West,133,0,0,2020-06-28,666918.5303497104
75+,South_West,133,0,0,2020-06-28,565863.6650850496
1-4,South_West,134,0,0,2020-06-29,598144.3472245149
5-14,South_West,134,0,0,2020-06-29,177479.67637775035
15-24,South_West,134,0,0,2020-06-29,1311290.7469908274
25-44,South_West,134,0,0,2020-06-29,1502275.372806076
45-64,South_West,134,0,0,2020-06-29,648342.8177533837
65-74,South_West,134,0,0,2020-06-29,666918.5303497104
75+,South_West,134,0,0,2020-06-29,565863.6650850496
1-4,South_West,135,0,0,2020-06-30,598144.3472245149
5-14,South_West,135,0,0,2020-06-30,177479.67637775035
15-24,South_West,135,0,0,2020-06-30,1311290.7469908274
25-44,South_West,135,0,0,2020-06-30,1502275.372806076
45-64,South_West,135,0,0,2020-06-30,648342.8177533837
65-74,South_West,135,0,0,2020-06-30,666918.5303497104
75+,South_West,135,0,0,2020-06-30,565863.6650850496
1-4,South_West,136,0,0,2020-07-01,598144.3472245149
5-14,South_West,136,0,0,2020-07-01,177479.67637775035
15-24,South_West,136,0,0,2020-07-01,1311290.7469908274
25-44,South_West,136,0,0,2020-07-01,1502275.372806076
45-64,South_West,136,0,0,2020-07-01,648342.8177533837
65-74,South_West,136,0,0,2020-07-01,666918.5303497104
75+,South_West,136,0,0,2020-07-01,565863.6650850496
1-4,South_West,137,0,0,2020-07-02,598144.3472245149
5-14,South_West,137,0,0,2020-07-02,177479.67637775035
15-24,South_West,137,0,0,2020-07-02,1311290.7469908274
25-44,South_West,137,0,0,2020-07-02,1502275.372806076
45-64,South_West,137,0,0,2020-07-02,648342.8177533837
65-74,South_West,137,0,0,2020-07-02,666918.5303497104
75+,South_West,137,0,0,2020-07-02,565863.6650850496
1-4,South_West,138,0,0,2020-07-03,598144.3472245149
5-14,South_West,138,0,0,2020-07-03,177479.67637775035
15-24,South_West,138,0,0,2020-07-03,1311290.7469908274
25-44,South_West,138,0,0,2020-07-03,1502275.372806076
45-64,South_West,138,0,0,2020-07-03,648342.8177533837
65-74,South_West,138,0,0,2020-07-03,666918.5303497104
75+,South_West,138,0,0,2020-07-03,565863.6650850496
1-4,South_West,139,0,0,2020-07-04,598144.3472245149
5-14,South_West,139,0,0,2020-07-04,177479.67637775035
15-24,South_West,139,0,0,2020-07-04,1311290.7469908274
25-44,South_West,139,0,0,2020-07-04,1502275.372806076
45-64,South_West,139,0,0,2020-07-04,648342.8177533837
65-74,South_West,139,0,0,2020-07-04,666918.5303497104
75+,South_West,139,0,0,2020-07-04,565863.6650850496
1-4,South_West,140,0,0,2020-07-05,598144.3472245149
5-14,South_West,140,0,0,2020-07-05,177479.67637775035
15-24,South_West,140,0,0,2020-07-05,1311290.7469908274
25-44,South_West,140,0,0,2020-07-05,1502275.372806076
45-64,South_West,140,0,0,2020-07-05,648342.8177533837
65-74,South_West,140,0,0,2020-07-05,666918.5303497104
75+,South_West,140,0,0,2020-07-05,565863.6650850496
1-4,South_West,141,0,0,2020-07-06,598144.3472245149
5-14,South_West,141,0,0,2020-07-06,177479.67637775035
15-24,South_West,141,0,0,2020-07-06,1311290.7469908274
25-44,South_West,141,0,0,2020-07-06,1502275.372806076
45-64,South_West,141,0,0,2020-07-06,648342.8177533837
65-74,South_West,141,0,0,2020-07-06,666918.5303497104
75+,South_West,141,0,0,2020-07-06,565863.6650850496
1-4,South_West,142,0,0,2020-07-07,598144.3472245149
5-14,South_West,142,0,0,2020-07-07,177479.67637775035
15-24,South_West,142,0,0,2020-07-07,1311290.7469908274
25-44,South_West,142,0,0,2020-07-07,1502275.372806076
45-64,South_West,142,0,0,2020-07-07,648342.8177533837
65-74,South_West,142,0,0,2020-07-07,666918.5303497104
75+,South_West,142,0,0,2020-07-07,565863.6650850496
1-4,South_West,143,0,0,2020-07-08,598144.3472245149
5-14,South_West,143,7.22978546384803,0.5470426352606221,2020-07-08,177479.67637775035
15-24,South_West,143,8.325364825022817,0.5169266491864863,2020-07-08,1311290.7469908274
25-44,South_West,143,7.9614900993670545,0.49783575873077157,2020-07-08,1502275.372806076
45-64,South_West,143,7.423224207521671,0.5234778147205983,2020-07-08,648342.8177533837
65-74,South_West,143,7.078856869558073,0.3601659895953238,2020-07-08,666918.5303497104
75+,South_West,143,7.502602493044418,0.3549489325926672,2020-07-08,565863.6650850496
1-4,South_West,144,0,0,2020-07-09,598144.3472245149
5-14,South_West,144,0,0,2020-07-09,177479.67637775035
15-24,South_West,144,0,0,2020-07-09,1311290.7469908274
25-44,South_West,144,0,0,2020-07-09,1502275.372806076
45-64,South_West,144,0,0,2020-07-09,648342.8177533837
65-74,South_West,144,0,0,2020-07-09,666918.5303497104
75+,South_West,144,0,0,2020-07-09,565863.6650850496
1-4,South_West,145,0,0,2020-07-10,598144.3472245149
5-14,South_West,145,0,0,2020-07-10,177479.67637775035
15-24,South_West,145,0,0,2020-07-10,1311290.7469908274
25-44,South_West,145,0,0,2020-07-10,1502275.372806076
45-64,South_West,145,0,0,2020-07-10,648342.8177533837
65-74,South_West,145,0,0,2020-07-10,666918.5303497104
75+,South_West,145,0,0,2020-07-10,565863.6650850496
1-4,South_West,146,0,0,2020-07-11,598144.3472245149
5-14,South_West,146,0,0,2020-07-11,177479.67637775035
15-24,South_West,146,0,0,2020-07-11,1311290.7469908274
25-44,South_West,146,0,0,2020-07-11,1502275.372806076
45-64,South_West,146,0,0,2020-07-11,648342.8177533837
65-74,South_West,146,0,0,2020-07-11,666918.5303497104
75+,South_West,146,0,0,2020-07-11,565863.6650850496
1-4,South_West,147,0,0,2020-07-12,598144.3472245149
5-14,South_West,147,0,0,2020-07-12,177479.67637775035
15-24,South_West,147,0,0,2020-07-12,1311290.7469908274
25-44,South_West,147,0,0,2020-07-12,1502275.372806076
45-64,South_West,147,0,0,2020-07-12,648342.8177533837
65-74,South_West,147,0,0,2020-07-12,666918.5303497104
75+,South_West,147,0,0,2020-07-12,565863.6650850496
1-4,South_West,148,0,0,2020-07-13,598144.3472245149
5-14,South_West,148,0,0,2020-07-13,177479.67637775035
15-24,South_West,148,0,0,2020-07-13,1311290.7469908274
25-44,South_West,148,0,0,2020-07-13,1502275.372806076
45-64,South_West,148,0,0,2020-07-13,648342.8177533837
65-74,South_West,148,0,0,2020-07-13,666918.5303497104
75+,South_West,148,0,0,2020-07-13,565863.6650850496
1-4,South_West,149,0,0,2020-07-14,598144.3472245149
5-14,South_West,149,0,0,2020-07-14,177479.67637775035
15-24,South_West,149,0,0,2020-07-14,1311290.7469908274
25-44,South_West,149,0,0,2020-07-14,1502275.372806076
45-64,South_West,149,0,0,2020-07-14,648342.8177533837
65-74,South_West,149,0,0,2020-07-14,666918.5303497104
75+,South_West,149,0,0,2020-07-14,565863.6650850496
1-4,South_West,150,0,0,2020-07-15,598144.3472245149
5-14,South_West,150,0,0,2020-07-15,177479.67637775035
15-24,South_West,150,0,0,2020-07-15,1311290.7469908274
25-44,South_West,150,0,0,2020-07-15,1502275.372806076
45-64,South_West,150,0,0,2020-07-15,648342.8177533837
65-74,South_West,150,0,0,2020-07-15,666918.5303497104
75+,South_West,150,0,0,2020-07-15,565863.6650850496
1-4,South_West,151,0,0,2020-07-16,598144.3472245149
5-14,South_West,151,0,0,2020-07-16,177479.67637775035
15-24,South_West,151,0,0,2020-07-16,1311290.7469908274
25-44,South_West,151,0,0,2020-07-16,1502275.372806076
45-64,South_West,151,0,0,2020-07-16,648342.8177533837
65-74,South_West,151,0,0,2020-07-16,666918.5303497104
75+,South_West,151,0,0,2020-07-16,565863.6650850496
1-4,South_West,152,0,0,2020-07-17,598144.3472245149
5-14,South_West,152,0,0,2020-07-17,177479.67637775035
15-24,South_West,152,0,0,2020-07-17,1311290.7469908274
25-44,South_West,152,0,0,2020-07-17,1502275.372806076
45-64,South_West,152,0,0,2020-07-17,648342.8177533837
65-74,South_West,152,0,0,2020-07-17,666918.5303497104
75+,South_West,152,0,0,2020-07-17,565863.6650850496
1-4,South_West,153,0,0,2020-07-18,598144.3472245149
5-14,South_West,153,0,0,2020-07-18,177479.67637775035
15-24,South_West,153,0,0,2020-07-18,1311290.7469908274
25-44,South_West,153,0,0,2020-07-18,1502275.372806076
45-64,South_West,153,0,0,2020-07-18,648342.8177533837
65-74,South_West,153,0,0,2020-07-18,666918.5303497104
75+,South_West,153,0,0,2020-07-18,565863.6650850496
1-4,South_West,154,0,0,2020-07-19,598144.3472245149
5-14,South_West,154,0,0,2020-07-19,177479.67637775035
15-24,South_West,154,0,0,2020-07-19,1311290.7469908274
25-44,South_West,154,0,0,2020-07-19,1502275.372806076
45-64,South_West,154,0,0,2020-07-19,648342.8177533837
65-74,South_West,154,0,0,2020-07-19,666918.5303497104
75+,South_West,154,0,0,2020-07-19,565863.6650850496
1-4,South_West,155,0,0,2020-07-20,598144.3472245149
5-14,South_West,155,0,0,2020-07-20,177479.67637775035
15-24,South_West,155,0,0,2020-07-20,1311290.7469908274
25-44,South_West,155,0,0,2020-07-20,1502275.372806076
45-64,South_West,155,0,0,2020-07-20,648342.8177533837
65-74,South_West,155,0,0,2020-07-20,666918.5303497104
75+,South_West,155,0,0,2020-07-20,565863.6650850496
1-4,South_West,156,0,0,2020-07-21,598144.3472245149
5-14,South_West,156,0,0,2020-07-21,177479.67637775035
15-24,South_West,156,0,0,2020-07-21,1311290.7469908274
25-44,South_West,156,0,0,2020-07-21,1502275.372806076
45-64,South_West,156,0,0,2020-07-21,648342.8177533837
65-74,South_West,156,0,0,2020-07-21,666918.5303497104
75+,South_West,156,0,0,2020-07-21,565863.6650850496
1-4,South_West,157,0,0,2020-07-22,598144.3472245149
5-14,South_West,157,7.230355722088824,0.5413139409687486,2020-07-22,177479.67637775035
15-24,South_West,157,8.236633339265552,0.5134455567340903,2020-07-22,1311290.7469908274
25-44,South_West,157,7.982644872650059,0.49484291392515656,2020-07-22,1502275.372806076
45-64,South_West,157,7.440711631990077,0.5240746633138196,2020-07-22,648342.8177533837
65-74,South_West,157,7.034540563388068,0.3624120249906583,2020-07-22,666918.5303497104
75+,South_West,157,7.525929047317813,0.3521836573185934,2020-07-22,565863.6650850496
1-4,South_West,158,0,0,2020-07-23,598144.3472245149
5-14,South_West,158,0,0,2020-07-23,177479.67637775035
15-24,South_West,158,0,0,2020-07-23,1311290.7469908274
25-44,South_West,158,0,0,2020-07-23,1502275.372806076
45-64,South_West,158,0,0,2020-07-23,648342.8177533837
65-74,South_West,158,0,0,2020-07-23,666918.5303497104
75+,South_West,158,0,0,2020-07-23,565863.6650850496
1-4,South_West,159,0,0,2020-07-24,598144.3472245149
5-14,South_West,159,0,0,2020-07-24,177479.67637775035
15-24,South_West,159,0,0,2020-07-24,1311290.7469908274
25-44,South_West,159,0,0,2020-07-24,1502275.372806076
45-64,South_West,159,0,0,2020-07-24,648342.8177533837
65-74,South_West,159,0,0,2020-07-24,666918.5303497104
75+,South_West,159,0,0,2020-07-24,565863.6650850496
1-4,South_West,160,0,0,2020-07-25,598144.3472245149
5-14,South_West,160,0,0,2020-07-25,177479.67637775035
15-24,South_West,160,0,0,2020-07-25,1311290.7469908274
25-44,South_West,160,0,0,2020-07-25,1502275.372806076
45-64,South_West,160,0,0,2020-07-25,648342.8177533837
65-74,South_West,160,0,0,2020-07-25,666918.5303497104
75+,South_West,160,0,0,2020-07-25,565863.6650850496
1-4,South_West,161,0,0,2020-07-26,598144.3472245149
5-14,South_West,161,0,0,2020-07-26,177479.67637775035
15-24,South_West,161,0,0,2020-07-26,1311290.7469908274
25-44,South_West,161,0,0,2020-07-26,1502275.372806076
45-64,South_West,161,0,0,2020-07-26,648342.8177533837
65-74,South_West,161,0,0,2020-07-26,666918.5303497104
75+,South_West,161,0,0,2020-07-26,565863.6650850496
1-4,South_West,162,0,0,2020-07-27,598144.3472245149
5-14,South_West,162,0,0,2020-07-27,177479.67637775035
15-24,South_West,162,0,0,2020-07-27,1311290.7469908274
25-44,South_West,162,0,0,2020-07-27,1502275.372806076
45-64,South_West,162,0,0,2020-07-27,648342.8177533837
65-74,South_West,162,0,0,2020-07-27,666918.5303497104
75+,South_West,162,0,0,2020-07-27,565863.6650850496
1-4,South_West,163,0,0,2020-07-28,598144.3472245149
5-14,South_West,163,0,0,2020-07-28,177479.67637775035
15-24,South_West,163,0,0,2020-07-28,1311290.7469908274
25-44,South_West,163,0,0,2020-07-28,1502275.372806076
45-64,South_West,163,0,0,2020-07-28,648342.8177533837
65-74,South_West,163,0,0,2020-07-28,666918.5303497104
75+,South_West,163,0,0,2020-07-28,565863.6650850496
1-4,South_West,164,0,0,2020-07-29,598144.3472245149
5-14,South_West,164,0,0,2020-07-29,177479.67637775035
15-24,South_West,164,0,0,2020-07-29,1311290.7469908274
25-44,South_West,164,0,0,2020-07-29,1502275.372806076
45-64,South_West,164,0,0,2020-07-29,648342.8177533837
65-74,South_West,164,0,0,2020-07-29,666918.5303497104
75+,South_West,164,0,0,2020-07-29,565863.6650850496
1-4,South_West,165,0,0,2020-07-30,598144.3472245149
5-14,South_West,165,0,0,2020-07-30,177479.67637775035
15-24,South_West,165,0,0,2020-07-30,1311290.7469908274
25-44,South_West,165,0,0,2020-07-30,1502275.372806076
45-64,South_West,165,0,0,2020-07-30,648342.8177533837
65-74,South_West,165,0,0,2020-07-30,666918.5303497104
75+,South_West,165,0,0,2020-07-30,565863.6650850496
1-4,South_West,166,0,0,2020-07-31,598144.3472245149
5-14,South_West,166,0,0,2020-07-31,177479.67637775035
15-24,South_West,166,0,0,2020-07-31,1311290.7469908274
25-44,South_West,166,0,0,2020-07-31,1502275.372806076
45-64,South_West,166,0,0,2020-07-31,648342.8177533837
65-74,South_West,166,0,0,2020-07-31,666918.5303497104
75+,South_West,166,0,0,2020-07-31,565863.6650850496
1-4,South_West,167,0,0,2020-08-01,598144.3472245149
5-14,South_West,167,0,0,2020-08-01,177479.67637775035
15-24,South_West,167,0,0,2020-08-01,1311290.7469908274
25-44,South_West,167,0,0,2020-08-01,1502275.372806076
45-64,South_West,167,0,0,2020-08-01,648342.8177533837
65-74,South_West,167,0,0,2020-08-01,666918.5303497104
75+,South_West,167,0,0,2020-08-01,565863.6650850496
1-4,South_West,168,0,0,2020-08-02,598144.3472245149
5-14,South_West,168,0,0,2020-08-02,177479.67637775035
15-24,South_West,168,0,0,2020-08-02,1311290.7469908274
25-44,South_West,168,0,0,2020-08-02,1502275.372806076
45-64,South_West,168,0,0,2020-08-02,648342.8177533837
65-74,South_West,168,0,0,2020-08-02,666918.5303497104
75+,South_West,168,0,0,2020-08-02,565863.6650850496
1-4,South_West,169,0,0,2020-08-03,598144.3472245149
5-14,South_West,169,0,0,2020-08-03,177479.67637775035
15-24,South_West,169,0,0,2020-08-03,1311290.7469908274
25-44,South_West,169,0,0,2020-08-03,1502275.372806076
45-64,South_West,169,0,0,2020-08-03,648342.8177533837
65-74,South_West,169,0,0,2020-08-03,666918.5303497104
75+,South_West,169,0,0,2020-08-03,565863.6650850496
1-4,South_West,170,0,0,2020-08-04,598144.3472245149
5-14,South_West,170,0,0,2020-08-04,177479.67637775035
15-24,South_West,170,0,0,2020-08-04,1311290.7469908274
25-44,South_West,170,0,0,2020-08-04,1502275.372806076
45-64,South_West,170,0,0,2020-08-04,648342.8177533837
65-74,South_West,170,0,0,2020-08-04,666918.5303497104
75+,South_West,170,0,0,2020-08-04,565863.6650850496
1-4,South_West,171,0,0,2020-08-05,598144.3472245149
5-14,South_West,171,7.160593381441088,0.5422028562914841,2020-08-05,177479.67637775035
15-24,South_West,171,8.1131197044388,0.5101078079576962,2020-08-05,1311290.7469908274
25-44,South_West,171,7.911676235336276,0.4922172537441898,2020-08-05,1502275.372806076
45-64,South_West,171,7.386084275787607,0.5176608752494911,2020-08-05,648342.8177533837
65-74,South_West,171,6.9114804382510435,0.35870268783126497,2020-08-05,666918.5303497104
75+,South_West,171,7.464380374102088,0.34980523401146185,2020-08-05,565863.6650850496
1-4,South_West,172,0,0,2020-08-06,598144.3472245149
5-14,South_West,172,0,0,2020-08-06,177479.67637775035
15-24,South_West,172,0,0,2020-08-06,1311290.7469908274
25-44,South_West,172,0,0,2020-08-06,1502275.372806076
45-64,South_West,172,0,0,2020-08-06,648342.8177533837
65-74,South_West,172,0,0,2020-08-06,666918.5303497104
75+,South_West,172,0,0,2020-08-06,565863.6650850496
1-4,South_West,173,0,0,2020-08-07,598144.3472245149
5-14,South_West,173,0,0,2020-08-07,177479.67637775035
15-24,South_West,173,0,0,2020-08-07,1311290.7469908274
25-44,South_West,173,0,0,2020-08-07,1502275.372806076
45-64,South_West,173,0,0,2020-08-07,648342.8177533837
65-74,South_West,173,0,0,2020-08-07,666918.5303497104
75+,South_West,173,0,0,2020-08-07,565863.6650850496
1-4,South_West,174,0,0,2020-08-08,598144.3472245149
5-14,South_West,174,0,0,2020-08-08,177479.67637775035
15-24,South_West,174,0,0,2020-08-08,1311290.7469908274
25-44,South_West,174,0,0,2020-08-08,1502275.372806076
45-64,South_West,174,0,0,2020-08-08,648342.8177533837
65-74,South_West,174,0,0,2020-08-08,666918.5303497104
75+,South_West,174,0,0,2020-08-08,565863.6650850496
1-4,South_West,175,0,0,2020-08-09,598144.3472245149
5-14,South_West,175,0,0,2020-08-09,177479.67637775035
15-24,South_West,175,0,0,2020-08-09,1311290.7469908274
25-44,South_West,175,0,0,2020-08-09,1502275.372806076
45-64,South_West,175,0,0,2020-08-09,648342.8177533837
65-74,South_West,175,0,0,2020-08-09,666918.5303497104
75+,South_West,175,0,0,2020-08-09,565863.6650850496
1-4,South_West,176,0,0,2020-08-10,598144.3472245149
5-14,South_West,176,0,0,2020-08-10,177479.67637775035
15-24,South_West,176,0,0,2020-08-10,1311290.7469908274
25-44,South_West,176,0,0,2020-08-10,1502275.372806076
45-64,South_West,176,0,0,2020-08-10,648342.8177533837
65-74,South_West,176,0,0,2020-08-10,666918.5303497104
75+,South_West,176,0,0,2020-08-10,565863.6650850496
1-4,South_West,177,0,0,2020-08-11,598144.3472245149
5-14,South_West,177,0,0,2020-08-11,177479.67637775035
15-24,South_West,177,0,0,2020-08-11,1311290.7469908274
25-44,South_West,177,0,0,2020-08-11,1502275.372806076
45-64,South_West,177,0,0,2020-08-11,648342.8177533837
65-74,South_West,177,0,0,2020-08-11,666918.5303497104
75+,South_West,177,0,0,2020-08-11,565863.6650850496
1-4,South_West,178,0,0,2020-08-12,598144.3472245149
5-14,South_West,178,0,0,2020-08-12,177479.67637775035
15-24,South_West,178,0,0,2020-08-12,1311290.7469908274
25-44,South_West,178,0,0,2020-08-12,1502275.372806076
45-64,South_West,178,0,0,2020-08-12,648342.8177533837
65-74,South_West,178,0,0,2020-08-12,666918.5303497104
75+,South_West,178,0,0,2020-08-12,565863.6650850496
1-4,South_West,179,0,0,2020-08-13,598144.3472245149
5-14,South_West,179,0,0,2020-08-13,177479.67637775035
15-24,South_West,179,0,0,2020-08-13,1311290.7469908274
25-44,South_West,179,0,0,2020-08-13,1502275.372806076
45-64,South_West,179,0,0,2020-08-13,648342.8177533837
65-74,South_West,179,0,0,2020-08-13,666918.5303497104
75+,South_West,179,0,0,2020-08-13,565863.6650850496
1-4,South_West,180,0,0,2020-08-14,598144.3472245149
5-14,South_West,180,0,0,2020-08-14,177479.67637775035
15-24,South_West,180,0,0,2020-08-14,1311290.7469908274
25-44,South_West,180,0,0,2020-08-14,1502275.372806076
45-64,South_West,180,0,0,2020-08-14,648342.8177533837
65-74,South_West,180,0,0,2020-08-14,666918.5303497104
75+,South_West,180,0,0,2020-08-14,565863.6650850496
1-4,South_West,181,0,0,2020-08-15,598144.3472245149
5-14,South_West,181,0,0,2020-08-15,177479.67637775035
15-24,South_West,181,0,0,2020-08-15,1311290.7469908274
25-44,South_West,181,0,0,2020-08-15,1502275.372806076
45-64,South_West,181,0,0,2020-08-15,648342.8177533837
65-74,South_West,181,0,0,2020-08-15,666918.5303497104
75+,South_West,181,0,0,2020-08-15,565863.6650850496
1-4,South_West,182,0,0,2020-08-16,598144.3472245149
5-14,South_West,182,0,0,2020-08-16,177479.67637775035
15-24,South_West,182,0,0,2020-08-16,1311290.7469908274
25-44,South_West,182,0,0,2020-08-16,1502275.372806076
45-64,South_West,182,0,0,2020-08-16,648342.8177533837
65-74,South_West,182,0,0,2020-08-16,666918.5303497104
75+,South_West,182,0,0,2020-08-16,565863.6650850496
1-4,South_West,183,0,0,2020-08-17,598144.3472245149
5-14,South_West,183,0,0,2020-08-17,177479.67637775035
15-24,South_West,183,0,0,2020-08-17,1311290.7469908274
25-44,South_West,183,0,0,2020-08-17,1502275.372806076
45-64,South_West,183,0,0,2020-08-17,648342.8177533837
65-74,South_West,183,0,0,2020-08-17,666918.5303497104
75+,South_West,183,0,0,2020-08-17,565863.6650850496
1-4,South_West,184,0,0,2020-08-18,598144.3472245149
5-14,South_West,184,0,0,2020-08-18,177479.67637775035
15-24,South_West,184,0,0,2020-08-18,1311290.7469908274
25-44,South_West,184,0,0,2020-08-18,1502275.372806076
45-64,South_West,184,0,0,2020-08-18,648342.8177533837
65-74,South_West,184,0,0,2020-08-18,666918.5303497104
75+,South_West,184,0,0,2020-08-18,565863.6650850496
1-4,South_West,185,0,0,2020-08-19,598144.3472245149
5-14,South_West,185,7.0003754917777545,0.5447838162436107,2020-08-19,177479.67637775035
15-24,South_West,185,8.008476328724507,0.5025439936590458,2020-08-19,1311290.7469908274
25-44,South_West,185,7.731221562348737,0.4874816601307236,2020-08-19,1502275.372806076
45-64,South_West,185,7.25423112905208,0.5146110521801974,2020-08-19,648342.8177533837
65-74,South_West,185,6.739294853977307,0.34833464868585573,2020-08-19,666918.5303497104
75+,South_West,185,7.318142637291569,0.3382063883002887,2020-08-19,565863.6650850496
1-4,South_West,186,0,0,2020-08-20,598144.3472245149
5-14,South_West,186,0,0,2020-08-20,177479.67637775035
15-24,South_West,186,0,0,2020-08-20,1311290.7469908274
25-44,South_West,186,0,0,2020-08-20,1502275.372806076
45-64,South_West,186,0,0,2020-08-20,648342.8177533837
65-74,South_West,186,0,0,2020-08-20,666918.5303497104
75+,South_West,186,0,0,2020-08-20,565863.6650850496
1-4,South_West,187,0,0,2020-08-21,598144.3472245149
5-14,South_West,187,0,0,2020-08-21,177479.67637775035
15-24,South_West,187,0,0,2020-08-21,1311290.7469908274
25-44,South_West,187,0,0,2020-08-21,1502275.372806076
45-64,South_West,187,0,0,2020-08-21,648342.8177533837
65-74,South_West,187,0,0,2020-08-21,666918.5303497104
75+,South_West,187,0,0,2020-08-21,565863.6650850496
1-4,South_West,188,0,0,2020-08-22,598144.3472245149
5-14,South_West,188,0,0,2020-08-22,177479.67637775035
15-24,South_West,188,0,0,2020-08-22,1311290.7469908274
25-44,South_West,188,0,0,2020-08-22,1502275.372806076
45-64,South_West,188,0,0,2020-08-22,648342.8177533837
65-74,South_West,188,0,0,2020-08-22,666918.5303497104
75+,South_West,188,0,0,2020-08-22,565863.6650850496
1-4,South_West,189,0,0,2020-08-23,598144.3472245149
5-14,South_West,189,0,0,2020-08-23,177479.67637775035
15-24,South_West,189,0,0,2020-08-23,1311290.7469908274
25-44,South_West,189,0,0,2020-08-23,1502275.372806076
45-64,South_West,189,0,0,2020-08-23,648342.8177533837
65-74,South_West,189,0,0,2020-08-23,666918.5303497104
75+,South_West,189,0,0,2020-08-23,565863.6650850496
1-4,South_West,190,0,0,2020-08-24,598144.3472245149
5-14,South_West,190,0,0,2020-08-24,177479.67637775035
15-24,South_West,190,0,0,2020-08-24,1311290.7469908274
25-44,South_West,190,0,0,2020-08-24,1502275.372806076
45-64,South_West,190,0,0,2020-08-24,648342.8177533837
65-74,South_West,190,0,0,2020-08-24,666918.5303497104
75+,South_West,190,0,0,2020-08-24,565863.6650850496
1-4,South_West,191,0,0,2020-08-25,598144.3472245149
5-14,South_West,191,0,0,2020-08-25,177479.67637775035
15-24,South_West,191,0,0,2020-08-25,1311290.7469908274
25-44,South_West,191,0,0,2020-08-25,1502275.372806076
45-64,South_West,191,0,0,2020-08-25,648342.8177533837
65-74,South_West,191,0,0,2020-08-25,666918.5303497104
75+,South_West,191,0,0,2020-08-25,565863.6650850496
1-4,South_West,192,0,0,2020-08-26,598144.3472245149
5-14,South_West,192,0,0,2020-08-26,177479.67637775035
15-24,South_West,192,0,0,2020-08-26,1311290.7469908274
25-44,South_West,192,0,0,2020-08-26,1502275.372806076
45-64,South_West,192,0,0,2020-08-26,648342.8177533837
65-74,South_West,192,0,0,2020-08-26,666918.5303497104
75+,South_West,192,0,0,2020-08-26,565863.6650850496
1-4,South_West,193,0,0,2020-08-27,598144.3472245149
5-14,South_West,193,0,0,2020-08-27,177479.67637775035
15-24,South_West,193,0,0,2020-08-27,1311290.7469908274
25-44,South_West,193,0,0,2020-08-27,1502275.372806076
45-64,South_West,193,0,0,2020-08-27,648342.8177533837
65-74,South_West,193,0,0,2020-08-27,666918.5303497104
75+,South_West,193,0,0,2020-08-27,565863.6650850496
1-4,South_West,194,0,0,2020-08-28,598144.3472245149
5-14,South_West,194,0,0,2020-08-28,177479.67637775035
15-24,South_West,194,0,0,2020-08-28,1311290.7469908274
25-44,South_West,194,0,0,2020-08-28,1502275.372806076
45-64,South_West,194,0,0,2020-08-28,648342.8177533837
65-74,South_West,194,0,0,2020-08-28,666918.5303497104
75+,South_West,194,0,0,2020-08-28,565863.6650850496
1-4,South_West,195,0,0,2020-08-29,598144.3472245149
5-14,South_West,195,0,0,2020-08-29,177479.67637775035
15-24,South_West,195,0,0,2020-08-29,1311290.7469908274
25-44,South_West,195,0,0,2020-08-29,1502275.372806076
45-64,South_West,195,0,0,2020-08-29,648342.8177533837
65-74,South_West,195,0,0,2020-08-29,666918.5303497104
75+,South_West,195,0,0,2020-08-29,565863.6650850496
1-4,South_West,196,0,0,2020-08-30,598144.3472245149
5-14,South_West,196,0,0,2020-08-30,177479.67637775035
15-24,South_West,196,0,0,2020-08-30,1311290.7469908274
25-44,South_West,196,0,0,2020-08-30,1502275.372806076
45-64,South_West,196,0,0,2020-08-30,648342.8177533837
65-74,South_West,196,0,0,2020-08-30,666918.5303497104
75+,South_West,196,0,0,2020-08-30,565863.6650850496
1-4,South_West,197,0,0,2020-08-31,598144.3472245149
5-14,South_West,197,0,0,2020-08-31,177479.67637775035
15-24,South_West,197,0,0,2020-08-31,1311290.7469908274
25-44,South_West,197,0,0,2020-08-31,1502275.372806076
45-64,South_West,197,0,0,2020-08-31,648342.8177533837
65-74,South_West,197,0,0,2020-08-31,666918.5303497104
75+,South_West,197,0,0,2020-08-31,565863.6650850496
1-4,South_West,198,0,0,2020-09-01,598144.3472245149
5-14,South_West,198,0,0,2020-09-01,177479.67637775035
15-24,South_West,198,0,0,2020-09-01,1311290.7469908274
25-44,South_West,198,0,0,2020-09-01,1502275.372806076
45-64,South_West,198,0,0,2020-09-01,648342.8177533837
65-74,South_West,198,0,0,2020-09-01,666918.5303497104
75+,South_West,198,0,0,2020-09-01,565863.6650850496
1-4,South_West,199,0,0,2020-09-02,598144.3472245149
5-14,South_West,199,6.775138409623674,0.5468251759031086,2020-09-02,177479.67637775035
15-24,South_West,199,8.003044762418272,0.4899095705943347,2020-09-02,1311290.7469908274
25-44,South_West,199,7.548674222157664,0.4828977890458273,2020-09-02,1502275.372806076
45-64,South_West,199,7.059833701831609,0.5050621843063187,2020-09-02,648342.8177533837
65-74,South_West,199,6.606525727947368,0.332292071583412,2020-09-02,666918.5303497104
75+,South_West,199,7.2428280097758915,0.3121441791321459,2020-09-02,565863.6650850496
1-4,South_West,200,0,0,2020-09-03,598144.3472245149
5-14,South_West,200,0,0,2020-09-03,177479.67637775035
15-24,South_West,200,0,0,2020-09-03,1311290.7469908274
25-44,South_West,200,0,0,2020-09-03,1502275.372806076
45-64,South_West,200,0,0,2020-09-03,648342.8177533837
65-74,South_West,200,0,0,2020-09-03,666918.5303497104
75+,South_West,200,0,0,2020-09-03,565863.6650850496
1-4,South_West,201,0,0,2020-09-04,598144.3472245149
5-14,South_West,201,0,0,2020-09-04,177479.67637775035
15-24,South_West,201,0,0,2020-09-04,1311290.7469908274
25-44,South_West,201,0,0,2020-09-04,1502275.372806076
45-64,South_West,201,0,0,2020-09-04,648342.8177533837
65-74,South_West,201,0,0,2020-09-04,666918.5303497104
75+,South_West,201,0,0,2020-09-04,565863.6650850496
1-4,South_West,202,0,0,2020-09-05,598144.3472245149
5-14,South_West,202,0,0,2020-09-05,177479.67637775035
15-24,South_West,202,0,0,2020-09-05,1311290.7469908274
25-44,South_West,202,0,0,2020-09-05,1502275.372806076
45-64,South_West,202,0,0,2020-09-05,648342.8177533837
65-74,South_West,202,0,0,2020-09-05,666918.5303497104
75+,South_West,202,0,0,2020-09-05,565863.6650850496
1-4,South_West,203,0,0,2020-09-06,598144.3472245149
5-14,South_West,203,0,0,2020-09-06,177479.67637775035
15-24,South_West,203,0,0,2020-09-06,1311290.7469908274
25-44,South_West,203,0,0,2020-09-06,1502275.372806076
45-64,South_West,203,0,0,2020-09-06,648342.8177533837
65-74,South_West,203,0,0,2020-09-06,666918.5303497104
75+,South_West,203,0,0,2020-09-06,565863.6650850496
1-4,South_West,204,0,0,2020-09-07,598144.3472245149
5-14,South_West,204,0,0,2020-09-07,177479.67637775035
15-24,South_West,204,0,0,2020-09-07,1311290.7469908274
25-44,South_West,204,0,0,2020-09-07,1502275.372806076
45-64,South_West,204,0,0,2020-09-07,648342.8177533837
65-74,South_West,204,0,0,2020-09-07,666918.5303497104
75+,South_West,204,0,0,2020-09-07,565863.6650850496
1-4,South_West,205,0,0,2020-09-08,598144.3472245149
5-14,South_West,205,0,0,2020-09-08,177479.67637775035
15-24,South_West,205,0,0,2020-09-08,1311290.7469908274
25-44,South_West,205,0,0,2020-09-08,1502275.372806076
45-64,South_West,205,0,0,2020-09-08,648342.8177533837
65-74,South_West,205,0,0,2020-09-08,666918.5303497104
75+,South_West,205,0,0,2020-09-08,565863.6650850496
1-4,South_West,206,0,0,2020-09-09,598144.3472245149
5-14,South_West,206,0,0,2020-09-09,177479.67637775035
15-24,South_West,206,0,0,2020-09-09,1311290.7469908274
25-44,South_West,206,0,0,2020-09-09,1502275.372806076
45-64,South_West,206,0,0,2020-09-09,648342.8177533837
65-74,South_West,206,0,0,2020-09-09,666918.5303497104
75+,South_West,206,0,0,2020-09-09,565863.6650850496
1-4,South_West,207,0,0,2020-09-10,598144.3472245149
5-14,South_West,207,0,0,2020-09-10,177479.67637775035
15-24,South_West,207,0,0,2020-09-10,1311290.7469908274
25-44,South_West,207,0,0,2020-09-10,1502275.372806076
45-64,South_West,207,0,0,2020-09-10,648342.8177533837
65-74,South_West,207,0,0,2020-09-10,666918.5303497104
75+,South_West,207,0,0,2020-09-10,565863.6650850496
1-4,South_West,208,0,0,2020-09-11,598144.3472245149
5-14,South_West,208,0,0,2020-09-11,177479.67637775035
15-24,South_West,208,0,0,2020-09-11,1311290.7469908274
25-44,South_West,208,0,0,2020-09-11,1502275.372806076
45-64,South_West,208,0,0,2020-09-11,648342.8177533837
65-74,South_West,208,0,0,2020-09-11,666918.5303497104
75+,South_West,208,0,0,2020-09-11,565863.6650850496
1-4,South_West,209,0,0,2020-09-12,598144.3472245149
5-14,South_West,209,0,0,2020-09-12,177479.67637775035
15-24,South_West,209,0,0,2020-09-12,1311290.7469908274
25-44,South_West,209,0,0,2020-09-12,1502275.372806076
45-64,South_West,209,0,0,2020-09-12,648342.8177533837
65-74,South_West,209,0,0,2020-09-12,666918.5303497104
75+,South_West,209,0,0,2020-09-12,565863.6650850496
1-4,South_West,210,0,0,2020-09-13,598144.3472245149
5-14,South_West,210,0,0,2020-09-13,177479.67637775035
15-24,South_West,210,0,0,2020-09-13,1311290.7469908274
25-44,South_West,210,0,0,2020-09-13,1502275.372806076
45-64,South_West,210,0,0,2020-09-13,648342.8177533837
65-74,South_West,210,0,0,2020-09-13,666918.5303497104
75+,South_West,210,0,0,2020-09-13,565863.6650850496
1-4,South_West,211,0,0,2020-09-14,598144.3472245149
5-14,South_West,211,0,0,2020-09-14,177479.67637775035
15-24,South_West,211,0,0,2020-09-14,1311290.7469908274
25-44,South_West,211,0,0,2020-09-14,1502275.372806076
45-64,South_West,211,0,0,2020-09-14,648342.8177533837
65-74,South_West,211,0,0,2020-09-14,666918.5303497104
75+,South_West,211,0,0,2020-09-14,565863.6650850496
1-4,South_West,212,0,0,2020-09-15,598144.3472245149
5-14,South_West,212,0,0,2020-09-15,177479.67637775035
15-24,South_West,212,0,0,2020-09-15,1311290.7469908274
25-44,South_West,212,0,0,2020-09-15,1502275.372806076
45-64,South_West,212,0,0,2020-09-15,648342.8177533837
65-74,South_West,212,0,0,2020-09-15,666918.5303497104
75+,South_West,212,0,0,2020-09-15,565863.6650850496
1-4,South_West,213,0,0,2020-09-16,598144.3472245149
5-14,South_West,213,6.58024621524429,0.5375084701369554,2020-09-16,177479.67637775035
15-24,South_West,213,8.170878320569186,0.4728414365410561,2020-09-16,1311290.7469908274
25-44,South_West,213,7.647689180783114,0.4606312511711583,2020-09-16,1502275.372806076
45-64,South_West,213,6.919817103265016,0.4897430333946879,2020-09-16,648342.8177533837
65-74,South_West,213,6.6577541612051645,0.2952772275590307,2020-09-16,666918.5303497104
75+,South_West,213,7.299425934316101,0.2844054008952801,2020-09-16,565863.6650850496
1-4,South_West,214,0,0,2020-09-17,598144.3472245149
5-14,South_West,214,0,0,2020-09-17,177479.67637775035
15-24,South_West,214,0,0,2020-09-17,1311290.7469908274
25-44,South_West,214,0,0,2020-09-17,1502275.372806076
45-64,South_West,214,0,0,2020-09-17,648342.8177533837
65-74,South_West,214,0,0,2020-09-17,666918.5303497104
75+,South_West,214,0,0,2020-09-17,565863.6650850496
1-4,South_West,215,0,0,2020-09-18,598144.3472245149
5-14,South_West,215,0,0,2020-09-18,177479.67637775035
15-24,South_West,215,0,0,2020-09-18,1311290.7469908274
25-44,South_West,215,0,0,2020-09-18,1502275.372806076
45-64,South_West,215,0,0,2020-09-18,648342.8177533837
65-74,South_West,215,0,0,2020-09-18,666918.5303497104
75+,South_West,215,0,0,2020-09-18,565863.6650850496
1-4,South_West,216,0,0,2020-09-19,598144.3472245149
5-14,South_West,216,0,0,2020-09-19,177479.67637775035
15-24,South_West,216,0,0,2020-09-19,1311290.7469908274
25-44,South_West,216,0,0,2020-09-19,1502275.372806076
45-64,South_West,216,0,0,2020-09-19,648342.8177533837
65-74,South_West,216,0,0,2020-09-19,666918.5303497104
75+,South_West,216,0,0,2020-09-19,565863.6650850496
1-4,South_West,217,0,0,2020-09-20,598144.3472245149
5-14,South_West,217,0,0,2020-09-20,177479.67637775035
15-24,South_West,217,0,0,2020-09-20,1311290.7469908274
25-44,South_West,217,0,0,2020-09-20,1502275.372806076
45-64,South_West,217,0,0,2020-09-20,648342.8177533837
65-74,South_West,217,0,0,2020-09-20,666918.5303497104
75+,South_West,217,0,0,2020-09-20,565863.6650850496
1-4,South_West,218,0,0,2020-09-21,598144.3472245149
5-14,South_West,218,0,0,2020-09-21,177479.67637775035
15-24,South_West,218,0,0,2020-09-21,1311290.7469908274
25-44,South_West,218,0,0,2020-09-21,1502275.372806076
45-64,South_West,218,0,0,2020-09-21,648342.8177533837
65-74,South_West,218,0,0,2020-09-21,666918.5303497104
75+,South_West,218,0,0,2020-09-21,565863.6650850496
1-4,South_West,219,0,0,2020-09-22,598144.3472245149
5-14,South_West,219,0,0,2020-09-22,177479.67637775035
15-24,South_West,219,0,0,2020-09-22,1311290.7469908274
25-44,South_West,219,0,0,2020-09-22,1502275.372806076
45-64,South_West,219,0,0,2020-09-22,648342.8177533837
65-74,South_West,219,0,0,2020-09-22,666918.5303497104
75+,South_West,219,0,0,2020-09-22,565863.6650850496
1-4,South_West,220,0,0,2020-09-23,598144.3472245149
5-14,South_West,220,0,0,2020-09-23,177479.67637775035
15-24,South_West,220,0,0,2020-09-23,1311290.7469908274
25-44,South_West,220,0,0,2020-09-23,1502275.372806076
45-64,South_West,220,0,0,2020-09-23,648342.8177533837
65-74,South_West,220,0,0,2020-09-23,666918.5303497104
75+,South_West,220,0,0,2020-09-23,565863.6650850496
1-4,South_West,221,0,0,2020-09-24,598144.3472245149
5-14,South_West,221,0,0,2020-09-24,177479.67637775035
15-24,South_West,221,0,0,2020-09-24,1311290.7469908274
25-44,South_West,221,0,0,2020-09-24,1502275.372806076
45-64,South_West,221,0,0,2020-09-24,648342.8177533837
65-74,South_West,221,0,0,2020-09-24,666918.5303497104
75+,South_West,221,0,0,2020-09-24,565863.6650850496
1-4,South_West,222,0,0,2020-09-25,598144.3472245149
5-14,South_West,222,0,0,2020-09-25,177479.67637775035
15-24,South_West,222,0,0,2020-09-25,1311290.7469908274
25-44,South_West,222,0,0,2020-09-25,1502275.372806076
45-64,South_West,222,0,0,2020-09-25,648342.8177533837
65-74,South_West,222,0,0,2020-09-25,666918.5303497104
75+,South_West,222,0,0,2020-09-25,565863.6650850496
1-4,South_West,223,0,0,2020-09-26,598144.3472245149
5-14,South_West,223,0,0,2020-09-26,177479.67637775035
15-24,South_West,223,0,0,2020-09-26,1311290.7469908274
25-44,South_West,223,0,0,2020-09-26,1502275.372806076
45-64,South_West,223,0,0,2020-09-26,648342.8177533837
65-74,South_West,223,0,0,2020-09-26,666918.5303497104
75+,South_West,223,0,0,2020-09-26,565863.6650850496
1-4,South_West,224,0,0,2020-09-27,598144.3472245149
5-14,South_West,224,0,0,2020-09-27,177479.67637775035
15-24,South_West,224,0,0,2020-09-27,1311290.7469908274
25-44,South_West,224,0,0,2020-09-27,1502275.372806076
45-64,South_West,224,0,0,2020-09-27,648342.8177533837
65-74,South_West,224,0,0,2020-09-27,666918.5303497104
75+,South_West,224,0,0,2020-09-27,565863.6650850496
1-4,South_West,225,0,0,2020-09-28,598144.3472245149
5-14,South_West,225,0,0,2020-09-28,177479.67637775035
15-24,South_West,225,0,0,2020-09-28,1311290.7469908274
25-44,South_West,225,0,0,2020-09-28,1502275.372806076
45-64,South_West,225,0,0,2020-09-28,648342.8177533837
65-74,South_West,225,0,0,2020-09-28,666918.5303497104
75+,South_West,225,0,0,2020-09-28,565863.6650850496
1-4,South_West,226,0,0,2020-09-29,598144.3472245149
5-14,South_West,226,0,0,2020-09-29,177479.67637775035
15-24,South_West,226,0,0,2020-09-29,1311290.7469908274
25-44,South_West,226,0,0,2020-09-29,1502275.372806076
45-64,South_West,226,0,0,2020-09-29,648342.8177533837
65-74,South_West,226,0,0,2020-09-29,666918.5303497104
75+,South_West,226,0,0,2020-09-29,565863.6650850496
1-4,South_West,227,0,0,2020-09-30,598144.3472245149
5-14,South_West,227,6.510307430727969,0.5298805511041518,2020-09-30,177479.67637775035
15-24,South_West,227,8.491010242049814,0.4460845712333104,2020-09-30,1311290.7469908274
25-44,South_West,227,8.14258256752288,0.4334381912573385,2020-09-30,1502275.372806076
45-64,South_West,227,7.0453345911913114,0.46473872248598985,2020-09-30,648342.8177533837
65-74,South_West,227,6.935965728897098,0.24521634642673867,2020-09-30,666918.5303497104
75+,South_West,227,7.368972081160012,0.2508638333936951,2020-09-30,565863.6650850496
1-4,South_West,228,0,0,2020-10-01,598144.3472245149
5-14,South_West,228,0,0,2020-10-01,177479.67637775035
15-24,South_West,228,0,0,2020-10-01,1311290.7469908274
25-44,South_West,228,0,0,2020-10-01,1502275.372806076
45-64,South_West,228,0,0,2020-10-01,648342.8177533837
65-74,South_West,228,0,0,2020-10-01,666918.5303497104
75+,South_West,228,0,0,2020-10-01,565863.6650850496
1-4,South_West,229,0,0,2020-10-02,598144.3472245149
5-14,South_West,229,0,0,2020-10-02,177479.67637775035
15-24,South_West,229,0,0,2020-10-02,1311290.7469908274
25-44,South_West,229,0,0,2020-10-02,1502275.372806076
45-64,South_West,229,0,0,2020-10-02,648342.8177533837
65-74,South_West,229,0,0,2020-10-02,666918.5303497104
75+,South_West,229,0,0,2020-10-02,565863.6650850496
1-4,South_West,230,0,0,2020-10-03,598144.3472245149
5-14,South_West,230,0,0,2020-10-03,177479.67637775035
15-24,South_West,230,0,0,2020-10-03,1311290.7469908274
25-44,South_West,230,0,0,2020-10-03,1502275.372806076
45-64,South_West,230,0,0,2020-10-03,648342.8177533837
65-74,South_West,230,0,0,2020-10-03,666918.5303497104
75+,South_West,230,0,0,2020-10-03,565863.6650850496
1-4,South_West,231,0,0,2020-10-04,598144.3472245149
5-14,South_West,231,0,0,2020-10-04,177479.67637775035
15-24,South_West,231,0,0,2020-10-04,1311290.7469908274
25-44,South_West,231,0,0,2020-10-04,1502275.372806076
45-64,South_West,231,0,0,2020-10-04,648342.8177533837
65-74,South_West,231,0,0,2020-10-04,666918.5303497104
75+,South_West,231,0,0,2020-10-04,565863.6650850496
1-4,South_West,232,0,0,2020-10-05,598144.3472245149
5-14,South_West,232,0,0,2020-10-05,177479.67637775035
15-24,South_West,232,0,0,2020-10-05,1311290.7469908274
25-44,South_West,232,0,0,2020-10-05,1502275.372806076
45-64,South_West,232,0,0,2020-10-05,648342.8177533837
65-74,South_West,232,0,0,2020-10-05,666918.5303497104
75+,South_West,232,0,0,2020-10-05,565863.6650850496
1-4,South_West,233,0,0,2020-10-06,598144.3472245149
5-14,South_West,233,0,0,2020-10-06,177479.67637775035
15-24,South_West,233,0,0,2020-10-06,1311290.7469908274
25-44,South_West,233,0,0,2020-10-06,1502275.372806076
45-64,South_West,233,0,0,2020-10-06,648342.8177533837
65-74,South_West,233,0,0,2020-10-06,666918.5303497104
75+,South_West,233,0,0,2020-10-06,565863.6650850496
1-4,South_West,234,0,0,2020-10-07,598144.3472245149
5-14,South_West,234,0,0,2020-10-07,177479.67637775035
15-24,South_West,234,0,0,2020-10-07,1311290.7469908274
25-44,South_West,234,0,0,2020-10-07,1502275.372806076
45-64,South_West,234,0,0,2020-10-07,648342.8177533837
65-74,South_West,234,0,0,2020-10-07,666918.5303497104
75+,South_West,234,0,0,2020-10-07,565863.6650850496
1-4,South_West,235,0,0,2020-10-08,598144.3472245149
5-14,South_West,235,0,0,2020-10-08,177479.67637775035
15-24,South_West,235,0,0,2020-10-08,1311290.7469908274
25-44,South_West,235,0,0,2020-10-08,1502275.372806076
45-64,South_West,235,0,0,2020-10-08,648342.8177533837
65-74,South_West,235,0,0,2020-10-08,666918.5303497104
75+,South_West,235,0,0,2020-10-08,565863.6650850496
1-4,South_West,236,0,0,2020-10-09,598144.3472245149
5-14,South_West,236,0,0,2020-10-09,177479.67637775035
15-24,South_West,236,0,0,2020-10-09,1311290.7469908274
25-44,South_West,236,0,0,2020-10-09,1502275.372806076
45-64,South_West,236,0,0,2020-10-09,648342.8177533837
65-74,South_West,236,0,0,2020-10-09,666918.5303497104
75+,South_West,236,0,0,2020-10-09,565863.6650850496
1-4,South_West,237,0,0,2020-10-10,598144.3472245149
5-14,South_West,237,0,0,2020-10-10,177479.67637775035
15-24,South_West,237,0,0,2020-10-10,1311290.7469908274
25-44,South_West,237,0,0,2020-10-10,1502275.372806076
45-64,South_West,237,0,0,2020-10-10,648342.8177533837
65-74,South_West,237,0,0,2020-10-10,666918.5303497104
75+,South_West,237,0,0,2020-10-10,565863.6650850496
1-4,South_West,238,0,0,2020-10-11,598144.3472245149
5-14,South_West,238,0,0,2020-10-11,177479.67637775035
15-24,South_West,238,0,0,2020-10-11,1311290.7469908274
25-44,South_West,238,0,0,2020-10-11,1502275.372806076
45-64,South_West,238,0,0,2020-10-11,648342.8177533837
65-74,South_West,238,0,0,2020-10-11,666918.5303497104
75+,South_West,238,0,0,2020-10-11,565863.6650850496
1-4,South_West,239,0,0,2020-10-12,598144.3472245149
5-14,South_West,239,0,0,2020-10-12,177479.67637775035
15-24,South_West,239,0,0,2020-10-12,1311290.7469908274
25-44,South_West,239,0,0,2020-10-12,1502275.372806076
45-64,South_West,239,0,0,2020-10-12,648342.8177533837
65-74,South_West,239,0,0,2020-10-12,666918.5303497104
75+,South_West,239,0,0,2020-10-12,565863.6650850496
1-4,South_West,240,0,0,2020-10-13,598144.3472245149
5-14,South_West,240,0,0,2020-10-13,177479.67637775035
15-24,South_West,240,0,0,2020-10-13,1311290.7469908274
25-44,South_West,240,0,0,2020-10-13,1502275.372806076
45-64,South_West,240,0,0,2020-10-13,648342.8177533837
65-74,South_West,240,0,0,2020-10-13,666918.5303497104
75+,South_West,240,0,0,2020-10-13,565863.6650850496
1-4,South_West,241,0,0,2020-10-14,598144.3472245149
5-14,South_West,241,6.5570962741214425,0.5222826927884231,2020-10-14,177479.67637775035
15-24,South_West,241,8.806174691442653,0.4353645025537847,2020-10-14,1311290.7469908274
25-44,South_West,241,8.762899648255049,0.42213400900264425,2020-10-14,1502275.372806076
45-64,South_West,241,7.476392582538402,0.4531490935532277,2020-10-14,648342.8177533837
65-74,South_West,241,7.4131166469228855,0.1962187654523982,2020-10-14,666918.5303497104
75+,South_West,241,7.383704160456078,0.23485121838104217,2020-10-14,565863.6650850496
1-4,South_West,242,0,0,2020-10-15,598144.3472245149
5-14,South_West,242,0,0,2020-10-15,177479.67637775035
15-24,South_West,242,0,0,2020-10-15,1311290.7469908274
25-44,South_West,242,0,0,2020-10-15,1502275.372806076
45-64,South_West,242,0,0,2020-10-15,648342.8177533837
65-74,South_West,242,0,0,2020-10-15,666918.5303497104
75+,South_West,242,0,0,2020-10-15,565863.6650850496
1-4,South_West,243,0,0,2020-10-16,598144.3472245149
5-14,South_West,243,0,0,2020-10-16,177479.67637775035
15-24,South_West,243,0,0,2020-10-16,1311290.7469908274
25-44,South_West,243,0,0,2020-10-16,1502275.372806076
45-64,South_West,243,0,0,2020-10-16,648342.8177533837
65-74,South_West,243,0,0,2020-10-16,666918.5303497104
75+,South_West,243,0,0,2020-10-16,565863.6650850496
1-4,South_West,244,0,0,2020-10-17,598144.3472245149
5-14,South_West,244,0,0,2020-10-17,177479.67637775035
15-24,South_West,244,0,0,2020-10-17,1311290.7469908274
25-44,South_West,244,0,0,2020-10-17,1502275.372806076
45-64,South_West,244,0,0,2020-10-17,648342.8177533837
65-74,South_West,244,0,0,2020-10-17,666918.5303497104
75+,South_West,244,0,0,2020-10-17,565863.6650850496
1-4,South_West,245,0,0,2020-10-18,598144.3472245149
5-14,South_West,245,0,0,2020-10-18,177479.67637775035
15-24,South_West,245,0,0,2020-10-18,1311290.7469908274
25-44,South_West,245,0,0,2020-10-18,1502275.372806076
45-64,South_West,245,0,0,2020-10-18,648342.8177533837
65-74,South_West,245,0,0,2020-10-18,666918.5303497104
75+,South_West,245,0,0,2020-10-18,565863.6650850496
1-4,South_West,246,0,0,2020-10-19,598144.3472245149
5-14,South_West,246,0,0,2020-10-19,177479.67637775035
15-24,South_West,246,0,0,2020-10-19,1311290.7469908274
25-44,South_West,246,0,0,2020-10-19,1502275.372806076
45-64,South_West,246,0,0,2020-10-19,648342.8177533837
65-74,South_West,246,0,0,2020-10-19,666918.5303497104
75+,South_West,246,0,0,2020-10-19,565863.6650850496
1-4,South_West,247,0,0,2020-10-20,598144.3472245149
5-14,South_West,247,0,0,2020-10-20,177479.67637775035
15-24,South_West,247,0,0,2020-10-20,1311290.7469908274
25-44,South_West,247,0,0,2020-10-20,1502275.372806076
45-64,South_West,247,0,0,2020-10-20,648342.8177533837
65-74,South_West,247,0,0,2020-10-20,666918.5303497104
75+,South_West,247,0,0,2020-10-20,565863.6650850496
1-4,South_West,248,0,0,2020-10-21,598144.3472245149
5-14,South_West,248,0,0,2020-10-21,177479.67637775035
15-24,South_West,248,0,0,2020-10-21,1311290.7469908274
25-44,South_West,248,0,0,2020-10-21,1502275.372806076
45-64,South_West,248,0,0,2020-10-21,648342.8177533837
65-74,South_West,248,0,0,2020-10-21,666918.5303497104
75+,South_West,248,0,0,2020-10-21,565863.6650850496
1-4,South_West,249,0,0,2020-10-22,598144.3472245149
5-14,South_West,249,0,0,2020-10-22,177479.67637775035
15-24,South_West,249,0,0,2020-10-22,1311290.7469908274
25-44,South_West,249,0,0,2020-10-22,1502275.372806076
45-64,South_West,249,0,0,2020-10-22,648342.8177533837
65-74,South_West,249,0,0,2020-10-22,666918.5303497104
75+,South_West,249,0,0,2020-10-22,565863.6650850496
1-4,South_West,250,0,0,2020-10-23,598144.3472245149
5-14,South_West,250,0,0,2020-10-23,177479.67637775035
15-24,South_West,250,0,0,2020-10-23,1311290.7469908274
25-44,South_West,250,0,0,2020-10-23,1502275.372806076
45-64,South_West,250,0,0,2020-10-23,648342.8177533837
65-74,South_West,250,0,0,2020-10-23,666918.5303497104
75+,South_West,250,0,0,2020-10-23,565863.6650850496
1-4,South_West,251,0,0,2020-10-24,598144.3472245149
5-14,South_West,251,0,0,2020-10-24,177479.67637775035
15-24,South_West,251,0,0,2020-10-24,1311290.7469908274
25-44,South_West,251,0,0,2020-10-24,1502275.372806076
45-64,South_West,251,0,0,2020-10-24,648342.8177533837
65-74,South_West,251,0,0,2020-10-24,666918.5303497104
75+,South_West,251,0,0,2020-10-24,565863.6650850496
1-4,South_West,252,0,0,2020-10-25,598144.3472245149
5-14,South_West,252,0,0,2020-10-25,177479.67637775035
15-24,South_West,252,0,0,2020-10-25,1311290.7469908274
25-44,South_West,252,0,0,2020-10-25,1502275.372806076
45-64,South_West,252,0,0,2020-10-25,648342.8177533837
65-74,South_West,252,0,0,2020-10-25,666918.5303497104
75+,South_West,252,0,0,2020-10-25,565863.6650850496
1-4,South_West,253,0,0,2020-10-26,598144.3472245149
5-14,South_West,253,0,0,2020-10-26,177479.67637775035
15-24,South_West,253,0,0,2020-10-26,1311290.7469908274
25-44,South_West,253,0,0,2020-10-26,1502275.372806076
45-64,South_West,253,0,0,2020-10-26,648342.8177533837
65-74,South_West,253,0,0,2020-10-26,666918.5303497104
75+,South_West,253,0,0,2020-10-26,565863.6650850496
1-4,South_West,254,0,0,2020-10-27,598144.3472245149
5-14,South_West,254,0,0,2020-10-27,177479.67637775035
15-24,South_West,254,0,0,2020-10-27,1311290.7469908274
25-44,South_West,254,0,0,2020-10-27,1502275.372806076
45-64,South_West,254,0,0,2020-10-27,648342.8177533837
65-74,South_West,254,0,0,2020-10-27,666918.5303497104
75+,South_West,254,0,0,2020-10-27,565863.6650850496
1-4,South_West,255,0,0,2020-10-28,598144.3472245149
5-14,South_West,255,6.795704134277897,0.5151335521481,2020-10-28,177479.67637775035
15-24,South_West,255,9.314798354343592,0.4273819873991468,2020-10-28,1311290.7469908274
25-44,South_West,255,9.282560340306805,0.4093254931969929,2020-10-28,1502275.372806076
45-64,South_West,255,8.008972482825051,0.44579462065816533,2020-10-28,648342.8177533837
65-74,South_West,255,8.094794627527792,0.17178562555270552,2020-10-28,666918.5303497104
75+,South_West,255,7.5657298649514555,0.2340796987284369,2020-10-28,565863.6650850496
1-4,South_West,256,0,0,2020-10-29,598144.3472245149
5-14,South_West,256,0,0,2020-10-29,177479.67637775035
15-24,South_West,256,0,0,2020-10-29,1311290.7469908274
25-44,South_West,256,0,0,2020-10-29,1502275.372806076
45-64,South_West,256,0,0,2020-10-29,648342.8177533837
65-74,South_West,256,0,0,2020-10-29,666918.5303497104
75+,South_West,256,0,0,2020-10-29,565863.6650850496
1-4,South_West,257,0,0,2020-10-30,598144.3472245149
5-14,South_West,257,0,0,2020-10-30,177479.67637775035
15-24,South_West,257,0,0,2020-10-30,1311290.7469908274
25-44,South_West,257,0,0,2020-10-30,1502275.372806076
45-64,South_West,257,0,0,2020-10-30,648342.8177533837
65-74,South_West,257,0,0,2020-10-30,666918.5303497104
75+,South_West,257,0,0,2020-10-30,565863.6650850496
1-4,South_West,258,0,0,2020-10-31,598144.3472245149
5-14,South_West,258,0,0,2020-10-31,177479.67637775035
15-24,South_West,258,0,0,2020-10-31,1311290.7469908274
25-44,South_West,258,0,0,2020-10-31,1502275.372806076
45-64,South_West,258,0,0,2020-10-31,648342.8177533837
65-74,South_West,258,0,0,2020-10-31,666918.5303497104
75+,South_West,258,0,0,2020-10-31,565863.6650850496
1-4,South_West,259,0,0,2020-11-01,598144.3472245149
5-14,South_West,259,0,0,2020-11-01,177479.67637775035
15-24,South_West,259,0,0,2020-11-01,1311290.7469908274
25-44,South_West,259,0,0,2020-11-01,1502275.372806076
45-64,South_West,259,0,0,2020-11-01,648342.8177533837
65-74,South_West,259,0,0,2020-11-01,666918.5303497104
75+,South_West,259,0,0,2020-11-01,565863.6650850496
1-4,South_West,260,0,0,2020-11-02,598144.3472245149
5-14,South_West,260,0,0,2020-11-02,177479.67637775035
15-24,South_West,260,0,0,2020-11-02,1311290.7469908274
25-44,South_West,260,0,0,2020-11-02,1502275.372806076
45-64,South_West,260,0,0,2020-11-02,648342.8177533837
65-74,South_West,260,0,0,2020-11-02,666918.5303497104
75+,South_West,260,0,0,2020-11-02,565863.6650850496
1-4,South_West,261,0,0,2020-11-03,598144.3472245149
5-14,South_West,261,0,0,2020-11-03,177479.67637775035
15-24,South_West,261,0,0,2020-11-03,1311290.7469908274
25-44,South_West,261,0,0,2020-11-03,1502275.372806076
45-64,South_West,261,0,0,2020-11-03,648342.8177533837
65-74,South_West,261,0,0,2020-11-03,666918.5303497104
75+,South_West,261,0,0,2020-11-03,565863.6650850496
1-4,South_West,262,0,0,2020-11-04,598144.3472245149
5-14,South_West,262,0,0,2020-11-04,177479.67637775035
15-24,South_West,262,0,0,2020-11-04,1311290.7469908274
25-44,South_West,262,0,0,2020-11-04,1502275.372806076
45-64,South_West,262,0,0,2020-11-04,648342.8177533837
65-74,South_West,262,0,0,2020-11-04,666918.5303497104
75+,South_West,262,0,0,2020-11-04,565863.6650850496
1-4,South_West,263,0,0,2020-11-05,598144.3472245149
5-14,South_West,263,0,0,2020-11-05,177479.67637775035
15-24,South_West,263,0,0,2020-11-05,1311290.7469908274
25-44,South_West,263,0,0,2020-11-05,1502275.372806076
45-64,South_West,263,0,0,2020-11-05,648342.8177533837
65-74,South_West,263,0,0,2020-11-05,666918.5303497104
75+,South_West,263,0,0,2020-11-05,565863.6650850496
1-4,South_West,264,0,0,2020-11-06,598144.3472245149
5-14,South_West,264,0,0,2020-11-06,177479.67637775035
15-24,South_West,264,0,0,2020-11-06,1311290.7469908274
25-44,South_West,264,0,0,2020-11-06,1502275.372806076
45-64,South_West,264,0,0,2020-11-06,648342.8177533837
65-74,South_West,264,0,0,2020-11-06,666918.5303497104
75+,South_West,264,0,0,2020-11-06,565863.6650850496
1-4,South_West,265,0,0,2020-11-07,598144.3472245149
5-14,South_West,265,0,0,2020-11-07,177479.67637775035
15-24,South_West,265,0,0,2020-11-07,1311290.7469908274
25-44,South_West,265,0,0,2020-11-07,1502275.372806076
45-64,South_West,265,0,0,2020-11-07,648342.8177533837
65-74,South_West,265,0,0,2020-11-07,666918.5303497104
75+,South_West,265,0,0,2020-11-07,565863.6650850496
1-4,South_West,266,0,0,2020-11-08,598144.3472245149
5-14,South_West,266,0,0,2020-11-08,177479.67637775035
15-24,South_West,266,0,0,2020-11-08,1311290.7469908274
25-44,South_West,266,0,0,2020-11-08,1502275.372806076
45-64,South_West,266,0,0,2020-11-08,648342.8177533837
65-74,South_West,266,0,0,2020-11-08,666918.5303497104
75+,South_West,266,0,0,2020-11-08,565863.6650850496
1-4,South_West,267,0,0,2020-11-09,598144.3472245149
5-14,South_West,267,0,0,2020-11-09,177479.67637775035
15-24,South_West,267,0,0,2020-11-09,1311290.7469908274
25-44,South_West,267,0,0,2020-11-09,1502275.372806076
45-64,South_West,267,0,0,2020-11-09,648342.8177533837
65-74,South_West,267,0,0,2020-11-09,666918.5303497104
75+,South_West,267,0,0,2020-11-09,565863.6650850496
1-4,South_West,268,0,0,2020-11-10,598144.3472245149
5-14,South_West,268,0,0,2020-11-10,177479.67637775035
15-24,South_West,268,0,0,2020-11-10,1311290.7469908274
25-44,South_West,268,0,0,2020-11-10,1502275.372806076
45-64,South_West,268,0,0,2020-11-10,648342.8177533837
65-74,South_West,268,0,0,2020-11-10,666918.5303497104
75+,South_West,268,0,0,2020-11-10,565863.6650850496
1-4,South_West,269,0,0,2020-11-11,598144.3472245149
5-14,South_West,269,6.9647958371130345,0.5090911746233502,2020-11-11,177479.67637775035
15-24,South_West,269,9.64852525620812,0.4158067751508137,2020-11-11,1311290.7469908274
25-44,South_West,269,9.376854471525753,0.40864862733037216,2020-11-11,1502275.372806076
45-64,South_West,269,8.061124486555535,0.44145266616332207,2020-11-11,648342.8177533837
65-74,South_West,269,8.335102286741007,0.1589652257002544,2020-11-11,666918.5303497104
75+,South_West,269,7.591967657525121,0.2369112887247295,2020-11-11,565863.6650850496
1-4,South_West,270,0,0,2020-11-12,598144.3472245149
5-14,South_West,270,0,0,2020-11-12,177479.67637775035
15-24,South_West,270,0,0,2020-11-12,1311290.7469908274
25-44,South_West,270,0,0,2020-11-12,1502275.372806076
45-64,South_West,270,0,0,2020-11-12,648342.8177533837
65-74,South_West,270,0,0,2020-11-12,666918.5303497104
75+,South_West,270,0,0,2020-11-12,565863.6650850496
1-4,South_West,271,0,0,2020-11-13,598144.3472245149
5-14,South_West,271,0,0,2020-11-13,177479.67637775035
15-24,South_West,271,0,0,2020-11-13,1311290.7469908274
25-44,South_West,271,0,0,2020-11-13,1502275.372806076
45-64,South_West,271,0,0,2020-11-13,648342.8177533837
65-74,South_West,271,0,0,2020-11-13,666918.5303497104
75+,South_West,271,0,0,2020-11-13,565863.6650850496
1-4,South_West,272,0,0,2020-11-14,598144.3472245149
5-14,South_West,272,0,0,2020-11-14,177479.67637775035
15-24,South_West,272,0,0,2020-11-14,1311290.7469908274
25-44,South_West,272,0,0,2020-11-14,1502275.372806076
45-64,South_West,272,0,0,2020-11-14,648342.8177533837
65-74,South_West,272,0,0,2020-11-14,666918.5303497104
75+,South_West,272,0,0,2020-11-14,565863.6650850496
1-4,South_West,273,0,0,2020-11-15,598144.3472245149
5-14,South_West,273,0,0,2020-11-15,177479.67637775035
15-24,South_West,273,0,0,2020-11-15,1311290.7469908274
25-44,South_West,273,0,0,2020-11-15,1502275.372806076
45-64,South_West,273,0,0,2020-11-15,648342.8177533837
65-74,South_West,273,0,0,2020-11-15,666918.5303497104
75+,South_West,273,0,0,2020-11-15,565863.6650850496
1-4,South_West,274,0,0,2020-11-16,598144.3472245149
5-14,South_West,274,0,0,2020-11-16,177479.67637775035
15-24,South_West,274,0,0,2020-11-16,1311290.7469908274
25-44,South_West,274,0,0,2020-11-16,1502275.372806076
45-64,South_West,274,0,0,2020-11-16,648342.8177533837
65-74,South_West,274,0,0,2020-11-16,666918.5303497104
75+,South_West,274,0,0,2020-11-16,565863.6650850496
1-4,South_West,275,0,0,2020-11-17,598144.3472245149
5-14,South_West,275,0,0,2020-11-17,177479.67637775035
15-24,South_West,275,0,0,2020-11-17,1311290.7469908274
25-44,South_West,275,0,0,2020-11-17,1502275.372806076
45-64,South_West,275,0,0,2020-11-17,648342.8177533837
65-74,South_West,275,0,0,2020-11-17,666918.5303497104
75+,South_West,275,0,0,2020-11-17,565863.6650850496
1-4,South_West,276,0,0,2020-11-18,598144.3472245149
5-14,South_West,276,0,0,2020-11-18,177479.67637775035
15-24,South_West,276,0,0,2020-11-18,1311290.7469908274
25-44,South_West,276,0,0,2020-11-18,1502275.372806076
45-64,South_West,276,0,0,2020-11-18,648342.8177533837
65-74,South_West,276,0,0,2020-11-18,666918.5303497104
75+,South_West,276,0,0,2020-11-18,565863.6650850496
1-4,South_West,277,0,0,2020-11-19,598144.3472245149
5-14,South_West,277,0,0,2020-11-19,177479.67637775035
15-24,South_West,277,0,0,2020-11-19,1311290.7469908274
25-44,South_West,277,0,0,2020-11-19,1502275.372806076
45-64,South_West,277,0,0,2020-11-19,648342.8177533837
65-74,South_West,277,0,0,2020-11-19,666918.5303497104
75+,South_West,277,0,0,2020-11-19,565863.6650850496
1-4,South_West,278,0,0,2020-11-20,598144.3472245149
5-14,South_West,278,0,0,2020-11-20,177479.67637775035
15-24,South_West,278,0,0,2020-11-20,1311290.7469908274
25-44,South_West,278,0,0,2020-11-20,1502275.372806076
45-64,South_West,278,0,0,2020-11-20,648342.8177533837
65-74,South_West,278,0,0,2020-11-20,666918.5303497104
75+,South_West,278,0,0,2020-11-20,565863.6650850496
1-4,South_West,279,0,0,2020-11-21,598144.3472245149
5-14,South_West,279,0,0,2020-11-21,177479.67637775035
15-24,South_West,279,0,0,2020-11-21,1311290.7469908274
25-44,South_West,279,0,0,2020-11-21,1502275.372806076
45-64,South_West,279,0,0,2020-11-21,648342.8177533837
65-74,South_West,279,0,0,2020-11-21,666918.5303497104
75+,South_West,279,0,0,2020-11-21,565863.6650850496
1-4,South_West,280,0,0,2020-11-22,598144.3472245149
5-14,South_West,280,0,0,2020-11-22,177479.67637775035
15-24,South_West,280,0,0,2020-11-22,1311290.7469908274
25-44,South_West,280,0,0,2020-11-22,1502275.372806076
45-64,South_West,280,0,0,2020-11-22,648342.8177533837
65-74,South_West,280,0,0,2020-11-22,666918.5303497104
75+,South_West,280,0,0,2020-11-22,565863.6650850496
1-4,South_West,281,0,0,2020-11-23,598144.3472245149
5-14,South_West,281,0,0,2020-11-23,177479.67637775035
15-24,South_West,281,0,0,2020-11-23,1311290.7469908274
25-44,South_West,281,0,0,2020-11-23,1502275.372806076
45-64,South_West,281,0,0,2020-11-23,648342.8177533837
65-74,South_West,281,0,0,2020-11-23,666918.5303497104
75+,South_West,281,0,0,2020-11-23,565863.6650850496
1-4,South_West,282,0,0,2020-11-24,598144.3472245149
5-14,South_West,282,0,0,2020-11-24,177479.67637775035
15-24,South_West,282,0,0,2020-11-24,1311290.7469908274
25-44,South_West,282,0,0,2020-11-24,1502275.372806076
45-64,South_West,282,0,0,2020-11-24,648342.8177533837
65-74,South_West,282,0,0,2020-11-24,666918.5303497104
75+,South_West,282,0,0,2020-11-24,565863.6650850496
1-4,South_West,283,0,0,2020-11-25,598144.3472245149
5-14,South_West,283,6.960407205565984,0.5073498958011129,2020-11-25,177479.67637775035
15-24,South_West,283,9.434463855624422,0.4179493739891676,2020-11-25,1311290.7469908274
25-44,South_West,283,9.108773290766495,0.4120551160660711,2020-11-25,1502275.372806076
45-64,South_West,283,7.791235877797048,0.4449537754458258,2020-11-25,648342.8177533837
65-74,South_West,283,7.952995037529923,0.17071827792640343,2020-11-25,666918.5303497104
75+,South_West,283,7.322947723313698,0.2435517794218437,2020-11-25,565863.6650850496
1-4,South_West,284,0,0,2020-11-26,598144.3472245149
5-14,South_West,284,0,0,2020-11-26,177479.67637775035
15-24,South_West,284,0,0,2020-11-26,1311290.7469908274
25-44,South_West,284,0,0,2020-11-26,1502275.372806076
45-64,South_West,284,0,0,2020-11-26,648342.8177533837
65-74,South_West,284,0,0,2020-11-26,666918.5303497104
75+,South_West,284,0,0,2020-11-26,565863.6650850496
1-4,South_West,285,0,0,2020-11-27,598144.3472245149
5-14,South_West,285,0,0,2020-11-27,177479.67637775035
15-24,South_West,285,0,0,2020-11-27,1311290.7469908274
25-44,South_West,285,0,0,2020-11-27,1502275.372806076
45-64,South_West,285,0,0,2020-11-27,648342.8177533837
65-74,South_West,285,0,0,2020-11-27,666918.5303497104
75+,South_West,285,0,0,2020-11-27,565863.6650850496
1-4,South_West,286,0,0,2020-11-28,598144.3472245149
5-14,South_West,286,0,0,2020-11-28,177479.67637775035
15-24,South_West,286,0,0,2020-11-28,1311290.7469908274
25-44,South_West,286,0,0,2020-11-28,1502275.372806076
45-64,South_West,286,0,0,2020-11-28,648342.8177533837
65-74,South_West,286,0,0,2020-11-28,666918.5303497104
75+,South_West,286,0,0,2020-11-28,565863.6650850496
1-4,South_West,287,0,0,2020-11-29,598144.3472245149
5-14,South_West,287,0,0,2020-11-29,177479.67637775035
15-24,South_West,287,0,0,2020-11-29,1311290.7469908274
25-44,South_West,287,0,0,2020-11-29,1502275.372806076
45-64,South_West,287,0,0,2020-11-29,648342.8177533837
65-74,South_West,287,0,0,2020-11-29,666918.5303497104
75+,South_West,287,0,0,2020-11-29,565863.6650850496
1-4,South_West,288,0,0,2020-11-30,598144.3472245149
5-14,South_West,288,0,0,2020-11-30,177479.67637775035
15-24,South_West,288,0,0,2020-11-30,1311290.7469908274
25-44,South_West,288,0,0,2020-11-30,1502275.372806076
45-64,South_West,288,0,0,2020-11-30,648342.8177533837
65-74,South_West,288,0,0,2020-11-30,666918.5303497104
75+,South_West,288,0,0,2020-11-30,565863.6650850496
1-4,South_West,289,0,0,2020-12-01,598144.3472245149
5-14,South_West,289,0,0,2020-12-01,177479.67637775035
15-24,South_West,289,0,0,2020-12-01,1311290.7469908274
25-44,South_West,289,0,0,2020-12-01,1502275.372806076
45-64,South_West,289,0,0,2020-12-01,648342.8177533837
65-74,South_West,289,0,0,2020-12-01,666918.5303497104
75+,South_West,289,0,0,2020-12-01,565863.6650850496
1-4,South_West,290,0,0,2020-12-02,598144.3472245149
5-14,South_West,290,0,0,2020-12-02,177479.67637775035
15-24,South_West,290,0,0,2020-12-02,1311290.7469908274
25-44,South_West,290,0,0,2020-12-02,1502275.372806076
45-64,South_West,290,0,0,2020-12-02,648342.8177533837
65-74,South_West,290,0,0,2020-12-02,666918.5303497104
75+,South_West,290,0,0,2020-12-02,565863.6650850496
1-4,South_West,291,0,0,2020-12-03,598144.3472245149
5-14,South_West,291,0,0,2020-12-03,177479.67637775035
15-24,South_West,291,0,0,2020-12-03,1311290.7469908274
25-44,South_West,291,0,0,2020-12-03,1502275.372806076
45-64,South_West,291,0,0,2020-12-03,648342.8177533837
65-74,South_West,291,0,0,2020-12-03,666918.5303497104
75+,South_West,291,0,0,2020-12-03,565863.6650850496
1-4,South_West,292,0,0,2020-12-04,598144.3472245149
5-14,South_West,292,0,0,2020-12-04,177479.67637775035
15-24,South_West,292,0,0,2020-12-04,1311290.7469908274
25-44,South_West,292,0,0,2020-12-04,1502275.372806076
45-64,South_West,292,0,0,2020-12-04,648342.8177533837
65-74,South_West,292,0,0,2020-12-04,666918.5303497104
75+,South_West,292,0,0,2020-12-04,565863.6650850496
1-4,South_West,293,0,0,2020-12-05,598144.3472245149
5-14,South_West,293,0,0,2020-12-05,177479.67637775035
15-24,South_West,293,0,0,2020-12-05,1311290.7469908274
25-44,South_West,293,0,0,2020-12-05,1502275.372806076
45-64,South_West,293,0,0,2020-12-05,648342.8177533837
65-74,South_West,293,0,0,2020-12-05,666918.5303497104
75+,South_West,293,0,0,2020-12-05,565863.6650850496
1-4,South_West,294,0,0,2020-12-06,598144.3472245149
5-14,South_West,294,0,0,2020-12-06,177479.67637775035
15-24,South_West,294,0,0,2020-12-06,1311290.7469908274
25-44,South_West,294,0,0,2020-12-06,1502275.372806076
45-64,South_West,294,0,0,2020-12-06,648342.8177533837
65-74,South_West,294,0,0,2020-12-06,666918.5303497104
75+,South_West,294,0,0,2020-12-06,565863.6650850496
1-4,South_West,295,0,0,2020-12-07,598144.3472245149
5-14,South_West,295,0,0,2020-12-07,177479.67637775035
15-24,South_West,295,0,0,2020-12-07,1311290.7469908274
25-44,South_West,295,0,0,2020-12-07,1502275.372806076
45-64,South_West,295,0,0,2020-12-07,648342.8177533837
65-74,South_West,295,0,0,2020-12-07,666918.5303497104
75+,South_West,295,0,0,2020-12-07,565863.6650850496
1-4,South_West,296,0,0,2020-12-08,598144.3472245149
5-14,South_West,296,0,0,2020-12-08,177479.67637775035
15-24,South_West,296,0,0,2020-12-08,1311290.7469908274
25-44,South_West,296,0,0,2020-12-08,1502275.372806076
45-64,South_West,296,0,0,2020-12-08,648342.8177533837
65-74,South_West,296,0,0,2020-12-08,666918.5303497104
75+,South_West,296,0,0,2020-12-08,565863.6650850496
1-4,South_West,297,0,0,2020-12-09,598144.3472245149
5-14,South_West,297,7.086775520308446,0.5109110107528408,2020-12-09,177479.67637775035
15-24,South_West,297,9.230938576694298,0.4233267312551532,2020-12-09,1311290.7469908274
25-44,South_West,297,9.032438838144172,0.41609199905833444,2020-12-09,1502275.372806076
45-64,South_West,297,7.95993073367361,0.4434878476948155,2020-12-09,648342.8177533837
65-74,South_West,297,7.7356163213445015,0.18972004684014163,2020-12-09,666918.5303497104
75+,South_West,297,7.396978670133781,0.2434172022845017,2020-12-09,565863.6650850496
1-4,South_West,298,0,0,2020-12-10,598144.3472245149
5-14,South_West,298,0,0,2020-12-10,177479.67637775035
15-24,South_West,298,0,0,2020-12-10,1311290.7469908274
25-44,South_West,298,0,0,2020-12-10,1502275.372806076
45-64,South_West,298,0,0,2020-12-10,648342.8177533837
65-74,South_West,298,0,0,2020-12-10,666918.5303497104
75+,South_West,298,0,0,2020-12-10,565863.6650850496
1-4,South_West,299,0,0,2020-12-11,598144.3472245149
5-14,South_West,299,0,0,2020-12-11,177479.67637775035
15-24,South_West,299,0,0,2020-12-11,1311290.7469908274
25-44,South_West,299,0,0,2020-12-11,1502275.372806076
45-64,South_West,299,0,0,2020-12-11,648342.8177533837
65-74,South_West,299,0,0,2020-12-11,666918.5303497104
75+,South_West,299,0,0,2020-12-11,565863.6650850496
1-4,South_West,300,0,0,2020-12-12,598144.3472245149
5-14,South_West,300,0,0,2020-12-12,177479.67637775035
15-24,South_West,300,0,0,2020-12-12,1311290.7469908274
25-44,South_West,300,0,0,2020-12-12,1502275.372806076
45-64,South_West,300,0,0,2020-12-12,648342.8177533837
65-74,South_West,300,0,0,2020-12-12,666918.5303497104
75+,South_West,300,0,0,2020-12-12,565863.6650850496
1-4,South_West,301,0,0,2020-12-13,598144.3472245149
5-14,South_West,301,0,0,2020-12-13,177479.67637775035
15-24,South_West,301,0,0,2020-12-13,1311290.7469908274
25-44,South_West,301,0,0,2020-12-13,1502275.372806076
45-64,South_West,301,0,0,2020-12-13,648342.8177533837
65-74,South_West,301,0,0,2020-12-13,666918.5303497104
75+,South_West,301,0,0,2020-12-13,565863.6650850496
1-4,South_West,302,0,0,2020-12-14,598144.3472245149
5-14,South_West,302,0,0,2020-12-14,177479.67637775035
15-24,South_West,302,0,0,2020-12-14,1311290.7469908274
25-44,South_West,302,0,0,2020-12-14,1502275.372806076
45-64,South_West,302,0,0,2020-12-14,648342.8177533837
65-74,South_West,302,0,0,2020-12-14,666918.5303497104
75+,South_West,302,0,0,2020-12-14,565863.6650850496
1-4,South_West,303,0,0,2020-12-15,598144.3472245149
5-14,South_West,303,0,0,2020-12-15,177479.67637775035
15-24,South_West,303,0,0,2020-12-15,1311290.7469908274
25-44,South_West,303,0,0,2020-12-15,1502275.372806076
45-64,South_West,303,0,0,2020-12-15,648342.8177533837
65-74,South_West,303,0,0,2020-12-15,666918.5303497104
75+,South_West,303,0,0,2020-12-15,565863.6650850496
1-4,South_West,304,0,0,2020-12-16,598144.3472245149
5-14,South_West,304,0,0,2020-12-16,177479.67637775035
15-24,South_West,304,0,0,2020-12-16,1311290.7469908274
25-44,South_West,304,0,0,2020-12-16,1502275.372806076
45-64,South_West,304,0,0,2020-12-16,648342.8177533837
65-74,South_West,304,0,0,2020-12-16,666918.5303497104
75+,South_West,304,0,0,2020-12-16,565863.6650850496
1-4,South_West,305,0,0,2020-12-17,598144.3472245149
5-14,South_West,305,0,0,2020-12-17,177479.67637775035
15-24,South_West,305,0,0,2020-12-17,1311290.7469908274
25-44,South_West,305,0,0,2020-12-17,1502275.372806076
45-64,South_West,305,0,0,2020-12-17,648342.8177533837
65-74,South_West,305,0,0,2020-12-17,666918.5303497104
75+,South_West,305,0,0,2020-12-17,565863.6650850496
1-4,South_West,306,0,0,2020-12-18,598144.3472245149
5-14,South_West,306,0,0,2020-12-18,177479.67637775035
15-24,South_West,306,0,0,2020-12-18,1311290.7469908274
25-44,South_West,306,0,0,2020-12-18,1502275.372806076
45-64,South_West,306,0,0,2020-12-18,648342.8177533837
65-74,South_West,306,0,0,2020-12-18,666918.5303497104
75+,South_West,306,0,0,2020-12-18,565863.6650850496
1-4,South_West,307,0,0,2020-12-19,598144.3472245149
5-14,South_West,307,0,0,2020-12-19,177479.67637775035
15-24,South_West,307,0,0,2020-12-19,1311290.7469908274
25-44,South_West,307,0,0,2020-12-19,1502275.372806076
45-64,South_West,307,0,0,2020-12-19,648342.8177533837
65-74,South_West,307,0,0,2020-12-19,666918.5303497104
75+,South_West,307,0,0,2020-12-19,565863.6650850496
1-4,South_West,308,0,0,2020-12-20,598144.3472245149
5-14,South_West,308,0,0,2020-12-20,177479.67637775035
15-24,South_West,308,0,0,2020-12-20,1311290.7469908274
25-44,South_West,308,0,0,2020-12-20,1502275.372806076
45-64,South_West,308,0,0,2020-12-20,648342.8177533837
65-74,South_West,308,0,0,2020-12-20,666918.5303497104
75+,South_West,308,0,0,2020-12-20,565863.6650850496
1-4,South_West,309,0,0,2020-12-21,598144.3472245149
5-14,South_West,309,0,0,2020-12-21,177479.67637775035
15-24,South_West,309,0,0,2020-12-21,1311290.7469908274
25-44,South_West,309,0,0,2020-12-21,1502275.372806076
45-64,South_West,309,0,0,2020-12-21,648342.8177533837
65-74,South_West,309,0,0,2020-12-21,666918.5303497104
75+,South_West,309,0,0,2020-12-21,565863.6650850496
1-4,South_West,310,0,0,2020-12-22,598144.3472245149
5-14,South_West,310,0,0,2020-12-22,177479.67637775035
15-24,South_West,310,0,0,2020-12-22,1311290.7469908274
25-44,South_West,310,0,0,2020-12-22,1502275.372806076
45-64,South_West,310,0,0,2020-12-22,648342.8177533837
65-74,South_West,310,0,0,2020-12-22,666918.5303497104
75+,South_West,310,0,0,2020-12-22,565863.6650850496
1-4,South_West,311,0,0,2020-12-23,598144.3472245149
5-14,South_West,311,7.361311268362784,0.49778147626165253,2020-12-23,177479.67637775035
15-24,South_West,311,9.566712185367985,0.4234274193099711,2020-12-23,1311290.7469908274
25-44,South_West,311,9.324262864715818,0.4125100480312241,2020-12-23,1502275.372806076
45-64,South_West,311,8.509127998605413,0.4355949135997781,2020-12-23,648342.8177533837
65-74,South_West,311,8.004999554083776,0.1846671929407757,2020-12-23,666918.5303497104
75+,South_West,311,7.975142502662517,0.22165614304215242,2020-12-23,565863.6650850496
1-4,South_West,312,0,0,2020-12-24,598144.3472245149
5-14,South_West,312,0,0,2020-12-24,177479.67637775035
15-24,South_West,312,0,0,2020-12-24,1311290.7469908274
25-44,South_West,312,0,0,2020-12-24,1502275.372806076
45-64,South_West,312,0,0,2020-12-24,648342.8177533837
65-74,South_West,312,0,0,2020-12-24,666918.5303497104
75+,South_West,312,0,0,2020-12-24,565863.6650850496
1-4,South_West,313,0,0,2020-12-25,598144.3472245149
5-14,South_West,313,0,0,2020-12-25,177479.67637775035
15-24,South_West,313,0,0,2020-12-25,1311290.7469908274
25-44,South_West,313,0,0,2020-12-25,1502275.372806076
45-64,South_West,313,0,0,2020-12-25,648342.8177533837
65-74,South_West,313,0,0,2020-12-25,666918.5303497104
75+,South_West,313,0,0,2020-12-25,565863.6650850496
1-4,South_West,314,0,0,2020-12-26,598144.3472245149
5-14,South_West,314,0,0,2020-12-26,177479.67637775035
15-24,South_West,314,0,0,2020-12-26,1311290.7469908274
25-44,South_West,314,0,0,2020-12-26,1502275.372806076
45-64,South_West,314,0,0,2020-12-26,648342.8177533837
65-74,South_West,314,0,0,2020-12-26,666918.5303497104
75+,South_West,314,0,0,2020-12-26,565863.6650850496
1-4,South_West,315,0,0,2020-12-27,598144.3472245149
5-14,South_West,315,0,0,2020-12-27,177479.67637775035
15-24,South_West,315,0,0,2020-12-27,1311290.7469908274
25-44,South_West,315,0,0,2020-12-27,1502275.372806076
45-64,South_West,315,0,0,2020-12-27,648342.8177533837
65-74,South_West,315,0,0,2020-12-27,666918.5303497104
75+,South_West,315,0,0,2020-12-27,565863.6650850496
1-4,South_West,316,0,0,2020-12-28,598144.3472245149
5-14,South_West,316,0,0,2020-12-28,177479.67637775035
15-24,South_West,316,0,0,2020-12-28,1311290.7469908274
25-44,South_West,316,0,0,2020-12-28,1502275.372806076
45-64,South_West,316,0,0,2020-12-28,648342.8177533837
65-74,South_West,316,0,0,2020-12-28,666918.5303497104
75+,South_West,316,0,0,2020-12-28,565863.6650850496
1-4,South_West,317,0,0,2020-12-29,598144.3472245149
5-14,South_West,317,0,0,2020-12-29,177479.67637775035
15-24,South_West,317,0,0,2020-12-29,1311290.7469908274
25-44,South_West,317,0,0,2020-12-29,1502275.372806076
45-64,South_West,317,0,0,2020-12-29,648342.8177533837
65-74,South_West,317,0,0,2020-12-29,666918.5303497104
75+,South_West,317,0,0,2020-12-29,565863.6650850496
1-4,South_West,318,0,0,2020-12-30,598144.3472245149
5-14,South_West,318,0,0,2020-12-30,177479.67637775035
15-24,South_West,318,0,0,2020-12-30,1311290.7469908274
25-44,South_West,318,0,0,2020-12-30,1502275.372806076
45-64,South_West,318,0,0,2020-12-30,648342.8177533837
65-74,South_West,318,0,0,2020-12-30,666918.5303497104
75+,South_West,318,0,0,2020-12-30,565863.6650850496
1-4,South_West,319,0,0,2020-12-31,598144.3472245149
5-14,South_West,319,0,0,2020-12-31,177479.67637775035
15-24,South_West,319,0,0,2020-12-31,1311290.7469908274
25-44,South_West,319,0,0,2020-12-31,1502275.372806076
45-64,South_West,319,0,0,2020-12-31,648342.8177533837
65-74,South_West,319,0,0,2020-12-31,666918.5303497104
75+,South_West,319,0,0,2020-12-31,565863.6650850496
1-4,South_West,320,0,0,2021-01-01,598144.3472245149
5-14,South_West,320,0,0,2021-01-01,177479.67637775035
15-24,South_West,320,0,0,2021-01-01,1311290.7469908274
25-44,South_West,320,0,0,2021-01-01,1502275.372806076
45-64,South_West,320,0,0,2021-01-01,648342.8177533837
65-74,South_West,320,0,0,2021-01-01,666918.5303497104
75+,South_West,320,0,0,2021-01-01,565863.6650850496
1-4,South_West,321,0,0,2021-01-02,598144.3472245149
5-14,South_West,321,0,0,2021-01-02,177479.67637775035
15-24,South_West,321,0,0,2021-01-02,1311290.7469908274
25-44,South_West,321,0,0,2021-01-02,1502275.372806076
45-64,South_West,321,0,0,2021-01-02,648342.8177533837
65-74,South_West,321,0,0,2021-01-02,666918.5303497104
75+,South_West,321,0,0,2021-01-02,565863.6650850496
1-4,South_West,322,0,0,2021-01-03,598144.3472245149
5-14,South_West,322,0,0,2021-01-03,177479.67637775035
15-24,South_West,322,0,0,2021-01-03,1311290.7469908274
25-44,South_West,322,0,0,2021-01-03,1502275.372806076
45-64,South_West,322,0,0,2021-01-03,648342.8177533837
65-74,South_West,322,0,0,2021-01-03,666918.5303497104
75+,South_West,322,0,0,2021-01-03,565863.6650850496
1-4,South_West,323,0,0,2021-01-04,598144.3472245149
5-14,South_West,323,0,0,2021-01-04,177479.67637775035
15-24,South_West,323,0,0,2021-01-04,1311290.7469908274
25-44,South_West,323,0,0,2021-01-04,1502275.372806076
45-64,South_West,323,0,0,2021-01-04,648342.8177533837
65-74,South_West,323,0,0,2021-01-04,666918.5303497104
75+,South_West,323,0,0,2021-01-04,565863.6650850496
1-4,South_West,324,0,0,2021-01-05,598144.3472245149
5-14,South_West,324,0,0,2021-01-05,177479.67637775035
15-24,South_West,324,0,0,2021-01-05,1311290.7469908274
25-44,South_West,324,0,0,2021-01-05,1502275.372806076
45-64,South_West,324,0,0,2021-01-05,648342.8177533837
65-74,South_West,324,0,0,2021-01-05,666918.5303497104
75+,South_West,324,0,0,2021-01-05,565863.6650850496
1-4,South_West,325,0,0,2021-01-06,598144.3472245149
5-14,South_West,325,7.620601903312391,0.47988156524256725,2021-01-06,177479.67637775035
15-24,South_West,325,10.234421118900656,0.4048136873842607,2021-01-06,1311290.7469908274
25-44,South_West,325,9.908569804755372,0.4011212607933199,2021-01-06,1502275.372806076
45-64,South_West,325,8.825996921835227,0.42192561027786124,2021-01-06,648342.8177533837
65-74,South_West,325,8.289498964830717,0.16389336517311745,2021-01-06,666918.5303497104
75+,South_West,325,8.406140932213761,0.1879480941558893,2021-01-06,565863.6650850496
1-4,South_West,326,0,0,2021-01-07,598144.3472245149
5-14,South_West,326,0,0,2021-01-07,177479.67637775035
15-24,South_West,326,0,0,2021-01-07,1311290.7469908274
25-44,South_West,326,0,0,2021-01-07,1502275.372806076
45-64,South_West,326,0,0,2021-01-07,648342.8177533837
65-74,South_West,326,0,0,2021-01-07,666918.5303497104
75+,South_West,326,0,0,2021-01-07,565863.6650850496
1-4,South_West,327,0,0,2021-01-08,598144.3472245149
5-14,South_West,327,0,0,2021-01-08,177479.67637775035
15-24,South_West,327,0,0,2021-01-08,1311290.7469908274
25-44,South_West,327,0,0,2021-01-08,1502275.372806076
45-64,South_West,327,0,0,2021-01-08,648342.8177533837
65-74,South_West,327,0,0,2021-01-08,666918.5303497104
75+,South_West,327,0,0,2021-01-08,565863.6650850496
1-4,South_West,328,0,0,2021-01-09,598144.3472245149
5-14,South_West,328,0,0,2021-01-09,177479.67637775035
15-24,South_West,328,0,0,2021-01-09,1311290.7469908274
25-44,South_West,328,0,0,2021-01-09,1502275.372806076
45-64,South_West,328,0,0,2021-01-09,648342.8177533837
65-74,South_West,328,0,0,2021-01-09,666918.5303497104
75+,South_West,328,0,0,2021-01-09,565863.6650850496
1-4,South_West,329,0,0,2021-01-10,598144.3472245149
5-14,South_West,329,0,0,2021-01-10,177479.67637775035
15-24,South_West,329,0,0,2021-01-10,1311290.7469908274
25-44,South_West,329,0,0,2021-01-10,1502275.372806076
45-64,South_West,329,0,0,2021-01-10,648342.8177533837
65-74,South_West,329,0,0,2021-01-10,666918.5303497104
75+,South_West,329,0,0,2021-01-10,565863.6650850496
1-4,South_West,330,0,0,2021-01-11,598144.3472245149
5-14,South_West,330,0,0,2021-01-11,177479.67637775035
15-24,South_West,330,0,0,2021-01-11,1311290.7469908274
25-44,South_West,330,0,0,2021-01-11,1502275.372806076
45-64,South_West,330,0,0,2021-01-11,648342.8177533837
65-74,South_West,330,0,0,2021-01-11,666918.5303497104
75+,South_West,330,0,0,2021-01-11,565863.6650850496
1-4,South_West,331,0,0,2021-01-12,598144.3472245149
5-14,South_West,331,0,0,2021-01-12,177479.67637775035
15-24,South_West,331,0,0,2021-01-12,1311290.7469908274
25-44,South_West,331,0,0,2021-01-12,1502275.372806076
45-64,South_West,331,0,0,2021-01-12,648342.8177533837
65-74,South_West,331,0,0,2021-01-12,666918.5303497104
75+,South_West,331,0,0,2021-01-12,565863.6650850496
1-4,South_West,332,0,0,2021-01-13,598144.3472245149
5-14,South_West,332,0,0,2021-01-13,177479.67637775035
15-24,South_West,332,0,0,2021-01-13,1311290.7469908274
25-44,South_West,332,0,0,2021-01-13,1502275.372806076
45-64,South_West,332,0,0,2021-01-13,648342.8177533837
65-74,South_West,332,0,0,2021-01-13,666918.5303497104
75+,South_West,332,0,0,2021-01-13,565863.6650850496
1-4,South_West,333,0,0,2021-01-14,598144.3472245149
5-14,South_West,333,0,0,2021-01-14,177479.67637775035
15-24,South_West,333,0,0,2021-01-14,1311290.7469908274
25-44,South_West,333,0,0,2021-01-14,1502275.372806076
45-64,South_West,333,0,0,2021-01-14,648342.8177533837
65-74,South_West,333,0,0,2021-01-14,666918.5303497104
75+,South_West,333,0,0,2021-01-14,565863.6650850496
1-4,South_West,334,0,0,2021-01-15,598144.3472245149
5-14,South_West,334,0,0,2021-01-15,177479.67637775035
15-24,South_West,334,0,0,2021-01-15,1311290.7469908274
25-44,South_West,334,0,0,2021-01-15,1502275.372806076
45-64,South_West,334,0,0,2021-01-15,648342.8177533837
65-74,South_West,334,0,0,2021-01-15,666918.5303497104
75+,South_West,334,0,0,2021-01-15,565863.6650850496
1-4,South_West,335,0,0,2021-01-16,598144.3472245149
5-14,South_West,335,0,0,2021-01-16,177479.67637775035
15-24,South_West,335,0,0,2021-01-16,1311290.7469908274
25-44,South_West,335,0,0,2021-01-16,1502275.372806076
45-64,South_West,335,0,0,2021-01-16,648342.8177533837
65-74,South_West,335,0,0,2021-01-16,666918.5303497104
75+,South_West,335,0,0,2021-01-16,565863.6650850496
1-4,South_West,336,0,0,2021-01-17,598144.3472245149
5-14,South_West,336,0,0,2021-01-17,177479.67637775035
15-24,South_West,336,0,0,2021-01-17,1311290.7469908274
25-44,South_West,336,0,0,2021-01-17,1502275.372806076
45-64,South_West,336,0,0,2021-01-17,648342.8177533837
65-74,South_West,336,0,0,2021-01-17,666918.5303497104
75+,South_West,336,0,0,2021-01-17,565863.6650850496
1-4,South_West,337,0,0,2021-01-18,598144.3472245149
5-14,South_West,337,0,0,2021-01-18,177479.67637775035
15-24,South_West,337,0,0,2021-01-18,1311290.7469908274
25-44,South_West,337,0,0,2021-01-18,1502275.372806076
45-64,South_West,337,0,0,2021-01-18,648342.8177533837
65-74,South_West,337,0,0,2021-01-18,666918.5303497104
75+,South_West,337,0,0,2021-01-18,565863.6650850496
1-4,South_West,338,0,0,2021-01-19,598144.3472245149
5-14,South_West,338,0,0,2021-01-19,177479.67637775035
15-24,South_West,338,0,0,2021-01-19,1311290.7469908274
25-44,South_West,338,0,0,2021-01-19,1502275.372806076
45-64,South_West,338,0,0,2021-01-19,648342.8177533837
65-74,South_West,338,0,0,2021-01-19,666918.5303497104
75+,South_West,338,0,0,2021-01-19,565863.6650850496
1-4,South_West,339,0,0,2021-01-20,598144.3472245149
5-14,South_West,339,7.659092290828006,0.4797675780925761,2021-01-20,177479.67637775035
15-24,South_West,339,10.309495614495914,0.40447742008584353,2021-01-20,1311290.7469908274
25-44,South_West,339,10.18062877353414,0.3965228428869136,2021-01-20,1502275.372806076
45-64,South_West,339,8.761222659941868,0.4231710872027255,2021-01-20,648342.8177533837
65-74,South_West,339,8.408911206545342,0.1594025495144331,2021-01-20,666918.5303497104
75+,South_West,339,8.387496191677096,0.18938380950817327,2021-01-20,565863.6650850496
1-4,South_West,340,0,0,2021-01-21,598144.3472245149
5-14,South_West,340,0,0,2021-01-21,177479.67637775035
15-24,South_West,340,0,0,2021-01-21,1311290.7469908274
25-44,South_West,340,0,0,2021-01-21,1502275.372806076
45-64,South_West,340,0,0,2021-01-21,648342.8177533837
65-74,South_West,340,0,0,2021-01-21,666918.5303497104
75+,South_West,340,0,0,2021-01-21,565863.6650850496
1-4,South_West,341,0,0,2021-01-22,598144.3472245149
5-14,South_West,341,0,0,2021-01-22,177479.67637775035
15-24,South_West,341,0,0,2021-01-22,1311290.7469908274
25-44,South_West,341,0,0,2021-01-22,1502275.372806076
45-64,South_West,341,0,0,2021-01-22,648342.8177533837
65-74,South_West,341,0,0,2021-01-22,666918.5303497104
75+,South_West,341,0,0,2021-01-22,565863.6650850496
1-4,South_West,342,0,0,2021-01-23,598144.3472245149
5-14,South_West,342,0,0,2021-01-23,177479.67637775035
15-24,South_West,342,0,0,2021-01-23,1311290.7469908274
25-44,South_West,342,0,0,2021-01-23,1502275.372806076
45-64,South_West,342,0,0,2021-01-23,648342.8177533837
65-74,South_West,342,0,0,2021-01-23,666918.5303497104
75+,South_West,342,0,0,2021-01-23,565863.6650850496
1-4,South_West,343,0,0,2021-01-24,598144.3472245149
5-14,South_West,343,0,0,2021-01-24,177479.67637775035
15-24,South_West,343,0,0,2021-01-24,1311290.7469908274
25-44,South_West,343,0,0,2021-01-24,1502275.372806076
45-64,South_West,343,0,0,2021-01-24,648342.8177533837
65-74,South_West,343,0,0,2021-01-24,666918.5303497104
75+,South_West,343,0,0,2021-01-24,565863.6650850496
1-4,South_West,344,0,0,2021-01-25,598144.3472245149
5-14,South_West,344,0,0,2021-01-25,177479.67637775035
15-24,South_West,344,0,0,2021-01-25,1311290.7469908274
25-44,South_West,344,0,0,2021-01-25,1502275.372806076
45-64,South_West,344,0,0,2021-01-25,648342.8177533837
65-74,South_West,344,0,0,2021-01-25,666918.5303497104
75+,South_West,344,0,0,2021-01-25,565863.6650850496
1-4,South_West,345,0,0,2021-01-26,598144.3472245149
5-14,South_West,345,0,0,2021-01-26,177479.67637775035
15-24,South_West,345,0,0,2021-01-26,1311290.7469908274
25-44,South_West,345,0,0,2021-01-26,1502275.372806076
45-64,South_West,345,0,0,2021-01-26,648342.8177533837
65-74,South_West,345,0,0,2021-01-26,666918.5303497104
75+,South_West,345,0,0,2021-01-26,565863.6650850496
1-4,South_West,346,0,0,2021-01-27,598144.3472245149
5-14,South_West,346,0,0,2021-01-27,177479.67637775035
15-24,South_West,346,0,0,2021-01-27,1311290.7469908274
25-44,South_West,346,0,0,2021-01-27,1502275.372806076
45-64,South_West,346,0,0,2021-01-27,648342.8177533837
65-74,South_West,346,0,0,2021-01-27,666918.5303497104
75+,South_West,346,0,0,2021-01-27,565863.6650850496
1-4,South_West,347,0,0,2021-01-28,598144.3472245149
5-14,South_West,347,0,0,2021-01-28,177479.67637775035
15-24,South_West,347,0,0,2021-01-28,1311290.7469908274
25-44,South_West,347,0,0,2021-01-28,1502275.372806076
45-64,South_West,347,0,0,2021-01-28,648342.8177533837
65-74,South_West,347,0,0,2021-01-28,666918.5303497104
75+,South_West,347,0,0,2021-01-28,565863.6650850496
1-4,South_West,348,0,0,2021-01-29,598144.3472245149
5-14,South_West,348,0,0,2021-01-29,177479.67637775035
15-24,South_West,348,0,0,2021-01-29,1311290.7469908274
25-44,South_West,348,0,0,2021-01-29,1502275.372806076
45-64,South_West,348,0,0,2021-01-29,648342.8177533837
65-74,South_West,348,0,0,2021-01-29,666918.5303497104
75+,South_West,348,0,0,2021-01-29,565863.6650850496
1-4,South_West,349,0,0,2021-01-30,598144.3472245149
5-14,South_West,349,0,0,2021-01-30,177479.67637775035
15-24,South_West,349,0,0,2021-01-30,1311290.7469908274
25-44,South_West,349,0,0,2021-01-30,1502275.372806076
45-64,South_West,349,0,0,2021-01-30,648342.8177533837
65-74,South_West,349,0,0,2021-01-30,666918.5303497104
75+,South_West,349,0,0,2021-01-30,565863.6650850496
1-4,South_West,350,0,0,2021-01-31,598144.3472245149
5-14,South_West,350,0,0,2021-01-31,177479.67637775035
15-24,South_West,350,0,0,2021-01-31,1311290.7469908274
25-44,South_West,350,0,0,2021-01-31,1502275.372806076
45-64,South_West,350,0,0,2021-01-31,648342.8177533837
65-74,South_West,350,0,0,2021-01-31,666918.5303497104
75+,South_West,350,0,0,2021-01-31,565863.6650850496
1-4,South_West,351,0,0,2021-02-01,598144.3472245149
5-14,South_West,351,0,0,2021-02-01,177479.67637775035
15-24,South_West,351,0,0,2021-02-01,1311290.7469908274
25-44,South_West,351,0,0,2021-02-01,1502275.372806076
45-64,South_West,351,0,0,2021-02-01,648342.8177533837
65-74,South_West,351,0,0,2021-02-01,666918.5303497104
75+,South_West,351,0,0,2021-02-01,565863.6650850496
1-4,South_West,352,0,0,2021-02-02,598144.3472245149
5-14,South_West,352,0,0,2021-02-02,177479.67637775035
15-24,South_West,352,0,0,2021-02-02,1311290.7469908274
25-44,South_West,352,0,0,2021-02-02,1502275.372806076
45-64,South_West,352,0,0,2021-02-02,648342.8177533837
65-74,South_West,352,0,0,2021-02-02,666918.5303497104
75+,South_West,352,0,0,2021-02-02,565863.6650850496
1-4,South_West,353,0,0,2021-02-03,598144.3472245149
5-14,South_West,353,7.439647530995807,0.4901202946708549,2021-02-03,177479.67637775035
15-24,South_West,353,9.936768300889462,0.4094323599223824,2021-02-03,1311290.7469908274
25-44,South_West,353,9.718758308316731,0.40368048140736856,2021-02-03,1502275.372806076
45-64,South_West,353,8.30194419768598,0.4338675662360888,2021-02-03,648342.8177533837
65-74,South_West,353,8.199048793189107,0.17152877820175613,2021-02-03,666918.5303497104
75+,South_West,353,8.024412951213678,0.21289741874105697,2021-02-03,565863.6650850496
1-4,South_West,354,0,0,2021-02-04,598144.3472245149
5-14,South_West,354,0,0,2021-02-04,177479.67637775035
15-24,South_West,354,0,0,2021-02-04,1311290.7469908274
25-44,South_West,354,0,0,2021-02-04,1502275.372806076
45-64,South_West,354,0,0,2021-02-04,648342.8177533837
65-74,South_West,354,0,0,2021-02-04,666918.5303497104
75+,South_West,354,0,0,2021-02-04,565863.6650850496
1-4,South_West,355,0,0,2021-02-05,598144.3472245149
5-14,South_West,355,0,0,2021-02-05,177479.67637775035
15-24,South_West,355,0,0,2021-02-05,1311290.7469908274
25-44,South_West,355,0,0,2021-02-05,1502275.372806076
45-64,South_West,355,0,0,2021-02-05,648342.8177533837
65-74,South_West,355,0,0,2021-02-05,666918.5303497104
75+,South_West,355,0,0,2021-02-05,565863.6650850496
1-4,South_West,356,0,0,2021-02-06,598144.3472245149
5-14,South_West,356,0,0,2021-02-06,177479.67637775035
15-24,South_West,356,0,0,2021-02-06,1311290.7469908274
25-44,South_West,356,0,0,2021-02-06,1502275.372806076
45-64,South_West,356,0,0,2021-02-06,648342.8177533837
65-74,South_West,356,0,0,2021-02-06,666918.5303497104
75+,South_West,356,0,0,2021-02-06,565863.6650850496
1-4,South_West,357,0,0,2021-02-07,598144.3472245149
5-14,South_West,357,0,0,2021-02-07,177479.67637775035
15-24,South_West,357,0,0,2021-02-07,1311290.7469908274
25-44,South_West,357,0,0,2021-02-07,1502275.372806076
45-64,South_West,357,0,0,2021-02-07,648342.8177533837
65-74,South_West,357,0,0,2021-02-07,666918.5303497104
75+,South_West,357,0,0,2021-02-07,565863.6650850496
1-4,South_West,358,0,0,2021-02-08,598144.3472245149
5-14,South_West,358,0,0,2021-02-08,177479.67637775035
15-24,South_West,358,0,0,2021-02-08,1311290.7469908274
25-44,South_West,358,0,0,2021-02-08,1502275.372806076
45-64,South_West,358,0,0,2021-02-08,648342.8177533837
65-74,South_West,358,0,0,2021-02-08,666918.5303497104
75+,South_West,358,0,0,2021-02-08,565863.6650850496
1-4,South_West,359,0,0,2021-02-09,598144.3472245149
5-14,South_West,359,0,0,2021-02-09,177479.67637775035
15-24,South_West,359,0,0,2021-02-09,1311290.7469908274
25-44,South_West,359,0,0,2021-02-09,1502275.372806076
45-64,South_West,359,0,0,2021-02-09,648342.8177533837
65-74,South_West,359,0,0,2021-02-09,666918.5303497104
75+,South_West,359,0,0,2021-02-09,565863.6650850496
1-4,South_West,360,0,0,2021-02-10,598144.3472245149
5-14,South_West,360,0,0,2021-02-10,177479.67637775035
15-24,South_West,360,0,0,2021-02-10,1311290.7469908274
25-44,South_West,360,0,0,2021-02-10,1502275.372806076
45-64,South_West,360,0,0,2021-02-10,648342.8177533837
65-74,South_West,360,0,0,2021-02-10,666918.5303497104
75+,South_West,360,0,0,2021-02-10,565863.6650850496
1-4,South_West,361,0,0,2021-02-11,598144.3472245149
5-14,South_West,361,0,0,2021-02-11,177479.67637775035
15-24,South_West,361,0,0,2021-02-11,1311290.7469908274
25-44,South_West,361,0,0,2021-02-11,1502275.372806076
45-64,South_West,361,0,0,2021-02-11,648342.8177533837
65-74,South_West,361,0,0,2021-02-11,666918.5303497104
75+,South_West,361,0,0,2021-02-11,565863.6650850496
1-4,South_West,362,0,0,2021-02-12,598144.3472245149
5-14,South_West,362,0,0,2021-02-12,177479.67637775035
15-24,South_West,362,0,0,2021-02-12,1311290.7469908274
25-44,South_West,362,0,0,2021-02-12,1502275.372806076
45-64,South_West,362,0,0,2021-02-12,648342.8177533837
65-74,South_West,362,0,0,2021-02-12,666918.5303497104
75+,South_West,362,0,0,2021-02-12,565863.6650850496
1-4,South_West,363,0,0,2021-02-13,598144.3472245149
5-14,South_West,363,0,0,2021-02-13,177479.67637775035
15-24,South_West,363,0,0,2021-02-13,1311290.7469908274
25-44,South_West,363,0,0,2021-02-13,1502275.372806076
45-64,South_West,363,0,0,2021-02-13,648342.8177533837
65-74,South_West,363,0,0,2021-02-13,666918.5303497104
75+,South_West,363,0,0,2021-02-13,565863.6650850496
1-4,South_West,364,0,0,2021-02-14,598144.3472245149
5-14,South_West,364,0,0,2021-02-14,177479.67637775035
15-24,South_West,364,0,0,2021-02-14,1311290.7469908274
25-44,South_West,364,0,0,2021-02-14,1502275.372806076
45-64,South_West,364,0,0,2021-02-14,648342.8177533837
65-74,South_West,364,0,0,2021-02-14,666918.5303497104
75+,South_West,364,0,0,2021-02-14,565863.6650850496
1-4,South_West,365,0,0,2021-02-15,598144.3472245149
5-14,South_West,365,0,0,2021-02-15,177479.67637775035
15-24,South_West,365,0,0,2021-02-15,1311290.7469908274
25-44,South_West,365,0,0,2021-02-15,1502275.372806076
45-64,South_West,365,0,0,2021-02-15,648342.8177533837
65-74,South_West,365,0,0,2021-02-15,666918.5303497104
75+,South_West,365,0,0,2021-02-15,565863.6650850496
1-4,South_West,366,0,0,2021-02-16,598144.3472245149
5-14,South_West,366,0,0,2021-02-16,177479.67637775035
15-24,South_West,366,0,0,2021-02-16,1311290.7469908274
25-44,South_West,366,0,0,2021-02-16,1502275.372806076
45-64,South_West,366,0,0,2021-02-16,648342.8177533837
65-74,South_West,366,0,0,2021-02-16,666918.5303497104
75+,South_West,366,0,0,2021-02-16,565863.6650850496
1-4,South_West,367,0,0,2021-02-17,598144.3472245149
5-14,South_West,367,7.225838702274754,0.5081149841980522,2021-02-17,177479.67637775035
15-24,South_West,367,9.464992294085759,0.4167598902649288,2021-02-17,1311290.7469908274
25-44,South_West,367,8.96176492426421,0.41569496018670404,2021-02-17,1502275.372806076
45-64,South_West,367,7.877516530205301,0.44547612466272174,2021-02-17,648342.8177533837
65-74,South_West,367,7.620433227248007,0.20987672359319326,2021-02-17,666918.5303497104
75+,South_West,367,7.393425664707398,0.2533489394489868,2021-02-17,565863.6650850496
1-4,South_West,368,0,0,2021-02-18,598144.3472245149
5-14,South_West,368,0,0,2021-02-18,177479.67637775035
15-24,South_West,368,0,0,2021-02-18,1311290.7469908274
25-44,South_West,368,0,0,2021-02-18,1502275.372806076
45-64,South_West,368,0,0,2021-02-18,648342.8177533837
65-74,South_West,368,0,0,2021-02-18,666918.5303497104
75+,South_West,368,0,0,2021-02-18,565863.6650850496
1-4,South_West,369,0,0,2021-02-19,598144.3472245149
5-14,South_West,369,0,0,2021-02-19,177479.67637775035
15-24,South_West,369,0,0,2021-02-19,1311290.7469908274
25-44,South_West,369,0,0,2021-02-19,1502275.372806076
45-64,South_West,369,0,0,2021-02-19,648342.8177533837
65-74,South_West,369,0,0,2021-02-19,666918.5303497104
75+,South_West,369,0,0,2021-02-19,565863.6650850496
1-4,South_West,370,0,0,2021-02-20,598144.3472245149
5-14,South_West,370,0,0,2021-02-20,177479.67637775035
15-24,South_West,370,0,0,2021-02-20,1311290.7469908274
25-44,South_West,370,0,0,2021-02-20,1502275.372806076
45-64,South_West,370,0,0,2021-02-20,648342.8177533837
65-74,South_West,370,0,0,2021-02-20,666918.5303497104
75+,South_West,370,0,0,2021-02-20,565863.6650850496
1-4,South_West,371,0,0,2021-02-21,598144.3472245149
5-14,South_West,371,0,0,2021-02-21,177479.67637775035
15-24,South_West,371,0,0,2021-02-21,1311290.7469908274
25-44,South_West,371,0,0,2021-02-21,1502275.372806076
45-64,South_West,371,0,0,2021-02-21,648342.8177533837
65-74,South_West,371,0,0,2021-02-21,666918.5303497104
75+,South_West,371,0,0,2021-02-21,565863.6650850496
1-4,South_West,372,0,0,2021-02-22,598144.3472245149
5-14,South_West,372,0,0,2021-02-22,177479.67637775035
15-24,South_West,372,0,0,2021-02-22,1311290.7469908274
25-44,South_West,372,0,0,2021-02-22,1502275.372806076
45-64,South_West,372,0,0,2021-02-22,648342.8177533837
65-74,South_West,372,0,0,2021-02-22,666918.5303497104
75+,South_West,372,0,0,2021-02-22,565863.6650850496
1-4,South_West,373,0,0,2021-02-23,598144.3472245149
5-14,South_West,373,0,0,2021-02-23,177479.67637775035
15-24,South_West,373,0,0,2021-02-23,1311290.7469908274
25-44,South_West,373,0,0,2021-02-23,1502275.372806076
45-64,South_West,373,0,0,2021-02-23,648342.8177533837
65-74,South_West,373,0,0,2021-02-23,666918.5303497104
75+,South_West,373,0,0,2021-02-23,565863.6650850496
1-4,South_West,374,0,0,2021-02-24,598144.3472245149
5-14,South_West,374,0,0,2021-02-24,177479.67637775035
15-24,South_West,374,0,0,2021-02-24,1311290.7469908274
25-44,South_West,374,0,0,2021-02-24,1502275.372806076
45-64,South_West,374,0,0,2021-02-24,648342.8177533837
65-74,South_West,374,0,0,2021-02-24,666918.5303497104
75+,South_West,374,0,0,2021-02-24,565863.6650850496
1-4,South_West,375,0,0,2021-02-25,598144.3472245149
5-14,South_West,375,0,0,2021-02-25,177479.67637775035
15-24,South_West,375,0,0,2021-02-25,1311290.7469908274
25-44,South_West,375,0,0,2021-02-25,1502275.372806076
45-64,South_West,375,0,0,2021-02-25,648342.8177533837
65-74,South_West,375,0,0,2021-02-25,666918.5303497104
75+,South_West,375,0,0,2021-02-25,565863.6650850496
1-4,South_West,376,0,0,2021-02-26,598144.3472245149
5-14,South_West,376,0,0,2021-02-26,177479.67637775035
15-24,South_West,376,0,0,2021-02-26,1311290.7469908274
25-44,South_West,376,0,0,2021-02-26,1502275.372806076
45-64,South_West,376,0,0,2021-02-26,648342.8177533837
65-74,South_West,376,0,0,2021-02-26,666918.5303497104
75+,South_West,376,0,0,2021-02-26,565863.6650850496
1-4,South_West,377,0,0,2021-02-27,598144.3472245149
5-14,South_West,377,0,0,2021-02-27,177479.67637775035
15-24,South_West,377,0,0,2021-02-27,1311290.7469908274
25-44,South_West,377,0,0,2021-02-27,1502275.372806076
45-64,South_West,377,0,0,2021-02-27,648342.8177533837
65-74,South_West,377,0,0,2021-02-27,666918.5303497104
75+,South_West,377,0,0,2021-02-27,565863.6650850496
1-4,South_West,378,0,0,2021-02-28,598144.3472245149
5-14,South_West,378,0,0,2021-02-28,177479.67637775035
15-24,South_West,378,0,0,2021-02-28,1311290.7469908274
25-44,South_West,378,0,0,2021-02-28,1502275.372806076
45-64,South_West,378,0,0,2021-02-28,648342.8177533837
65-74,South_West,378,0,0,2021-02-28,666918.5303497104
75+,South_West,378,0,0,2021-02-28,565863.6650850496
1-4,South_West,379,0,0,2021-03-01,598144.3472245149
5-14,South_West,379,0,0,2021-03-01,177479.67637775035
15-24,South_West,379,0,0,2021-03-01,1311290.7469908274
25-44,South_West,379,0,0,2021-03-01,1502275.372806076
45-64,South_West,379,0,0,2021-03-01,648342.8177533837
65-74,South_West,379,0,0,2021-03-01,666918.5303497104
75+,South_West,379,0,0,2021-03-01,565863.6650850496
1-4,South_West,380,0,0,2021-03-02,598144.3472245149
5-14,South_West,380,0,0,2021-03-02,177479.67637775035
15-24,South_West,380,0,0,2021-03-02,1311290.7469908274
25-44,South_West,380,0,0,2021-03-02,1502275.372806076
45-64,South_West,380,0,0,2021-03-02,648342.8177533837
65-74,South_West,380,0,0,2021-03-02,666918.5303497104
75+,South_West,380,0,0,2021-03-02,565863.6650850496
1-4,South_West,381,0,0,2021-03-03,598144.3472245149
5-14,South_West,381,7.142026856737433,0.5445922352903847,2021-03-03,177479.67637775035
15-24,South_West,381,9.03370927811861,0.431931695531934,2021-03-03,1311290.7469908274
25-44,South_West,381,8.388536128716167,0.4348653680866902,2021-03-03,1502275.372806076
45-64,South_West,381,7.794208192945518,0.45524572692588045,2021-03-03,648342.8177533837
65-74,South_West,381,7.115865250444066,0.25113326312523265,2021-03-03,666918.5303497104
75+,South_West,381,6.985448890703887,0.31197917517417967,2021-03-03,565863.6650850496
1-4,South_West,382,0,0,2021-03-04,598144.3472245149
5-14,South_West,382,0,0,2021-03-04,177479.67637775035
15-24,South_West,382,0,0,2021-03-04,1311290.7469908274
25-44,South_West,382,0,0,2021-03-04,1502275.372806076
45-64,South_West,382,0,0,2021-03-04,648342.8177533837
65-74,South_West,382,0,0,2021-03-04,666918.5303497104
75+,South_West,382,0,0,2021-03-04,565863.6650850496
1-4,South_West,383,0,0,2021-03-05,598144.3472245149
5-14,South_West,383,0,0,2021-03-05,177479.67637775035
15-24,South_West,383,0,0,2021-03-05,1311290.7469908274
25-44,South_West,383,0,0,2021-03-05,1502275.372806076
45-64,South_West,383,0,0,2021-03-05,648342.8177533837
65-74,South_West,383,0,0,2021-03-05,666918.5303497104
75+,South_West,383,0,0,2021-03-05,565863.6650850496
1-4,South_West,384,0,0,2021-03-06,598144.3472245149
5-14,South_West,384,0,0,2021-03-06,177479.67637775035
15-24,South_West,384,0,0,2021-03-06,1311290.7469908274
25-44,South_West,384,0,0,2021-03-06,1502275.372806076
45-64,South_West,384,0,0,2021-03-06,648342.8177533837
65-74,South_West,384,0,0,2021-03-06,666918.5303497104
75+,South_West,384,0,0,2021-03-06,565863.6650850496
1-4,South_West,385,0,0,2021-03-07,598144.3472245149
5-14,South_West,385,0,0,2021-03-07,177479.67637775035
15-24,South_West,385,0,0,2021-03-07,1311290.7469908274
25-44,South_West,385,0,0,2021-03-07,1502275.372806076
45-64,South_West,385,0,0,2021-03-07,648342.8177533837
65-74,South_West,385,0,0,2021-03-07,666918.5303497104
75+,South_West,385,0,0,2021-03-07,565863.6650850496
1-4,South_West,386,0,0,2021-03-08,598144.3472245149
5-14,South_West,386,0,0,2021-03-08,177479.67637775035
15-24,South_West,386,0,0,2021-03-08,1311290.7469908274
25-44,South_West,386,0,0,2021-03-08,1502275.372806076
45-64,South_West,386,0,0,2021-03-08,648342.8177533837
65-74,South_West,386,0,0,2021-03-08,666918.5303497104
75+,South_West,386,0,0,2021-03-08,565863.6650850496
1-4,South_West,387,0,0,2021-03-09,598144.3472245149
5-14,South_West,387,0,0,2021-03-09,177479.67637775035
15-24,South_West,387,0,0,2021-03-09,1311290.7469908274
25-44,South_West,387,0,0,2021-03-09,1502275.372806076
45-64,South_West,387,0,0,2021-03-09,648342.8177533837
65-74,South_West,387,0,0,2021-03-09,666918.5303497104
75+,South_West,387,0,0,2021-03-09,565863.6650850496
1-4,South_West,388,0,0,2021-03-10,598144.3472245149
5-14,South_West,388,0,0,2021-03-10,177479.67637775035
15-24,South_West,388,0,0,2021-03-10,1311290.7469908274
25-44,South_West,388,0,0,2021-03-10,1502275.372806076
45-64,South_West,388,0,0,2021-03-10,648342.8177533837
65-74,South_West,388,0,0,2021-03-10,666918.5303497104
75+,South_West,388,0,0,2021-03-10,565863.6650850496
1-4,South_West,389,0,0,2021-03-11,598144.3472245149
5-14,South_West,389,0,0,2021-03-11,177479.67637775035
15-24,South_West,389,0,0,2021-03-11,1311290.7469908274
25-44,South_West,389,0,0,2021-03-11,1502275.372806076
45-64,South_West,389,0,0,2021-03-11,648342.8177533837
65-74,South_West,389,0,0,2021-03-11,666918.5303497104
75+,South_West,389,0,0,2021-03-11,565863.6650850496
1-4,South_West,390,0,0,2021-03-12,598144.3472245149
5-14,South_West,390,0,0,2021-03-12,177479.67637775035
15-24,South_West,390,0,0,2021-03-12,1311290.7469908274
25-44,South_West,390,0,0,2021-03-12,1502275.372806076
45-64,South_West,390,0,0,2021-03-12,648342.8177533837
65-74,South_West,390,0,0,2021-03-12,666918.5303497104
75+,South_West,390,0,0,2021-03-12,565863.6650850496
1-4,South_West,391,0,0,2021-03-13,598144.3472245149
5-14,South_West,391,0,0,2021-03-13,177479.67637775035
15-24,South_West,391,0,0,2021-03-13,1311290.7469908274
25-44,South_West,391,0,0,2021-03-13,1502275.372806076
45-64,South_West,391,0,0,2021-03-13,648342.8177533837
65-74,South_West,391,0,0,2021-03-13,666918.5303497104
75+,South_West,391,0,0,2021-03-13,565863.6650850496
1-4,South_West,392,0,0,2021-03-14,598144.3472245149
5-14,South_West,392,0,0,2021-03-14,177479.67637775035
15-24,South_West,392,0,0,2021-03-14,1311290.7469908274
25-44,South_West,392,0,0,2021-03-14,1502275.372806076
45-64,South_West,392,0,0,2021-03-14,648342.8177533837
65-74,South_West,392,0,0,2021-03-14,666918.5303497104
75+,South_West,392,0,0,2021-03-14,565863.6650850496
1-4,South_West,393,0,0,2021-03-15,598144.3472245149
5-14,South_West,393,0,0,2021-03-15,177479.67637775035
15-24,South_West,393,0,0,2021-03-15,1311290.7469908274
25-44,South_West,393,0,0,2021-03-15,1502275.372806076
45-64,South_West,393,0,0,2021-03-15,648342.8177533837
65-74,South_West,393,0,0,2021-03-15,666918.5303497104
75+,South_West,393,0,0,2021-03-15,565863.6650850496
1-4,South_West,394,0,0,2021-03-16,598144.3472245149
5-14,South_West,394,0,0,2021-03-16,177479.67637775035
15-24,South_West,394,0,0,2021-03-16,1311290.7469908274
25-44,South_West,394,0,0,2021-03-16,1502275.372806076
45-64,South_West,394,0,0,2021-03-16,648342.8177533837
65-74,South_West,394,0,0,2021-03-16,666918.5303497104
75+,South_West,394,0,0,2021-03-16,565863.6650850496
1-4,South_West,395,0,0,2021-03-17,598144.3472245149
5-14,South_West,395,7.12080228582105,0.7235588073188488,2021-03-17,177479.67637775035
15-24,South_West,395,8.642859650328312,0.5128252565847473,2021-03-17,1311290.7469908274
25-44,South_West,395,7.9009543945308804,0.5235740548023179,2021-03-17,1502275.372806076
45-64,South_West,395,8.03329623980441,0.5345478820318315,2021-03-17,648342.8177533837
65-74,South_West,395,6.903649074010108,0.41120235080093587,2021-03-17,666918.5303497104
75+,South_West,395,6.762592763402412,0.510434962385556,2021-03-17,565863.6650850496
1-4,North_East,75,0,0,2020-05-01,303653.095257706
5-14,North_East,75,0,0,2020-05-01,85924.80902994488
15-24,North_East,75,0,0,2020-05-01,651992.4381739232
25-44,North_East,75,0,0,2020-05-01,704258.8250092543
45-64,North_East,75,0,0,2020-05-01,309635.1507841224
65-74,North_East,75,0,0,2020-05-01,294607.96177997784
75+,North_East,75,0,0,2020-05-01,225119.51265905632
1-4,North_East,76,0,0,2020-05-02,303653.095257706
5-14,North_East,76,0,0,2020-05-02,85924.80902994488
15-24,North_East,76,0,0,2020-05-02,651992.4381739232
25-44,North_East,76,0,0,2020-05-02,704258.8250092543
45-64,North_East,76,0,0,2020-05-02,309635.1507841224
65-74,North_East,76,0,0,2020-05-02,294607.96177997784
75+,North_East,76,0,0,2020-05-02,225119.51265905632
1-4,North_East,77,0,0,2020-05-03,303653.095257706
5-14,North_East,77,0,0,2020-05-03,85924.80902994488
15-24,North_East,77,0,0,2020-05-03,651992.4381739232
25-44,North_East,77,0,0,2020-05-03,704258.8250092543
45-64,North_East,77,0,0,2020-05-03,309635.1507841224
65-74,North_East,77,0,0,2020-05-03,294607.96177997784
75+,North_East,77,0,0,2020-05-03,225119.51265905632
1-4,North_East,78,0,0,2020-05-04,303653.095257706
5-14,North_East,78,0,0,2020-05-04,85924.80902994488
15-24,North_East,78,0,0,2020-05-04,651992.4381739232
25-44,North_East,78,0,0,2020-05-04,704258.8250092543
45-64,North_East,78,0,0,2020-05-04,309635.1507841224
65-74,North_East,78,0,0,2020-05-04,294607.96177997784
75+,North_East,78,0,0,2020-05-04,225119.51265905632
1-4,North_East,79,0,0,2020-05-05,303653.095257706
5-14,North_East,79,0,0,2020-05-05,85924.80902994488
15-24,North_East,79,0,0,2020-05-05,651992.4381739232
25-44,North_East,79,0,0,2020-05-05,704258.8250092543
45-64,North_East,79,0,0,2020-05-05,309635.1507841224
65-74,North_East,79,0,0,2020-05-05,294607.96177997784
75+,North_East,79,0,0,2020-05-05,225119.51265905632
1-4,North_East,80,0,0,2020-05-06,303653.095257706
5-14,North_East,80,0,0,2020-05-06,85924.80902994488
15-24,North_East,80,0,0,2020-05-06,651992.4381739232
25-44,North_East,80,0,0,2020-05-06,704258.8250092543
45-64,North_East,80,0,0,2020-05-06,309635.1507841224
65-74,North_East,80,0,0,2020-05-06,294607.96177997784
75+,North_East,80,0,0,2020-05-06,225119.51265905632
1-4,North_East,81,0,0,2020-05-07,303653.095257706
5-14,North_East,81,0,0,2020-05-07,85924.80902994488
15-24,North_East,81,0,0,2020-05-07,651992.4381739232
25-44,North_East,81,0,0,2020-05-07,704258.8250092543
45-64,North_East,81,0,0,2020-05-07,309635.1507841224
65-74,North_East,81,0,0,2020-05-07,294607.96177997784
75+,North_East,81,0,0,2020-05-07,225119.51265905632
1-4,North_East,82,0,0,2020-05-08,303653.095257706
5-14,North_East,82,0,0,2020-05-08,85924.80902994488
15-24,North_East,82,0,0,2020-05-08,651992.4381739232
25-44,North_East,82,0,0,2020-05-08,704258.8250092543
45-64,North_East,82,0,0,2020-05-08,309635.1507841224
65-74,North_East,82,0,0,2020-05-08,294607.96177997784
75+,North_East,82,0,0,2020-05-08,225119.51265905632
1-4,North_East,83,0,0,2020-05-09,303653.095257706
5-14,North_East,83,0,0,2020-05-09,85924.80902994488
15-24,North_East,83,0,0,2020-05-09,651992.4381739232
25-44,North_East,83,0,0,2020-05-09,704258.8250092543
45-64,North_East,83,0,0,2020-05-09,309635.1507841224
65-74,North_East,83,0,0,2020-05-09,294607.96177997784
75+,North_East,83,0,0,2020-05-09,225119.51265905632
1-4,North_East,84,0,0,2020-05-10,303653.095257706
5-14,North_East,84,0,0,2020-05-10,85924.80902994488
15-24,North_East,84,0,0,2020-05-10,651992.4381739232
25-44,North_East,84,0,0,2020-05-10,704258.8250092543
45-64,North_East,84,0,0,2020-05-10,309635.1507841224
65-74,North_East,84,0,0,2020-05-10,294607.96177997784
75+,North_East,84,0,0,2020-05-10,225119.51265905632
1-4,North_East,85,0,0,2020-05-11,303653.095257706
5-14,North_East,85,0,0,2020-05-11,85924.80902994488
15-24,North_East,85,0,0,2020-05-11,651992.4381739232
25-44,North_East,85,0,0,2020-05-11,704258.8250092543
45-64,North_East,85,0,0,2020-05-11,309635.1507841224
65-74,North_East,85,0,0,2020-05-11,294607.96177997784
75+,North_East,85,0,0,2020-05-11,225119.51265905632
1-4,North_East,86,0,0,2020-05-12,303653.095257706
5-14,North_East,86,0,0,2020-05-12,85924.80902994488
15-24,North_East,86,0,0,2020-05-12,651992.4381739232
25-44,North_East,86,0,0,2020-05-12,704258.8250092543
45-64,North_East,86,0,0,2020-05-12,309635.1507841224
65-74,North_East,86,0,0,2020-05-12,294607.96177997784
75+,North_East,86,0,0,2020-05-12,225119.51265905632
1-4,North_East,87,0,0,2020-05-13,303653.095257706
5-14,North_East,87,7.657833018223655,0.7292604693966953,2020-05-13,85924.80902994488
15-24,North_East,87,8.74213653384398,0.5656634419709397,2020-05-13,651992.4381739232
25-44,North_East,87,8.055266672048987,0.5588703913033639,2020-05-13,704258.8250092543
45-64,North_East,87,7.619313571586653,0.5831770029442556,2020-05-13,309635.1507841224
65-74,North_East,87,7.412902957238975,0.46065860965548977,2020-05-13,294607.96177997784
75+,North_East,87,8.41430050992185,0.5438783147327612,2020-05-13,225119.51265905632
1-4,North_East,88,0,0,2020-05-14,303653.095257706
5-14,North_East,88,0,0,2020-05-14,85924.80902994488
15-24,North_East,88,0,0,2020-05-14,651992.4381739232
25-44,North_East,88,0,0,2020-05-14,704258.8250092543
45-64,North_East,88,0,0,2020-05-14,309635.1507841224
65-74,North_East,88,0,0,2020-05-14,294607.96177997784
75+,North_East,88,0,0,2020-05-14,225119.51265905632
1-4,North_East,89,0,0,2020-05-15,303653.095257706
5-14,North_East,89,0,0,2020-05-15,85924.80902994488
15-24,North_East,89,0,0,2020-05-15,651992.4381739232
25-44,North_East,89,0,0,2020-05-15,704258.8250092543
45-64,North_East,89,0,0,2020-05-15,309635.1507841224
65-74,North_East,89,0,0,2020-05-15,294607.96177997784
75+,North_East,89,0,0,2020-05-15,225119.51265905632
1-4,North_East,90,0,0,2020-05-16,303653.095257706
5-14,North_East,90,0,0,2020-05-16,85924.80902994488
15-24,North_East,90,0,0,2020-05-16,651992.4381739232
25-44,North_East,90,0,0,2020-05-16,704258.8250092543
45-64,North_East,90,0,0,2020-05-16,309635.1507841224
65-74,North_East,90,0,0,2020-05-16,294607.96177997784
75+,North_East,90,0,0,2020-05-16,225119.51265905632
1-4,North_East,91,0,0,2020-05-17,303653.095257706
5-14,North_East,91,0,0,2020-05-17,85924.80902994488
15-24,North_East,91,0,0,2020-05-17,651992.4381739232
25-44,North_East,91,0,0,2020-05-17,704258.8250092543
45-64,North_East,91,0,0,2020-05-17,309635.1507841224
65-74,North_East,91,0,0,2020-05-17,294607.96177997784
75+,North_East,91,0,0,2020-05-17,225119.51265905632
1-4,North_East,92,0,0,2020-05-18,303653.095257706
5-14,North_East,92,0,0,2020-05-18,85924.80902994488
15-24,North_East,92,0,0,2020-05-18,651992.4381739232
25-44,North_East,92,0,0,2020-05-18,704258.8250092543
45-64,North_East,92,0,0,2020-05-18,309635.1507841224
65-74,North_East,92,0,0,2020-05-18,294607.96177997784
75+,North_East,92,0,0,2020-05-18,225119.51265905632
1-4,North_East,93,0,0,2020-05-19,303653.095257706
5-14,North_East,93,0,0,2020-05-19,85924.80902994488
15-24,North_East,93,0,0,2020-05-19,651992.4381739232
25-44,North_East,93,0,0,2020-05-19,704258.8250092543
45-64,North_East,93,0,0,2020-05-19,309635.1507841224
65-74,North_East,93,0,0,2020-05-19,294607.96177997784
75+,North_East,93,0,0,2020-05-19,225119.51265905632
1-4,North_East,94,0,0,2020-05-20,303653.095257706
5-14,North_East,94,0,0,2020-05-20,85924.80902994488
15-24,North_East,94,0,0,2020-05-20,651992.4381739232
25-44,North_East,94,0,0,2020-05-20,704258.8250092543
45-64,North_East,94,0,0,2020-05-20,309635.1507841224
65-74,North_East,94,0,0,2020-05-20,294607.96177997784
75+,North_East,94,0,0,2020-05-20,225119.51265905632
1-4,North_East,95,0,0,2020-05-21,303653.095257706
5-14,North_East,95,0,0,2020-05-21,85924.80902994488
15-24,North_East,95,0,0,2020-05-21,651992.4381739232
25-44,North_East,95,0,0,2020-05-21,704258.8250092543
45-64,North_East,95,0,0,2020-05-21,309635.1507841224
65-74,North_East,95,0,0,2020-05-21,294607.96177997784
75+,North_East,95,0,0,2020-05-21,225119.51265905632
1-4,North_East,96,0,0,2020-05-22,303653.095257706
5-14,North_East,96,0,0,2020-05-22,85924.80902994488
15-24,North_East,96,0,0,2020-05-22,651992.4381739232
25-44,North_East,96,0,0,2020-05-22,704258.8250092543
45-64,North_East,96,0,0,2020-05-22,309635.1507841224
65-74,North_East,96,0,0,2020-05-22,294607.96177997784
75+,North_East,96,0,0,2020-05-22,225119.51265905632
1-4,North_East,97,0,0,2020-05-23,303653.095257706
5-14,North_East,97,0,0,2020-05-23,85924.80902994488
15-24,North_East,97,0,0,2020-05-23,651992.4381739232
25-44,North_East,97,0,0,2020-05-23,704258.8250092543
45-64,North_East,97,0,0,2020-05-23,309635.1507841224
65-74,North_East,97,0,0,2020-05-23,294607.96177997784
75+,North_East,97,0,0,2020-05-23,225119.51265905632
1-4,North_East,98,0,0,2020-05-24,303653.095257706
5-14,North_East,98,0,0,2020-05-24,85924.80902994488
15-24,North_East,98,0,0,2020-05-24,651992.4381739232
25-44,North_East,98,0,0,2020-05-24,704258.8250092543
45-64,North_East,98,0,0,2020-05-24,309635.1507841224
65-74,North_East,98,0,0,2020-05-24,294607.96177997784
75+,North_East,98,0,0,2020-05-24,225119.51265905632
1-4,North_East,99,0,0,2020-05-25,303653.095257706
5-14,North_East,99,0,0,2020-05-25,85924.80902994488
15-24,North_East,99,0,0,2020-05-25,651992.4381739232
25-44,North_East,99,0,0,2020-05-25,704258.8250092543
45-64,North_East,99,0,0,2020-05-25,309635.1507841224
65-74,North_East,99,0,0,2020-05-25,294607.96177997784
75+,North_East,99,0,0,2020-05-25,225119.51265905632
1-4,North_East,100,0,0,2020-05-26,303653.095257706
5-14,North_East,100,0,0,2020-05-26,85924.80902994488
15-24,North_East,100,0,0,2020-05-26,651992.4381739232
25-44,North_East,100,0,0,2020-05-26,704258.8250092543
45-64,North_East,100,0,0,2020-05-26,309635.1507841224
65-74,North_East,100,0,0,2020-05-26,294607.96177997784
75+,North_East,100,0,0,2020-05-26,225119.51265905632
1-4,North_East,101,0,0,2020-05-27,303653.095257706
5-14,North_East,101,7.492896423090681,0.5942371688197083,2020-05-27,85924.80902994488
15-24,North_East,101,8.605884255143554,0.4957187660185972,2020-05-27,651992.4381739232
25-44,North_East,101,7.932190883570358,0.4912691357345724,2020-05-27,704258.8250092543
45-64,North_East,101,7.456542360419912,0.5123566910075771,2020-05-27,309635.1507841224
65-74,North_East,101,7.230636020703864,0.3745793958019901,2020-05-27,294607.96177997784
75+,North_East,101,8.063874415060857,0.4251355509174781,2020-05-27,225119.51265905632
1-4,North_East,102,0,0,2020-05-28,303653.095257706
5-14,North_East,102,0,0,2020-05-28,85924.80902994488
15-24,North_East,102,0,0,2020-05-28,651992.4381739232
25-44,North_East,102,0,0,2020-05-28,704258.8250092543
45-64,North_East,102,0,0,2020-05-28,309635.1507841224
65-74,North_East,102,0,0,2020-05-28,294607.96177997784
75+,North_East,102,0,0,2020-05-28,225119.51265905632
1-4,North_East,103,0,0,2020-05-29,303653.095257706
5-14,North_East,103,0,0,2020-05-29,85924.80902994488
15-24,North_East,103,0,0,2020-05-29,651992.4381739232
25-44,North_East,103,0,0,2020-05-29,704258.8250092543
45-64,North_East,103,0,0,2020-05-29,309635.1507841224
65-74,North_East,103,0,0,2020-05-29,294607.96177997784
75+,North_East,103,0,0,2020-05-29,225119.51265905632
1-4,North_East,104,0,0,2020-05-30,303653.095257706
5-14,North_East,104,0,0,2020-05-30,85924.80902994488
15-24,North_East,104,0,0,2020-05-30,651992.4381739232
25-44,North_East,104,0,0,2020-05-30,704258.8250092543
45-64,North_East,104,0,0,2020-05-30,309635.1507841224
65-74,North_East,104,0,0,2020-05-30,294607.96177997784
75+,North_East,104,0,0,2020-05-30,225119.51265905632
1-4,North_East,105,0,0,2020-05-31,303653.095257706
5-14,North_East,105,0,0,2020-05-31,85924.80902994488
15-24,North_East,105,0,0,2020-05-31,651992.4381739232
25-44,North_East,105,0,0,2020-05-31,704258.8250092543
45-64,North_East,105,0,0,2020-05-31,309635.1507841224
65-74,North_East,105,0,0,2020-05-31,294607.96177997784
75+,North_East,105,0,0,2020-05-31,225119.51265905632
1-4,North_East,106,0,0,2020-06-01,303653.095257706
5-14,North_East,106,0,0,2020-06-01,85924.80902994488
15-24,North_East,106,0,0,2020-06-01,651992.4381739232
25-44,North_East,106,0,0,2020-06-01,704258.8250092543
45-64,North_East,106,0,0,2020-06-01,309635.1507841224
65-74,North_East,106,0,0,2020-06-01,294607.96177997784
75+,North_East,106,0,0,2020-06-01,225119.51265905632
1-4,North_East,107,0,0,2020-06-02,303653.095257706
5-14,North_East,107,0,0,2020-06-02,85924.80902994488
15-24,North_East,107,0,0,2020-06-02,651992.4381739232
25-44,North_East,107,0,0,2020-06-02,704258.8250092543
45-64,North_East,107,0,0,2020-06-02,309635.1507841224
65-74,North_East,107,0,0,2020-06-02,294607.96177997784
75+,North_East,107,0,0,2020-06-02,225119.51265905632
1-4,North_East,108,0,0,2020-06-03,303653.095257706
5-14,North_East,108,0,0,2020-06-03,85924.80902994488
15-24,North_East,108,0,0,2020-06-03,651992.4381739232
25-44,North_East,108,0,0,2020-06-03,704258.8250092543
45-64,North_East,108,0,0,2020-06-03,309635.1507841224
65-74,North_East,108,0,0,2020-06-03,294607.96177997784
75+,North_East,108,0,0,2020-06-03,225119.51265905632
1-4,North_East,109,0,0,2020-06-04,303653.095257706
5-14,North_East,109,0,0,2020-06-04,85924.80902994488
15-24,North_East,109,0,0,2020-06-04,651992.4381739232
25-44,North_East,109,0,0,2020-06-04,704258.8250092543
45-64,North_East,109,0,0,2020-06-04,309635.1507841224
65-74,North_East,109,0,0,2020-06-04,294607.96177997784
75+,North_East,109,0,0,2020-06-04,225119.51265905632
1-4,North_East,110,0,0,2020-06-05,303653.095257706
5-14,North_East,110,0,0,2020-06-05,85924.80902994488
15-24,North_East,110,0,0,2020-06-05,651992.4381739232
25-44,North_East,110,0,0,2020-06-05,704258.8250092543
45-64,North_East,110,0,0,2020-06-05,309635.1507841224
65-74,North_East,110,0,0,2020-06-05,294607.96177997784
75+,North_East,110,0,0,2020-06-05,225119.51265905632
1-4,North_East,111,0,0,2020-06-06,303653.095257706
5-14,North_East,111,0,0,2020-06-06,85924.80902994488
15-24,North_East,111,0,0,2020-06-06,651992.4381739232
25-44,North_East,111,0,0,2020-06-06,704258.8250092543
45-64,North_East,111,0,0,2020-06-06,309635.1507841224
65-74,North_East,111,0,0,2020-06-06,294607.96177997784
75+,North_East,111,0,0,2020-06-06,225119.51265905632
1-4,North_East,112,0,0,2020-06-07,303653.095257706
5-14,North_East,112,0,0,2020-06-07,85924.80902994488
15-24,North_East,112,0,0,2020-06-07,651992.4381739232
25-44,North_East,112,0,0,2020-06-07,704258.8250092543
45-64,North_East,112,0,0,2020-06-07,309635.1507841224
65-74,North_East,112,0,0,2020-06-07,294607.96177997784
75+,North_East,112,0,0,2020-06-07,225119.51265905632
1-4,North_East,113,0,0,2020-06-08,303653.095257706
5-14,North_East,113,0,0,2020-06-08,85924.80902994488
15-24,North_East,113,0,0,2020-06-08,651992.4381739232
25-44,North_East,113,0,0,2020-06-08,704258.8250092543
45-64,North_East,113,0,0,2020-06-08,309635.1507841224
65-74,North_East,113,0,0,2020-06-08,294607.96177997784
75+,North_East,113,0,0,2020-06-08,225119.51265905632
1-4,North_East,114,0,0,2020-06-09,303653.095257706
5-14,North_East,114,0,0,2020-06-09,85924.80902994488
15-24,North_East,114,0,0,2020-06-09,651992.4381739232
25-44,North_East,114,0,0,2020-06-09,704258.8250092543
45-64,North_East,114,0,0,2020-06-09,309635.1507841224
65-74,North_East,114,0,0,2020-06-09,294607.96177997784
75+,North_East,114,0,0,2020-06-09,225119.51265905632
1-4,North_East,115,0,0,2020-06-10,303653.095257706
5-14,North_East,115,7.343056423823038,0.5517963794213697,2020-06-10,85924.80902994488
15-24,North_East,115,8.478150713893106,0.4954325227254786,2020-06-10,651992.4381739232
25-44,North_East,115,7.831729682923466,0.4853235879332007,2020-06-10,704258.8250092543
45-64,North_East,115,7.339380961117062,0.5073888745699789,2020-06-10,309635.1507841224
65-74,North_East,115,7.094848391789473,0.36289194928877727,2020-06-10,294607.96177997784
75+,North_East,115,7.741241686095818,0.39227654347616514,2020-06-10,225119.51265905632
1-4,North_East,116,0,0,2020-06-11,303653.095257706
5-14,North_East,116,0,0,2020-06-11,85924.80902994488
15-24,North_East,116,0,0,2020-06-11,651992.4381739232
25-44,North_East,116,0,0,2020-06-11,704258.8250092543
45-64,North_East,116,0,0,2020-06-11,309635.1507841224
65-74,North_East,116,0,0,2020-06-11,294607.96177997784
75+,North_East,116,0,0,2020-06-11,225119.51265905632
1-4,North_East,117,0,0,2020-06-12,303653.095257706
5-14,North_East,117,0,0,2020-06-12,85924.80902994488
15-24,North_East,117,0,0,2020-06-12,651992.4381739232
25-44,North_East,117,0,0,2020-06-12,704258.8250092543
45-64,North_East,117,0,0,2020-06-12,309635.1507841224
65-74,North_East,117,0,0,2020-06-12,294607.96177997784
75+,North_East,117,0,0,2020-06-12,225119.51265905632
1-4,North_East,118,0,0,2020-06-13,303653.095257706
5-14,North_East,118,0,0,2020-06-13,85924.80902994488
15-24,North_East,118,0,0,2020-06-13,651992.4381739232
25-44,North_East,118,0,0,2020-06-13,704258.8250092543
45-64,North_East,118,0,0,2020-06-13,309635.1507841224
65-74,North_East,118,0,0,2020-06-13,294607.96177997784
75+,North_East,118,0,0,2020-06-13,225119.51265905632
1-4,North_East,119,0,0,2020-06-14,303653.095257706
5-14,North_East,119,0,0,2020-06-14,85924.80902994488
15-24,North_East,119,0,0,2020-06-14,651992.4381739232
25-44,North_East,119,0,0,2020-06-14,704258.8250092543
45-64,North_East,119,0,0,2020-06-14,309635.1507841224
65-74,North_East,119,0,0,2020-06-14,294607.96177997784
75+,North_East,119,0,0,2020-06-14,225119.51265905632
1-4,North_East,120,0,0,2020-06-15,303653.095257706
5-14,North_East,120,0,0,2020-06-15,85924.80902994488
15-24,North_East,120,0,0,2020-06-15,651992.4381739232
25-44,North_East,120,0,0,2020-06-15,704258.8250092543
45-64,North_East,120,0,0,2020-06-15,309635.1507841224
65-74,North_East,120,0,0,2020-06-15,294607.96177997784
75+,North_East,120,0,0,2020-06-15,225119.51265905632
1-4,North_East,121,0,0,2020-06-16,303653.095257706
5-14,North_East,121,0,0,2020-06-16,85924.80902994488
15-24,North_East,121,0,0,2020-06-16,651992.4381739232
25-44,North_East,121,0,0,2020-06-16,704258.8250092543
45-64,North_East,121,0,0,2020-06-16,309635.1507841224
65-74,North_East,121,0,0,2020-06-16,294607.96177997784
75+,North_East,121,0,0,2020-06-16,225119.51265905632
1-4,North_East,122,0,0,2020-06-17,303653.095257706
5-14,North_East,122,0,0,2020-06-17,85924.80902994488
15-24,North_East,122,0,0,2020-06-17,651992.4381739232
25-44,North_East,122,0,0,2020-06-17,704258.8250092543
45-64,North_East,122,0,0,2020-06-17,309635.1507841224
65-74,North_East,122,0,0,2020-06-17,294607.96177997784
75+,North_East,122,0,0,2020-06-17,225119.51265905632
1-4,North_East,123,0,0,2020-06-18,303653.095257706
5-14,North_East,123,0,0,2020-06-18,85924.80902994488
15-24,North_East,123,0,0,2020-06-18,651992.4381739232
25-44,North_East,123,0,0,2020-06-18,704258.8250092543
45-64,North_East,123,0,0,2020-06-18,309635.1507841224
65-74,North_East,123,0,0,2020-06-18,294607.96177997784
75+,North_East,123,0,0,2020-06-18,225119.51265905632
1-4,North_East,124,0,0,2020-06-19,303653.095257706
5-14,North_East,124,0,0,2020-06-19,85924.80902994488
15-24,North_East,124,0,0,2020-06-19,651992.4381739232
25-44,North_East,124,0,0,2020-06-19,704258.8250092543
45-64,North_East,124,0,0,2020-06-19,309635.1507841224
65-74,North_East,124,0,0,2020-06-19,294607.96177997784
75+,North_East,124,0,0,2020-06-19,225119.51265905632
1-4,North_East,125,0,0,2020-06-20,303653.095257706
5-14,North_East,125,0,0,2020-06-20,85924.80902994488
15-24,North_East,125,0,0,2020-06-20,651992.4381739232
25-44,North_East,125,0,0,2020-06-20,704258.8250092543
45-64,North_East,125,0,0,2020-06-20,309635.1507841224
65-74,North_East,125,0,0,2020-06-20,294607.96177997784
75+,North_East,125,0,0,2020-06-20,225119.51265905632
1-4,North_East,126,0,0,2020-06-21,303653.095257706
5-14,North_East,126,0,0,2020-06-21,85924.80902994488
15-24,North_East,126,0,0,2020-06-21,651992.4381739232
25-44,North_East,126,0,0,2020-06-21,704258.8250092543
45-64,North_East,126,0,0,2020-06-21,309635.1507841224
65-74,North_East,126,0,0,2020-06-21,294607.96177997784
75+,North_East,126,0,0,2020-06-21,225119.51265905632
1-4,North_East,127,0,0,2020-06-22,303653.095257706
5-14,North_East,127,0,0,2020-06-22,85924.80902994488
15-24,North_East,127,0,0,2020-06-22,651992.4381739232
25-44,North_East,127,0,0,2020-06-22,704258.8250092543
45-64,North_East,127,0,0,2020-06-22,309635.1507841224
65-74,North_East,127,0,0,2020-06-22,294607.96177997784
75+,North_East,127,0,0,2020-06-22,225119.51265905632
1-4,North_East,128,0,0,2020-06-23,303653.095257706
5-14,North_East,128,0,0,2020-06-23,85924.80902994488
15-24,North_East,128,0,0,2020-06-23,651992.4381739232
25-44,North_East,128,0,0,2020-06-23,704258.8250092543
45-64,North_East,128,0,0,2020-06-23,309635.1507841224
65-74,North_East,128,0,0,2020-06-23,294607.96177997784
75+,North_East,128,0,0,2020-06-23,225119.51265905632
1-4,North_East,129,0,0,2020-06-24,303653.095257706
5-14,North_East,129,7.228287078246598,0.5336379431378355,2020-06-24,85924.80902994488
15-24,North_East,129,8.37338887922077,0.5008886079008025,2020-06-24,651992.4381739232
25-44,North_East,129,7.779143406224684,0.4842978761009051,2020-06-24,704258.8250092543
45-64,North_East,129,7.281742535470229,0.5105536949099068,2020-06-24,309635.1507841224
65-74,North_East,129,7.005997608934895,0.3609615062530109,2020-06-24,294607.96177997784
75+,North_East,129,7.49177456137995,0.3748806680233802,2020-06-24,225119.51265905632
1-4,North_East,130,0,0,2020-06-25,303653.095257706
5-14,North_East,130,0,0,2020-06-25,85924.80902994488
15-24,North_East,130,0,0,2020-06-25,651992.4381739232
25-44,North_East,130,0,0,2020-06-25,704258.8250092543
45-64,North_East,130,0,0,2020-06-25,309635.1507841224
65-74,North_East,130,0,0,2020-06-25,294607.96177997784
75+,North_East,130,0,0,2020-06-25,225119.51265905632
1-4,North_East,131,0,0,2020-06-26,303653.095257706
5-14,North_East,131,0,0,2020-06-26,85924.80902994488
15-24,North_East,131,0,0,2020-06-26,651992.4381739232
25-44,North_East,131,0,0,2020-06-26,704258.8250092543
45-64,North_East,131,0,0,2020-06-26,309635.1507841224
65-74,North_East,131,0,0,2020-06-26,294607.96177997784
75+,North_East,131,0,0,2020-06-26,225119.51265905632
1-4,North_East,132,0,0,2020-06-27,303653.095257706
5-14,North_East,132,0,0,2020-06-27,85924.80902994488
15-24,North_East,132,0,0,2020-06-27,651992.4381739232
25-44,North_East,132,0,0,2020-06-27,704258.8250092543
45-64,North_East,132,0,0,2020-06-27,309635.1507841224
65-74,North_East,132,0,0,2020-06-27,294607.96177997784
75+,North_East,132,0,0,2020-06-27,225119.51265905632
1-4,North_East,133,0,0,2020-06-28,303653.095257706
5-14,North_East,133,0,0,2020-06-28,85924.80902994488
15-24,North_East,133,0,0,2020-06-28,651992.4381739232
25-44,North_East,133,0,0,2020-06-28,704258.8250092543
45-64,North_East,133,0,0,2020-06-28,309635.1507841224
65-74,North_East,133,0,0,2020-06-28,294607.96177997784
75+,North_East,133,0,0,2020-06-28,225119.51265905632
1-4,North_East,134,0,0,2020-06-29,303653.095257706
5-14,North_East,134,0,0,2020-06-29,85924.80902994488
15-24,North_East,134,0,0,2020-06-29,651992.4381739232
25-44,North_East,134,0,0,2020-06-29,704258.8250092543
45-64,North_East,134,0,0,2020-06-29,309635.1507841224
65-74,North_East,134,0,0,2020-06-29,294607.96177997784
75+,North_East,134,0,0,2020-06-29,225119.51265905632
1-4,North_East,135,0,0,2020-06-30,303653.095257706
5-14,North_East,135,0,0,2020-06-30,85924.80902994488
15-24,North_East,135,0,0,2020-06-30,651992.4381739232
25-44,North_East,135,0,0,2020-06-30,704258.8250092543
45-64,North_East,135,0,0,2020-06-30,309635.1507841224
65-74,North_East,135,0,0,2020-06-30,294607.96177997784
75+,North_East,135,0,0,2020-06-30,225119.51265905632
1-4,North_East,136,0,0,2020-07-01,303653.095257706
5-14,North_East,136,0,0,2020-07-01,85924.80902994488
15-24,North_East,136,0,0,2020-07-01,651992.4381739232
25-44,North_East,136,0,0,2020-07-01,704258.8250092543
45-64,North_East,136,0,0,2020-07-01,309635.1507841224
65-74,North_East,136,0,0,2020-07-01,294607.96177997784
75+,North_East,136,0,0,2020-07-01,225119.51265905632
1-4,North_East,137,0,0,2020-07-02,303653.095257706
5-14,North_East,137,0,0,2020-07-02,85924.80902994488
15-24,North_East,137,0,0,2020-07-02,651992.4381739232
25-44,North_East,137,0,0,2020-07-02,704258.8250092543
45-64,North_East,137,0,0,2020-07-02,309635.1507841224
65-74,North_East,137,0,0,2020-07-02,294607.96177997784
75+,North_East,137,0,0,2020-07-02,225119.51265905632
1-4,North_East,138,0,0,2020-07-03,303653.095257706
5-14,North_East,138,0,0,2020-07-03,85924.80902994488
15-24,North_East,138,0,0,2020-07-03,651992.4381739232
25-44,North_East,138,0,0,2020-07-03,704258.8250092543
45-64,North_East,138,0,0,2020-07-03,309635.1507841224
65-74,North_East,138,0,0,2020-07-03,294607.96177997784
75+,North_East,138,0,0,2020-07-03,225119.51265905632
1-4,North_East,139,0,0,2020-07-04,303653.095257706
5-14,North_East,139,0,0,2020-07-04,85924.80902994488
15-24,North_East,139,0,0,2020-07-04,651992.4381739232
25-44,North_East,139,0,0,2020-07-04,704258.8250092543
45-64,North_East,139,0,0,2020-07-04,309635.1507841224
65-74,North_East,139,0,0,2020-07-04,294607.96177997784
75+,North_East,139,0,0,2020-07-04,225119.51265905632
1-4,North_East,140,0,0,2020-07-05,303653.095257706
5-14,North_East,140,0,0,2020-07-05,85924.80902994488
15-24,North_East,140,0,0,2020-07-05,651992.4381739232
25-44,North_East,140,0,0,2020-07-05,704258.8250092543
45-64,North_East,140,0,0,2020-07-05,309635.1507841224
65-74,North_East,140,0,0,2020-07-05,294607.96177997784
75+,North_East,140,0,0,2020-07-05,225119.51265905632
1-4,North_East,141,0,0,2020-07-06,303653.095257706
5-14,North_East,141,0,0,2020-07-06,85924.80902994488
15-24,North_East,141,0,0,2020-07-06,651992.4381739232
25-44,North_East,141,0,0,2020-07-06,704258.8250092543
45-64,North_East,141,0,0,2020-07-06,309635.1507841224
65-74,North_East,141,0,0,2020-07-06,294607.96177997784
75+,North_East,141,0,0,2020-07-06,225119.51265905632
1-4,North_East,142,0,0,2020-07-07,303653.095257706
5-14,North_East,142,0,0,2020-07-07,85924.80902994488
15-24,North_East,142,0,0,2020-07-07,651992.4381739232
25-44,North_East,142,0,0,2020-07-07,704258.8250092543
45-64,North_East,142,0,0,2020-07-07,309635.1507841224
65-74,North_East,142,0,0,2020-07-07,294607.96177997784
75+,North_East,142,0,0,2020-07-07,225119.51265905632
1-4,North_East,143,0,0,2020-07-08,303653.095257706
5-14,North_East,143,7.166684253582434,0.5299245824194939,2020-07-08,85924.80902994488
15-24,North_East,143,8.309957795994286,0.49327488504401895,2020-07-08,651992.4381739232
25-44,North_East,143,7.788438799674052,0.48021814725684697,2020-07-08,704258.8250092543
45-64,North_East,143,7.28857324231125,0.509648103287478,2020-07-08,309635.1507841224
65-74,North_East,143,6.962536561108443,0.3551492404311587,2020-07-08,294607.96177997784
75+,North_East,143,7.355433236734615,0.367827363201231,2020-07-08,225119.51265905632
1-4,North_East,144,0,0,2020-07-09,303653.095257706
5-14,North_East,144,0,0,2020-07-09,85924.80902994488
15-24,North_East,144,0,0,2020-07-09,651992.4381739232
25-44,North_East,144,0,0,2020-07-09,704258.8250092543
45-64,North_East,144,0,0,2020-07-09,309635.1507841224
65-74,North_East,144,0,0,2020-07-09,294607.96177997784
75+,North_East,144,0,0,2020-07-09,225119.51265905632
1-4,North_East,145,0,0,2020-07-10,303653.095257706
5-14,North_East,145,0,0,2020-07-10,85924.80902994488
15-24,North_East,145,0,0,2020-07-10,651992.4381739232
25-44,North_East,145,0,0,2020-07-10,704258.8250092543
45-64,North_East,145,0,0,2020-07-10,309635.1507841224
65-74,North_East,145,0,0,2020-07-10,294607.96177997784
75+,North_East,145,0,0,2020-07-10,225119.51265905632
1-4,North_East,146,0,0,2020-07-11,303653.095257706
5-14,North_East,146,0,0,2020-07-11,85924.80902994488
15-24,North_East,146,0,0,2020-07-11,651992.4381739232
25-44,North_East,146,0,0,2020-07-11,704258.8250092543
45-64,North_East,146,0,0,2020-07-11,309635.1507841224
65-74,North_East,146,0,0,2020-07-11,294607.96177997784
75+,North_East,146,0,0,2020-07-11,225119.51265905632
1-4,North_East,147,0,0,2020-07-12,303653.095257706
5-14,North_East,147,0,0,2020-07-12,85924.80902994488
15-24,North_East,147,0,0,2020-07-12,651992.4381739232
25-44,North_East,147,0,0,2020-07-12,704258.8250092543
45-64,North_East,147,0,0,2020-07-12,309635.1507841224
65-74,North_East,147,0,0,2020-07-12,294607.96177997784
75+,North_East,147,0,0,2020-07-12,225119.51265905632
1-4,North_East,148,0,0,2020-07-13,303653.095257706
5-14,North_East,148,0,0,2020-07-13,85924.80902994488
15-24,North_East,148,0,0,2020-07-13,651992.4381739232
25-44,North_East,148,0,0,2020-07-13,704258.8250092543
45-64,North_East,148,0,0,2020-07-13,309635.1507841224
65-74,North_East,148,0,0,2020-07-13,294607.96177997784
75+,North_East,148,0,0,2020-07-13,225119.51265905632
1-4,North_East,149,0,0,2020-07-14,303653.095257706
5-14,North_East,149,0,0,2020-07-14,85924.80902994488
15-24,North_East,149,0,0,2020-07-14,651992.4381739232
25-44,North_East,149,0,0,2020-07-14,704258.8250092543
45-64,North_East,149,0,0,2020-07-14,309635.1507841224
65-74,North_East,149,0,0,2020-07-14,294607.96177997784
75+,North_East,149,0,0,2020-07-14,225119.51265905632
1-4,North_East,150,0,0,2020-07-15,303653.095257706
5-14,North_East,150,0,0,2020-07-15,85924.80902994488
15-24,North_East,150,0,0,2020-07-15,651992.4381739232
25-44,North_East,150,0,0,2020-07-15,704258.8250092543
45-64,North_East,150,0,0,2020-07-15,309635.1507841224
65-74,North_East,150,0,0,2020-07-15,294607.96177997784
75+,North_East,150,0,0,2020-07-15,225119.51265905632
1-4,North_East,151,0,0,2020-07-16,303653.095257706
5-14,North_East,151,0,0,2020-07-16,85924.80902994488
15-24,North_East,151,0,0,2020-07-16,651992.4381739232
25-44,North_East,151,0,0,2020-07-16,704258.8250092543
45-64,North_East,151,0,0,2020-07-16,309635.1507841224
65-74,North_East,151,0,0,2020-07-16,294607.96177997784
75+,North_East,151,0,0,2020-07-16,225119.51265905632
1-4,North_East,152,0,0,2020-07-17,303653.095257706
5-14,North_East,152,0,0,2020-07-17,85924.80902994488
15-24,North_East,152,0,0,2020-07-17,651992.4381739232
25-44,North_East,152,0,0,2020-07-17,704258.8250092543
45-64,North_East,152,0,0,2020-07-17,309635.1507841224
65-74,North_East,152,0,0,2020-07-17,294607.96177997784
75+,North_East,152,0,0,2020-07-17,225119.51265905632
1-4,North_East,153,0,0,2020-07-18,303653.095257706
5-14,North_East,153,0,0,2020-07-18,85924.80902994488
15-24,North_East,153,0,0,2020-07-18,651992.4381739232
25-44,North_East,153,0,0,2020-07-18,704258.8250092543
45-64,North_East,153,0,0,2020-07-18,309635.1507841224
65-74,North_East,153,0,0,2020-07-18,294607.96177997784
75+,North_East,153,0,0,2020-07-18,225119.51265905632
1-4,North_East,154,0,0,2020-07-19,303653.095257706
5-14,North_East,154,0,0,2020-07-19,85924.80902994488
15-24,North_East,154,0,0,2020-07-19,651992.4381739232
25-44,North_East,154,0,0,2020-07-19,704258.8250092543
45-64,North_East,154,0,0,2020-07-19,309635.1507841224
65-74,North_East,154,0,0,2020-07-19,294607.96177997784
75+,North_East,154,0,0,2020-07-19,225119.51265905632
1-4,North_East,155,0,0,2020-07-20,303653.095257706
5-14,North_East,155,0,0,2020-07-20,85924.80902994488
15-24,North_East,155,0,0,2020-07-20,651992.4381739232
25-44,North_East,155,0,0,2020-07-20,704258.8250092543
45-64,North_East,155,0,0,2020-07-20,309635.1507841224
65-74,North_East,155,0,0,2020-07-20,294607.96177997784
75+,North_East,155,0,0,2020-07-20,225119.51265905632
1-4,North_East,156,0,0,2020-07-21,303653.095257706
5-14,North_East,156,0,0,2020-07-21,85924.80902994488
15-24,North_East,156,0,0,2020-07-21,651992.4381739232
25-44,North_East,156,0,0,2020-07-21,704258.8250092543
45-64,North_East,156,0,0,2020-07-21,309635.1507841224
65-74,North_East,156,0,0,2020-07-21,294607.96177997784
75+,North_East,156,0,0,2020-07-21,225119.51265905632
1-4,North_East,157,0,0,2020-07-22,303653.095257706
5-14,North_East,157,7.122937104762781,0.5329924529696617,2020-07-22,85924.80902994488
15-24,North_East,157,8.265946801339368,0.49089909167499857,2020-07-22,651992.4381739232
25-44,North_East,157,7.791371044533921,0.48604836785006933,2020-07-22,704258.8250092543
45-64,North_East,157,7.31236409425082,0.5121883407734712,2020-07-22,309635.1507841224
65-74,North_East,157,6.932660706725159,0.35779114041524374,2020-07-22,294607.96177997784
75+,North_East,157,7.286434025943386,0.3708418540634543,2020-07-22,225119.51265905632
1-4,North_East,158,0,0,2020-07-23,303653.095257706
5-14,North_East,158,0,0,2020-07-23,85924.80902994488
15-24,North_East,158,0,0,2020-07-23,651992.4381739232
25-44,North_East,158,0,0,2020-07-23,704258.8250092543
45-64,North_East,158,0,0,2020-07-23,309635.1507841224
65-74,North_East,158,0,0,2020-07-23,294607.96177997784
75+,North_East,158,0,0,2020-07-23,225119.51265905632
1-4,North_East,159,0,0,2020-07-24,303653.095257706
5-14,North_East,159,0,0,2020-07-24,85924.80902994488
15-24,North_East,159,0,0,2020-07-24,651992.4381739232
25-44,North_East,159,0,0,2020-07-24,704258.8250092543
45-64,North_East,159,0,0,2020-07-24,309635.1507841224
65-74,North_East,159,0,0,2020-07-24,294607.96177997784
75+,North_East,159,0,0,2020-07-24,225119.51265905632
1-4,North_East,160,0,0,2020-07-25,303653.095257706
5-14,North_East,160,0,0,2020-07-25,85924.80902994488
15-24,North_East,160,0,0,2020-07-25,651992.4381739232
25-44,North_East,160,0,0,2020-07-25,704258.8250092543
45-64,North_East,160,0,0,2020-07-25,309635.1507841224
65-74,North_East,160,0,0,2020-07-25,294607.96177997784
75+,North_East,160,0,0,2020-07-25,225119.51265905632
1-4,North_East,161,0,0,2020-07-26,303653.095257706
5-14,North_East,161,0,0,2020-07-26,85924.80902994488
15-24,North_East,161,0,0,2020-07-26,651992.4381739232
25-44,North_East,161,0,0,2020-07-26,704258.8250092543
45-64,North_East,161,0,0,2020-07-26,309635.1507841224
65-74,North_East,161,0,0,2020-07-26,294607.96177997784
75+,North_East,161,0,0,2020-07-26,225119.51265905632
1-4,North_East,162,0,0,2020-07-27,303653.095257706
5-14,North_East,162,0,0,2020-07-27,85924.80902994488
15-24,North_East,162,0,0,2020-07-27,651992.4381739232
25-44,North_East,162,0,0,2020-07-27,704258.8250092543
45-64,North_East,162,0,0,2020-07-27,309635.1507841224
65-74,North_East,162,0,0,2020-07-27,294607.96177997784
75+,North_East,162,0,0,2020-07-27,225119.51265905632
1-4,North_East,163,0,0,2020-07-28,303653.095257706
5-14,North_East,163,0,0,2020-07-28,85924.80902994488
15-24,North_East,163,0,0,2020-07-28,651992.4381739232
25-44,North_East,163,0,0,2020-07-28,704258.8250092543
45-64,North_East,163,0,0,2020-07-28,309635.1507841224
65-74,North_East,163,0,0,2020-07-28,294607.96177997784
75+,North_East,163,0,0,2020-07-28,225119.51265905632
1-4,North_East,164,0,0,2020-07-29,303653.095257706
5-14,North_East,164,0,0,2020-07-29,85924.80902994488
15-24,North_East,164,0,0,2020-07-29,651992.4381739232
25-44,North_East,164,0,0,2020-07-29,704258.8250092543
45-64,North_East,164,0,0,2020-07-29,309635.1507841224
65-74,North_East,164,0,0,2020-07-29,294607.96177997784
75+,North_East,164,0,0,2020-07-29,225119.51265905632
1-4,North_East,165,0,0,2020-07-30,303653.095257706
5-14,North_East,165,0,0,2020-07-30,85924.80902994488
15-24,North_East,165,0,0,2020-07-30,651992.4381739232
25-44,North_East,165,0,0,2020-07-30,704258.8250092543
45-64,North_East,165,0,0,2020-07-30,309635.1507841224
65-74,North_East,165,0,0,2020-07-30,294607.96177997784
75+,North_East,165,0,0,2020-07-30,225119.51265905632
1-4,North_East,166,0,0,2020-07-31,303653.095257706
5-14,North_East,166,0,0,2020-07-31,85924.80902994488
15-24,North_East,166,0,0,2020-07-31,651992.4381739232
25-44,North_East,166,0,0,2020-07-31,704258.8250092543
45-64,North_East,166,0,0,2020-07-31,309635.1507841224
65-74,North_East,166,0,0,2020-07-31,294607.96177997784
75+,North_East,166,0,0,2020-07-31,225119.51265905632
1-4,North_East,167,0,0,2020-08-01,303653.095257706
5-14,North_East,167,0,0,2020-08-01,85924.80902994488
15-24,North_East,167,0,0,2020-08-01,651992.4381739232
25-44,North_East,167,0,0,2020-08-01,704258.8250092543
45-64,North_East,167,0,0,2020-08-01,309635.1507841224
65-74,North_East,167,0,0,2020-08-01,294607.96177997784
75+,North_East,167,0,0,2020-08-01,225119.51265905632
1-4,North_East,168,0,0,2020-08-02,303653.095257706
5-14,North_East,168,0,0,2020-08-02,85924.80902994488
15-24,North_East,168,0,0,2020-08-02,651992.4381739232
25-44,North_East,168,0,0,2020-08-02,704258.8250092543
45-64,North_East,168,0,0,2020-08-02,309635.1507841224
65-74,North_East,168,0,0,2020-08-02,294607.96177997784
75+,North_East,168,0,0,2020-08-02,225119.51265905632
1-4,North_East,169,0,0,2020-08-03,303653.095257706
5-14,North_East,169,0,0,2020-08-03,85924.80902994488
15-24,North_East,169,0,0,2020-08-03,651992.4381739232
25-44,North_East,169,0,0,2020-08-03,704258.8250092543
45-64,North_East,169,0,0,2020-08-03,309635.1507841224
65-74,North_East,169,0,0,2020-08-03,294607.96177997784
75+,North_East,169,0,0,2020-08-03,225119.51265905632
1-4,North_East,170,0,0,2020-08-04,303653.095257706
5-14,North_East,170,0,0,2020-08-04,85924.80902994488
15-24,North_East,170,0,0,2020-08-04,651992.4381739232
25-44,North_East,170,0,0,2020-08-04,704258.8250092543
45-64,North_East,170,0,0,2020-08-04,309635.1507841224
65-74,North_East,170,0,0,2020-08-04,294607.96177997784
75+,North_East,170,0,0,2020-08-04,225119.51265905632
1-4,North_East,171,0,0,2020-08-05,303653.095257706
5-14,North_East,171,7.015297312575462,0.5335969479084495,2020-08-05,85924.80902994488
15-24,North_East,171,8.212461317298986,0.48729736190413936,2020-08-05,651992.4381739232
25-44,North_East,171,7.682970585262523,0.4813452170254314,2020-08-05,704258.8250092543
45-64,North_East,171,7.2775371106803135,0.5085834899088035,2020-08-05,309635.1507841224
65-74,North_East,171,6.858190065872395,0.34978329637919253,2020-08-05,294607.96177997784
75+,North_East,171,7.187917196156086,0.3726637391681583,2020-08-05,225119.51265905632
1-4,North_East,172,0,0,2020-08-06,303653.095257706
5-14,North_East,172,0,0,2020-08-06,85924.80902994488
15-24,North_East,172,0,0,2020-08-06,651992.4381739232
25-44,North_East,172,0,0,2020-08-06,704258.8250092543
45-64,North_East,172,0,0,2020-08-06,309635.1507841224
65-74,North_East,172,0,0,2020-08-06,294607.96177997784
75+,North_East,172,0,0,2020-08-06,225119.51265905632
1-4,North_East,173,0,0,2020-08-07,303653.095257706
5-14,North_East,173,0,0,2020-08-07,85924.80902994488
15-24,North_East,173,0,0,2020-08-07,651992.4381739232
25-44,North_East,173,0,0,2020-08-07,704258.8250092543
45-64,North_East,173,0,0,2020-08-07,309635.1507841224
65-74,North_East,173,0,0,2020-08-07,294607.96177997784
75+,North_East,173,0,0,2020-08-07,225119.51265905632
1-4,North_East,174,0,0,2020-08-08,303653.095257706
5-14,North_East,174,0,0,2020-08-08,85924.80902994488
15-24,North_East,174,0,0,2020-08-08,651992.4381739232
25-44,North_East,174,0,0,2020-08-08,704258.8250092543
45-64,North_East,174,0,0,2020-08-08,309635.1507841224
65-74,North_East,174,0,0,2020-08-08,294607.96177997784
75+,North_East,174,0,0,2020-08-08,225119.51265905632
1-4,North_East,175,0,0,2020-08-09,303653.095257706
5-14,North_East,175,0,0,2020-08-09,85924.80902994488
15-24,North_East,175,0,0,2020-08-09,651992.4381739232
25-44,North_East,175,0,0,2020-08-09,704258.8250092543
45-64,North_East,175,0,0,2020-08-09,309635.1507841224
65-74,North_East,175,0,0,2020-08-09,294607.96177997784
75+,North_East,175,0,0,2020-08-09,225119.51265905632
1-4,North_East,176,0,0,2020-08-10,303653.095257706
5-14,North_East,176,0,0,2020-08-10,85924.80902994488
15-24,North_East,176,0,0,2020-08-10,651992.4381739232
25-44,North_East,176,0,0,2020-08-10,704258.8250092543
45-64,North_East,176,0,0,2020-08-10,309635.1507841224
65-74,North_East,176,0,0,2020-08-10,294607.96177997784
75+,North_East,176,0,0,2020-08-10,225119.51265905632
1-4,North_East,177,0,0,2020-08-11,303653.095257706
5-14,North_East,177,0,0,2020-08-11,85924.80902994488
15-24,North_East,177,0,0,2020-08-11,651992.4381739232
25-44,North_East,177,0,0,2020-08-11,704258.8250092543
45-64,North_East,177,0,0,2020-08-11,309635.1507841224
65-74,North_East,177,0,0,2020-08-11,294607.96177997784
75+,North_East,177,0,0,2020-08-11,225119.51265905632
1-4,North_East,178,0,0,2020-08-12,303653.095257706
5-14,North_East,178,0,0,2020-08-12,85924.80902994488
15-24,North_East,178,0,0,2020-08-12,651992.4381739232
25-44,North_East,178,0,0,2020-08-12,704258.8250092543
45-64,North_East,178,0,0,2020-08-12,309635.1507841224
65-74,North_East,178,0,0,2020-08-12,294607.96177997784
75+,North_East,178,0,0,2020-08-12,225119.51265905632
1-4,North_East,179,0,0,2020-08-13,303653.095257706
5-14,North_East,179,0,0,2020-08-13,85924.80902994488
15-24,North_East,179,0,0,2020-08-13,651992.4381739232
25-44,North_East,179,0,0,2020-08-13,704258.8250092543
45-64,North_East,179,0,0,2020-08-13,309635.1507841224
65-74,North_East,179,0,0,2020-08-13,294607.96177997784
75+,North_East,179,0,0,2020-08-13,225119.51265905632
1-4,North_East,180,0,0,2020-08-14,303653.095257706
5-14,North_East,180,0,0,2020-08-14,85924.80902994488
15-24,North_East,180,0,0,2020-08-14,651992.4381739232
25-44,North_East,180,0,0,2020-08-14,704258.8250092543
45-64,North_East,180,0,0,2020-08-14,309635.1507841224
65-74,North_East,180,0,0,2020-08-14,294607.96177997784
75+,North_East,180,0,0,2020-08-14,225119.51265905632
1-4,North_East,181,0,0,2020-08-15,303653.095257706
5-14,North_East,181,0,0,2020-08-15,85924.80902994488
15-24,North_East,181,0,0,2020-08-15,651992.4381739232
25-44,North_East,181,0,0,2020-08-15,704258.8250092543
45-64,North_East,181,0,0,2020-08-15,309635.1507841224
65-74,North_East,181,0,0,2020-08-15,294607.96177997784
75+,North_East,181,0,0,2020-08-15,225119.51265905632
1-4,North_East,182,0,0,2020-08-16,303653.095257706
5-14,North_East,182,0,0,2020-08-16,85924.80902994488
15-24,North_East,182,0,0,2020-08-16,651992.4381739232
25-44,North_East,182,0,0,2020-08-16,704258.8250092543
45-64,North_East,182,0,0,2020-08-16,309635.1507841224
65-74,North_East,182,0,0,2020-08-16,294607.96177997784
75+,North_East,182,0,0,2020-08-16,225119.51265905632
1-4,North_East,183,0,0,2020-08-17,303653.095257706
5-14,North_East,183,0,0,2020-08-17,85924.80902994488
15-24,North_East,183,0,0,2020-08-17,651992.4381739232
25-44,North_East,183,0,0,2020-08-17,704258.8250092543
45-64,North_East,183,0,0,2020-08-17,309635.1507841224
65-74,North_East,183,0,0,2020-08-17,294607.96177997784
75+,North_East,183,0,0,2020-08-17,225119.51265905632
1-4,North_East,184,0,0,2020-08-18,303653.095257706
5-14,North_East,184,0,0,2020-08-18,85924.80902994488
15-24,North_East,184,0,0,2020-08-18,651992.4381739232
25-44,North_East,184,0,0,2020-08-18,704258.8250092543
45-64,North_East,184,0,0,2020-08-18,309635.1507841224
65-74,North_East,184,0,0,2020-08-18,294607.96177997784
75+,North_East,184,0,0,2020-08-18,225119.51265905632
1-4,North_East,185,0,0,2020-08-19,303653.095257706
5-14,North_East,185,6.848229533248805,0.5314509422414938,2020-08-19,85924.80902994488
15-24,North_East,185,8.210128812163507,0.47274276289803036,2020-08-19,651992.4381739232
25-44,North_East,185,7.588793705145016,0.47211132783661497,2020-08-19,704258.8250092543
45-64,North_East,185,7.212125421017748,0.5034164186234192,2020-08-19,309635.1507841224
65-74,North_East,185,6.775264422230345,0.33841080507375887,2020-08-19,294607.96177997784
75+,North_East,185,7.0635776942347785,0.36478706702633257,2020-08-19,225119.51265905632
1-4,North_East,186,0,0,2020-08-20,303653.095257706
5-14,North_East,186,0,0,2020-08-20,85924.80902994488
15-24,North_East,186,0,0,2020-08-20,651992.4381739232
25-44,North_East,186,0,0,2020-08-20,704258.8250092543
45-64,North_East,186,0,0,2020-08-20,309635.1507841224
65-74,North_East,186,0,0,2020-08-20,294607.96177997784
75+,North_East,186,0,0,2020-08-20,225119.51265905632
1-4,North_East,187,0,0,2020-08-21,303653.095257706
5-14,North_East,187,0,0,2020-08-21,85924.80902994488
15-24,North_East,187,0,0,2020-08-21,651992.4381739232
25-44,North_East,187,0,0,2020-08-21,704258.8250092543
45-64,North_East,187,0,0,2020-08-21,309635.1507841224
65-74,North_East,187,0,0,2020-08-21,294607.96177997784
75+,North_East,187,0,0,2020-08-21,225119.51265905632
1-4,North_East,188,0,0,2020-08-22,303653.095257706
5-14,North_East,188,0,0,2020-08-22,85924.80902994488
15-24,North_East,188,0,0,2020-08-22,651992.4381739232
25-44,North_East,188,0,0,2020-08-22,704258.8250092543
45-64,North_East,188,0,0,2020-08-22,309635.1507841224
65-74,North_East,188,0,0,2020-08-22,294607.96177997784
75+,North_East,188,0,0,2020-08-22,225119.51265905632
1-4,North_East,189,0,0,2020-08-23,303653.095257706
5-14,North_East,189,0,0,2020-08-23,85924.80902994488
15-24,North_East,189,0,0,2020-08-23,651992.4381739232
25-44,North_East,189,0,0,2020-08-23,704258.8250092543
45-64,North_East,189,0,0,2020-08-23,309635.1507841224
65-74,North_East,189,0,0,2020-08-23,294607.96177997784
75+,North_East,189,0,0,2020-08-23,225119.51265905632
1-4,North_East,190,0,0,2020-08-24,303653.095257706
5-14,North_East,190,0,0,2020-08-24,85924.80902994488
15-24,North_East,190,0,0,2020-08-24,651992.4381739232
25-44,North_East,190,0,0,2020-08-24,704258.8250092543
45-64,North_East,190,0,0,2020-08-24,309635.1507841224
65-74,North_East,190,0,0,2020-08-24,294607.96177997784
75+,North_East,190,0,0,2020-08-24,225119.51265905632
1-4,North_East,191,0,0,2020-08-25,303653.095257706
5-14,North_East,191,0,0,2020-08-25,85924.80902994488
15-24,North_East,191,0,0,2020-08-25,651992.4381739232
25-44,North_East,191,0,0,2020-08-25,704258.8250092543
45-64,North_East,191,0,0,2020-08-25,309635.1507841224
65-74,North_East,191,0,0,2020-08-25,294607.96177997784
75+,North_East,191,0,0,2020-08-25,225119.51265905632
1-4,North_East,192,0,0,2020-08-26,303653.095257706
5-14,North_East,192,0,0,2020-08-26,85924.80902994488
15-24,North_East,192,0,0,2020-08-26,651992.4381739232
25-44,North_East,192,0,0,2020-08-26,704258.8250092543
45-64,North_East,192,0,0,2020-08-26,309635.1507841224
65-74,North_East,192,0,0,2020-08-26,294607.96177997784
75+,North_East,192,0,0,2020-08-26,225119.51265905632
1-4,North_East,193,0,0,2020-08-27,303653.095257706
5-14,North_East,193,0,0,2020-08-27,85924.80902994488
15-24,North_East,193,0,0,2020-08-27,651992.4381739232
25-44,North_East,193,0,0,2020-08-27,704258.8250092543
45-64,North_East,193,0,0,2020-08-27,309635.1507841224
65-74,North_East,193,0,0,2020-08-27,294607.96177997784
75+,North_East,193,0,0,2020-08-27,225119.51265905632
1-4,North_East,194,0,0,2020-08-28,303653.095257706
5-14,North_East,194,0,0,2020-08-28,85924.80902994488
15-24,North_East,194,0,0,2020-08-28,651992.4381739232
25-44,North_East,194,0,0,2020-08-28,704258.8250092543
45-64,North_East,194,0,0,2020-08-28,309635.1507841224
65-74,North_East,194,0,0,2020-08-28,294607.96177997784
75+,North_East,194,0,0,2020-08-28,225119.51265905632
1-4,North_East,195,0,0,2020-08-29,303653.095257706
5-14,North_East,195,0,0,2020-08-29,85924.80902994488
15-24,North_East,195,0,0,2020-08-29,651992.4381739232
25-44,North_East,195,0,0,2020-08-29,704258.8250092543
45-64,North_East,195,0,0,2020-08-29,309635.1507841224
65-74,North_East,195,0,0,2020-08-29,294607.96177997784
75+,North_East,195,0,0,2020-08-29,225119.51265905632
1-4,North_East,196,0,0,2020-08-30,303653.095257706
5-14,North_East,196,0,0,2020-08-30,85924.80902994488
15-24,North_East,196,0,0,2020-08-30,651992.4381739232
25-44,North_East,196,0,0,2020-08-30,704258.8250092543
45-64,North_East,196,0,0,2020-08-30,309635.1507841224
65-74,North_East,196,0,0,2020-08-30,294607.96177997784
75+,North_East,196,0,0,2020-08-30,225119.51265905632
1-4,North_East,197,0,0,2020-08-31,303653.095257706
5-14,North_East,197,0,0,2020-08-31,85924.80902994488
15-24,North_East,197,0,0,2020-08-31,651992.4381739232
25-44,North_East,197,0,0,2020-08-31,704258.8250092543
45-64,North_East,197,0,0,2020-08-31,309635.1507841224
65-74,North_East,197,0,0,2020-08-31,294607.96177997784
75+,North_East,197,0,0,2020-08-31,225119.51265905632
1-4,North_East,198,0,0,2020-09-01,303653.095257706
5-14,North_East,198,0,0,2020-09-01,85924.80902994488
15-24,North_East,198,0,0,2020-09-01,651992.4381739232
25-44,North_East,198,0,0,2020-09-01,704258.8250092543
45-64,North_East,198,0,0,2020-09-01,309635.1507841224
65-74,North_East,198,0,0,2020-09-01,294607.96177997784
75+,North_East,198,0,0,2020-09-01,225119.51265905632
1-4,North_East,199,0,0,2020-09-02,303653.095257706
5-14,North_East,199,6.703038395281961,0.5258264741834757,2020-09-02,85924.80902994488
15-24,North_East,199,8.360051440943142,0.45510085607108897,2020-09-02,651992.4381739232
25-44,North_East,199,7.764331545371452,0.4525633352769638,2020-09-02,704258.8250092543
45-64,North_East,199,7.219088324691032,0.4895660082219018,2020-09-02,309635.1507841224
65-74,North_East,199,6.791542514259342,0.3107804210504926,2020-09-02,294607.96177997784
75+,North_East,199,7.0003989052866,0.3442895191961311,2020-09-02,225119.51265905632
1-4,North_East,200,0,0,2020-09-03,303653.095257706
5-14,North_East,200,0,0,2020-09-03,85924.80902994488
15-24,North_East,200,0,0,2020-09-03,651992.4381739232
25-44,North_East,200,0,0,2020-09-03,704258.8250092543
45-64,North_East,200,0,0,2020-09-03,309635.1507841224
65-74,North_East,200,0,0,2020-09-03,294607.96177997784
75+,North_East,200,0,0,2020-09-03,225119.51265905632
1-4,North_East,201,0,0,2020-09-04,303653.095257706
5-14,North_East,201,0,0,2020-09-04,85924.80902994488
15-24,North_East,201,0,0,2020-09-04,651992.4381739232
25-44,North_East,201,0,0,2020-09-04,704258.8250092543
45-64,North_East,201,0,0,2020-09-04,309635.1507841224
65-74,North_East,201,0,0,2020-09-04,294607.96177997784
75+,North_East,201,0,0,2020-09-04,225119.51265905632
1-4,North_East,202,0,0,2020-09-05,303653.095257706
5-14,North_East,202,0,0,2020-09-05,85924.80902994488
15-24,North_East,202,0,0,2020-09-05,651992.4381739232
25-44,North_East,202,0,0,2020-09-05,704258.8250092543
45-64,North_East,202,0,0,2020-09-05,309635.1507841224
65-74,North_East,202,0,0,2020-09-05,294607.96177997784
75+,North_East,202,0,0,2020-09-05,225119.51265905632
1-4,North_East,203,0,0,2020-09-06,303653.095257706
5-14,North_East,203,0,0,2020-09-06,85924.80902994488
15-24,North_East,203,0,0,2020-09-06,651992.4381739232
25-44,North_East,203,0,0,2020-09-06,704258.8250092543
45-64,North_East,203,0,0,2020-09-06,309635.1507841224
65-74,North_East,203,0,0,2020-09-06,294607.96177997784
75+,North_East,203,0,0,2020-09-06,225119.51265905632
1-4,North_East,204,0,0,2020-09-07,303653.095257706
5-14,North_East,204,0,0,2020-09-07,85924.80902994488
15-24,North_East,204,0,0,2020-09-07,651992.4381739232
25-44,North_East,204,0,0,2020-09-07,704258.8250092543
45-64,North_East,204,0,0,2020-09-07,309635.1507841224
65-74,North_East,204,0,0,2020-09-07,294607.96177997784
75+,North_East,204,0,0,2020-09-07,225119.51265905632
1-4,North_East,205,0,0,2020-09-08,303653.095257706
5-14,North_East,205,0,0,2020-09-08,85924.80902994488
15-24,North_East,205,0,0,2020-09-08,651992.4381739232
25-44,North_East,205,0,0,2020-09-08,704258.8250092543
45-64,North_East,205,0,0,2020-09-08,309635.1507841224
65-74,North_East,205,0,0,2020-09-08,294607.96177997784
75+,North_East,205,0,0,2020-09-08,225119.51265905632
1-4,North_East,206,0,0,2020-09-09,303653.095257706
5-14,North_East,206,0,0,2020-09-09,85924.80902994488
15-24,North_East,206,0,0,2020-09-09,651992.4381739232
25-44,North_East,206,0,0,2020-09-09,704258.8250092543
45-64,North_East,206,0,0,2020-09-09,309635.1507841224
65-74,North_East,206,0,0,2020-09-09,294607.96177997784
75+,North_East,206,0,0,2020-09-09,225119.51265905632
1-4,North_East,207,0,0,2020-09-10,303653.095257706
5-14,North_East,207,0,0,2020-09-10,85924.80902994488
15-24,North_East,207,0,0,2020-09-10,651992.4381739232
25-44,North_East,207,0,0,2020-09-10,704258.8250092543
45-64,North_East,207,0,0,2020-09-10,309635.1507841224
65-74,North_East,207,0,0,2020-09-10,294607.96177997784
75+,North_East,207,0,0,2020-09-10,225119.51265905632
1-4,North_East,208,0,0,2020-09-11,303653.095257706
5-14,North_East,208,0,0,2020-09-11,85924.80902994488
15-24,North_East,208,0,0,2020-09-11,651992.4381739232
25-44,North_East,208,0,0,2020-09-11,704258.8250092543
45-64,North_East,208,0,0,2020-09-11,309635.1507841224
65-74,North_East,208,0,0,2020-09-11,294607.96177997784
75+,North_East,208,0,0,2020-09-11,225119.51265905632
1-4,North_East,209,0,0,2020-09-12,303653.095257706
5-14,North_East,209,0,0,2020-09-12,85924.80902994488
15-24,North_East,209,0,0,2020-09-12,651992.4381739232
25-44,North_East,209,0,0,2020-09-12,704258.8250092543
45-64,North_East,209,0,0,2020-09-12,309635.1507841224
65-74,North_East,209,0,0,2020-09-12,294607.96177997784
75+,North_East,209,0,0,2020-09-12,225119.51265905632
1-4,North_East,210,0,0,2020-09-13,303653.095257706
5-14,North_East,210,0,0,2020-09-13,85924.80902994488
15-24,North_East,210,0,0,2020-09-13,651992.4381739232
25-44,North_East,210,0,0,2020-09-13,704258.8250092543
45-64,North_East,210,0,0,2020-09-13,309635.1507841224
65-74,North_East,210,0,0,2020-09-13,294607.96177997784
75+,North_East,210,0,0,2020-09-13,225119.51265905632
1-4,North_East,211,0,0,2020-09-14,303653.095257706
5-14,North_East,211,0,0,2020-09-14,85924.80902994488
15-24,North_East,211,0,0,2020-09-14,651992.4381739232
25-44,North_East,211,0,0,2020-09-14,704258.8250092543
45-64,North_East,211,0,0,2020-09-14,309635.1507841224
65-74,North_East,211,0,0,2020-09-14,294607.96177997784
75+,North_East,211,0,0,2020-09-14,225119.51265905632
1-4,North_East,212,0,0,2020-09-15,303653.095257706
5-14,North_East,212,0,0,2020-09-15,85924.80902994488
15-24,North_East,212,0,0,2020-09-15,651992.4381739232
25-44,North_East,212,0,0,2020-09-15,704258.8250092543
45-64,North_East,212,0,0,2020-09-15,309635.1507841224
65-74,North_East,212,0,0,2020-09-15,294607.96177997784
75+,North_East,212,0,0,2020-09-15,225119.51265905632
1-4,North_East,213,0,0,2020-09-16,303653.095257706
5-14,North_East,213,6.672668057302724,0.5159353508582186,2020-09-16,85924.80902994488
15-24,North_East,213,8.677212076132227,0.4278722099495816,2020-09-16,651992.4381739232
25-44,North_East,213,8.327257948745261,0.4175255258941533,2020-09-16,704258.8250092543
45-64,North_East,213,7.364643471708615,0.4624247024313985,2020-09-16,309635.1507841224
65-74,North_East,213,6.993593129404906,0.25990982224231424,2020-09-16,294607.96177997784
75+,North_East,213,7.080496882047547,0.29685021556200003,2020-09-16,225119.51265905632
1-4,North_East,214,0,0,2020-09-17,303653.095257706
5-14,North_East,214,0,0,2020-09-17,85924.80902994488
15-24,North_East,214,0,0,2020-09-17,651992.4381739232
25-44,North_East,214,0,0,2020-09-17,704258.8250092543
45-64,North_East,214,0,0,2020-09-17,309635.1507841224
65-74,North_East,214,0,0,2020-09-17,294607.96177997784
75+,North_East,214,0,0,2020-09-17,225119.51265905632
1-4,North_East,215,0,0,2020-09-18,303653.095257706
5-14,North_East,215,0,0,2020-09-18,85924.80902994488
15-24,North_East,215,0,0,2020-09-18,651992.4381739232
25-44,North_East,215,0,0,2020-09-18,704258.8250092543
45-64,North_East,215,0,0,2020-09-18,309635.1507841224
65-74,North_East,215,0,0,2020-09-18,294607.96177997784
75+,North_East,215,0,0,2020-09-18,225119.51265905632
1-4,North_East,216,0,0,2020-09-19,303653.095257706
5-14,North_East,216,0,0,2020-09-19,85924.80902994488
15-24,North_East,216,0,0,2020-09-19,651992.4381739232
25-44,North_East,216,0,0,2020-09-19,704258.8250092543
45-64,North_East,216,0,0,2020-09-19,309635.1507841224
65-74,North_East,216,0,0,2020-09-19,294607.96177997784
75+,North_East,216,0,0,2020-09-19,225119.51265905632
1-4,North_East,217,0,0,2020-09-20,303653.095257706
5-14,North_East,217,0,0,2020-09-20,85924.80902994488
15-24,North_East,217,0,0,2020-09-20,651992.4381739232
25-44,North_East,217,0,0,2020-09-20,704258.8250092543
45-64,North_East,217,0,0,2020-09-20,309635.1507841224
65-74,North_East,217,0,0,2020-09-20,294607.96177997784
75+,North_East,217,0,0,2020-09-20,225119.51265905632
1-4,North_East,218,0,0,2020-09-21,303653.095257706
5-14,North_East,218,0,0,2020-09-21,85924.80902994488
15-24,North_East,218,0,0,2020-09-21,651992.4381739232
25-44,North_East,218,0,0,2020-09-21,704258.8250092543
45-64,North_East,218,0,0,2020-09-21,309635.1507841224
65-74,North_East,218,0,0,2020-09-21,294607.96177997784
75+,North_East,218,0,0,2020-09-21,225119.51265905632
1-4,North_East,219,0,0,2020-09-22,303653.095257706
5-14,North_East,219,0,0,2020-09-22,85924.80902994488
15-24,North_East,219,0,0,2020-09-22,651992.4381739232
25-44,North_East,219,0,0,2020-09-22,704258.8250092543
45-64,North_East,219,0,0,2020-09-22,309635.1507841224
65-74,North_East,219,0,0,2020-09-22,294607.96177997784
75+,North_East,219,0,0,2020-09-22,225119.51265905632
1-4,North_East,220,0,0,2020-09-23,303653.095257706
5-14,North_East,220,0,0,2020-09-23,85924.80902994488
15-24,North_East,220,0,0,2020-09-23,651992.4381739232
25-44,North_East,220,0,0,2020-09-23,704258.8250092543
45-64,North_East,220,0,0,2020-09-23,309635.1507841224
65-74,North_East,220,0,0,2020-09-23,294607.96177997784
75+,North_East,220,0,0,2020-09-23,225119.51265905632
1-4,North_East,221,0,0,2020-09-24,303653.095257706
5-14,North_East,221,0,0,2020-09-24,85924.80902994488
15-24,North_East,221,0,0,2020-09-24,651992.4381739232
25-44,North_East,221,0,0,2020-09-24,704258.8250092543
45-64,North_East,221,0,0,2020-09-24,309635.1507841224
65-74,North_East,221,0,0,2020-09-24,294607.96177997784
75+,North_East,221,0,0,2020-09-24,225119.51265905632
1-4,North_East,222,0,0,2020-09-25,303653.095257706
5-14,North_East,222,0,0,2020-09-25,85924.80902994488
15-24,North_East,222,0,0,2020-09-25,651992.4381739232
25-44,North_East,222,0,0,2020-09-25,704258.8250092543
45-64,North_East,222,0,0,2020-09-25,309635.1507841224
65-74,North_East,222,0,0,2020-09-25,294607.96177997784
75+,North_East,222,0,0,2020-09-25,225119.51265905632
1-4,North_East,223,0,0,2020-09-26,303653.095257706
5-14,North_East,223,0,0,2020-09-26,85924.80902994488
15-24,North_East,223,0,0,2020-09-26,651992.4381739232
25-44,North_East,223,0,0,2020-09-26,704258.8250092543
45-64,North_East,223,0,0,2020-09-26,309635.1507841224
65-74,North_East,223,0,0,2020-09-26,294607.96177997784
75+,North_East,223,0,0,2020-09-26,225119.51265905632
1-4,North_East,224,0,0,2020-09-27,303653.095257706
5-14,North_East,224,0,0,2020-09-27,85924.80902994488
15-24,North_East,224,0,0,2020-09-27,651992.4381739232
25-44,North_East,224,0,0,2020-09-27,704258.8250092543
45-64,North_East,224,0,0,2020-09-27,309635.1507841224
65-74,North_East,224,0,0,2020-09-27,294607.96177997784
75+,North_East,224,0,0,2020-09-27,225119.51265905632
1-4,North_East,225,0,0,2020-09-28,303653.095257706
5-14,North_East,225,0,0,2020-09-28,85924.80902994488
15-24,North_East,225,0,0,2020-09-28,651992.4381739232
25-44,North_East,225,0,0,2020-09-28,704258.8250092543
45-64,North_East,225,0,0,2020-09-28,309635.1507841224
65-74,North_East,225,0,0,2020-09-28,294607.96177997784
75+,North_East,225,0,0,2020-09-28,225119.51265905632
1-4,North_East,226,0,0,2020-09-29,303653.095257706
5-14,North_East,226,0,0,2020-09-29,85924.80902994488
15-24,North_East,226,0,0,2020-09-29,651992.4381739232
25-44,North_East,226,0,0,2020-09-29,704258.8250092543
45-64,North_East,226,0,0,2020-09-29,309635.1507841224
65-74,North_East,226,0,0,2020-09-29,294607.96177997784
75+,North_East,226,0,0,2020-09-29,225119.51265905632
1-4,North_East,227,0,0,2020-09-30,303653.095257706
5-14,North_East,227,6.766918207707267,0.4928735435710578,2020-09-30,85924.80902994488
15-24,North_East,227,9.041050862639207,0.404591092503894,2020-09-30,651992.4381739232
25-44,North_East,227,9.046959387076702,0.3912910202215993,2020-09-30,704258.8250092543
45-64,North_East,227,7.632689249863038,0.43463389009693754,2020-09-30,309635.1507841224
65-74,North_East,227,7.3122511533353185,0.20531385169301578,2020-09-30,294607.96177997784
75+,North_East,227,7.242207962182965,0.24623693348266434,2020-09-30,225119.51265905632
1-4,North_East,228,0,0,2020-10-01,303653.095257706
5-14,North_East,228,0,0,2020-10-01,85924.80902994488
15-24,North_East,228,0,0,2020-10-01,651992.4381739232
25-44,North_East,228,0,0,2020-10-01,704258.8250092543
45-64,North_East,228,0,0,2020-10-01,309635.1507841224
65-74,North_East,228,0,0,2020-10-01,294607.96177997784
75+,North_East,228,0,0,2020-10-01,225119.51265905632
1-4,North_East,229,0,0,2020-10-02,303653.095257706
5-14,North_East,229,0,0,2020-10-02,85924.80902994488
15-24,North_East,229,0,0,2020-10-02,651992.4381739232
25-44,North_East,229,0,0,2020-10-02,704258.8250092543
45-64,North_East,229,0,0,2020-10-02,309635.1507841224
65-74,North_East,229,0,0,2020-10-02,294607.96177997784
75+,North_East,229,0,0,2020-10-02,225119.51265905632
1-4,North_East,230,0,0,2020-10-03,303653.095257706
5-14,North_East,230,0,0,2020-10-03,85924.80902994488
15-24,North_East,230,0,0,2020-10-03,651992.4381739232
25-44,North_East,230,0,0,2020-10-03,704258.8250092543
45-64,North_East,230,0,0,2020-10-03,309635.1507841224
65-74,North_East,230,0,0,2020-10-03,294607.96177997784
75+,North_East,230,0,0,2020-10-03,225119.51265905632
1-4,North_East,231,0,0,2020-10-04,303653.095257706
5-14,North_East,231,0,0,2020-10-04,85924.80902994488
15-24,North_East,231,0,0,2020-10-04,651992.4381739232
25-44,North_East,231,0,0,2020-10-04,704258.8250092543
45-64,North_East,231,0,0,2020-10-04,309635.1507841224
65-74,North_East,231,0,0,2020-10-04,294607.96177997784
75+,North_East,231,0,0,2020-10-04,225119.51265905632
1-4,North_East,232,0,0,2020-10-05,303653.095257706
5-14,North_East,232,0,0,2020-10-05,85924.80902994488
15-24,North_East,232,0,0,2020-10-05,651992.4381739232
25-44,North_East,232,0,0,2020-10-05,704258.8250092543
45-64,North_East,232,0,0,2020-10-05,309635.1507841224
65-74,North_East,232,0,0,2020-10-05,294607.96177997784
75+,North_East,232,0,0,2020-10-05,225119.51265905632
1-4,North_East,233,0,0,2020-10-06,303653.095257706
5-14,North_East,233,0,0,2020-10-06,85924.80902994488
15-24,North_East,233,0,0,2020-10-06,651992.4381739232
25-44,North_East,233,0,0,2020-10-06,704258.8250092543
45-64,North_East,233,0,0,2020-10-06,309635.1507841224
65-74,North_East,233,0,0,2020-10-06,294607.96177997784
75+,North_East,233,0,0,2020-10-06,225119.51265905632
1-4,North_East,234,0,0,2020-10-07,303653.095257706
5-14,North_East,234,0,0,2020-10-07,85924.80902994488
15-24,North_East,234,0,0,2020-10-07,651992.4381739232
25-44,North_East,234,0,0,2020-10-07,704258.8250092543
45-64,North_East,234,0,0,2020-10-07,309635.1507841224
65-74,North_East,234,0,0,2020-10-07,294607.96177997784
75+,North_East,234,0,0,2020-10-07,225119.51265905632
1-4,North_East,235,0,0,2020-10-08,303653.095257706
5-14,North_East,235,0,0,2020-10-08,85924.80902994488
15-24,North_East,235,0,0,2020-10-08,651992.4381739232
25-44,North_East,235,0,0,2020-10-08,704258.8250092543
45-64,North_East,235,0,0,2020-10-08,309635.1507841224
65-74,North_East,235,0,0,2020-10-08,294607.96177997784
75+,North_East,235,0,0,2020-10-08,225119.51265905632
1-4,North_East,236,0,0,2020-10-09,303653.095257706
5-14,North_East,236,0,0,2020-10-09,85924.80902994488
15-24,North_East,236,0,0,2020-10-09,651992.4381739232
25-44,North_East,236,0,0,2020-10-09,704258.8250092543
45-64,North_East,236,0,0,2020-10-09,309635.1507841224
65-74,North_East,236,0,0,2020-10-09,294607.96177997784
75+,North_East,236,0,0,2020-10-09,225119.51265905632
1-4,North_East,237,0,0,2020-10-10,303653.095257706
5-14,North_East,237,0,0,2020-10-10,85924.80902994488
15-24,North_East,237,0,0,2020-10-10,651992.4381739232
25-44,North_East,237,0,0,2020-10-10,704258.8250092543
45-64,North_East,237,0,0,2020-10-10,309635.1507841224
65-74,North_East,237,0,0,2020-10-10,294607.96177997784
75+,North_East,237,0,0,2020-10-10,225119.51265905632
1-4,North_East,238,0,0,2020-10-11,303653.095257706
5-14,North_East,238,0,0,2020-10-11,85924.80902994488
15-24,North_East,238,0,0,2020-10-11,651992.4381739232
25-44,North_East,238,0,0,2020-10-11,704258.8250092543
45-64,North_East,238,0,0,2020-10-11,309635.1507841224
65-74,North_East,238,0,0,2020-10-11,294607.96177997784
75+,North_East,238,0,0,2020-10-11,225119.51265905632
1-4,North_East,239,0,0,2020-10-12,303653.095257706
5-14,North_East,239,0,0,2020-10-12,85924.80902994488
15-24,North_East,239,0,0,2020-10-12,651992.4381739232
25-44,North_East,239,0,0,2020-10-12,704258.8250092543
45-64,North_East,239,0,0,2020-10-12,309635.1507841224
65-74,North_East,239,0,0,2020-10-12,294607.96177997784
75+,North_East,239,0,0,2020-10-12,225119.51265905632
1-4,North_East,240,0,0,2020-10-13,303653.095257706
5-14,North_East,240,0,0,2020-10-13,85924.80902994488
15-24,North_East,240,0,0,2020-10-13,651992.4381739232
25-44,North_East,240,0,0,2020-10-13,704258.8250092543
45-64,North_East,240,0,0,2020-10-13,309635.1507841224
65-74,North_East,240,0,0,2020-10-13,294607.96177997784
75+,North_East,240,0,0,2020-10-13,225119.51265905632
1-4,North_East,241,0,0,2020-10-14,303653.095257706
5-14,North_East,241,6.842032301821846,0.4752220432284424,2020-10-14,85924.80902994488
15-24,North_East,241,9.314884914916222,0.39485561124699614,2020-10-14,651992.4381739232
25-44,North_East,241,9.312060506756998,0.38463900208858137,2020-10-14,704258.8250092543
45-64,North_East,241,7.734768239318314,0.42024709641698804,2020-10-14,309635.1507841224
65-74,North_East,241,7.472511397347308,0.1765587078324671,2020-10-14,294607.96177997784
75+,North_East,241,7.28896271062966,0.2229742069024579,2020-10-14,225119.51265905632
1-4,North_East,242,0,0,2020-10-15,303653.095257706
5-14,North_East,242,0,0,2020-10-15,85924.80902994488
15-24,North_East,242,0,0,2020-10-15,651992.4381739232
25-44,North_East,242,0,0,2020-10-15,704258.8250092543
45-64,North_East,242,0,0,2020-10-15,309635.1507841224
65-74,North_East,242,0,0,2020-10-15,294607.96177997784
75+,North_East,242,0,0,2020-10-15,225119.51265905632
1-4,North_East,243,0,0,2020-10-16,303653.095257706
5-14,North_East,243,0,0,2020-10-16,85924.80902994488
15-24,North_East,243,0,0,2020-10-16,651992.4381739232
25-44,North_East,243,0,0,2020-10-16,704258.8250092543
45-64,North_East,243,0,0,2020-10-16,309635.1507841224
65-74,North_East,243,0,0,2020-10-16,294607.96177997784
75+,North_East,243,0,0,2020-10-16,225119.51265905632
1-4,North_East,244,0,0,2020-10-17,303653.095257706
5-14,North_East,244,0,0,2020-10-17,85924.80902994488
15-24,North_East,244,0,0,2020-10-17,651992.4381739232
25-44,North_East,244,0,0,2020-10-17,704258.8250092543
45-64,North_East,244,0,0,2020-10-17,309635.1507841224
65-74,North_East,244,0,0,2020-10-17,294607.96177997784
75+,North_East,244,0,0,2020-10-17,225119.51265905632
1-4,North_East,245,0,0,2020-10-18,303653.095257706
5-14,North_East,245,0,0,2020-10-18,85924.80902994488
15-24,North_East,245,0,0,2020-10-18,651992.4381739232
25-44,North_East,245,0,0,2020-10-18,704258.8250092543
45-64,North_East,245,0,0,2020-10-18,309635.1507841224
65-74,North_East,245,0,0,2020-10-18,294607.96177997784
75+,North_East,245,0,0,2020-10-18,225119.51265905632
1-4,North_East,246,0,0,2020-10-19,303653.095257706
5-14,North_East,246,0,0,2020-10-19,85924.80902994488
15-24,North_East,246,0,0,2020-10-19,651992.4381739232
25-44,North_East,246,0,0,2020-10-19,704258.8250092543
45-64,North_East,246,0,0,2020-10-19,309635.1507841224
65-74,North_East,246,0,0,2020-10-19,294607.96177997784
75+,North_East,246,0,0,2020-10-19,225119.51265905632
1-4,North_East,247,0,0,2020-10-20,303653.095257706
5-14,North_East,247,0,0,2020-10-20,85924.80902994488
15-24,North_East,247,0,0,2020-10-20,651992.4381739232
25-44,North_East,247,0,0,2020-10-20,704258.8250092543
45-64,North_East,247,0,0,2020-10-20,309635.1507841224
65-74,North_East,247,0,0,2020-10-20,294607.96177997784
75+,North_East,247,0,0,2020-10-20,225119.51265905632
1-4,North_East,248,0,0,2020-10-21,303653.095257706
5-14,North_East,248,0,0,2020-10-21,85924.80902994488
15-24,North_East,248,0,0,2020-10-21,651992.4381739232
25-44,North_East,248,0,0,2020-10-21,704258.8250092543
45-64,North_East,248,0,0,2020-10-21,309635.1507841224
65-74,North_East,248,0,0,2020-10-21,294607.96177997784
75+,North_East,248,0,0,2020-10-21,225119.51265905632
1-4,North_East,249,0,0,2020-10-22,303653.095257706
5-14,North_East,249,0,0,2020-10-22,85924.80902994488
15-24,North_East,249,0,0,2020-10-22,651992.4381739232
25-44,North_East,249,0,0,2020-10-22,704258.8250092543
45-64,North_East,249,0,0,2020-10-22,309635.1507841224
65-74,North_East,249,0,0,2020-10-22,294607.96177997784
75+,North_East,249,0,0,2020-10-22,225119.51265905632
1-4,North_East,250,0,0,2020-10-23,303653.095257706
5-14,North_East,250,0,0,2020-10-23,85924.80902994488
15-24,North_East,250,0,0,2020-10-23,651992.4381739232
25-44,North_East,250,0,0,2020-10-23,704258.8250092543
45-64,North_East,250,0,0,2020-10-23,309635.1507841224
65-74,North_East,250,0,0,2020-10-23,294607.96177997784
75+,North_East,250,0,0,2020-10-23,225119.51265905632
1-4,North_East,251,0,0,2020-10-24,303653.095257706
5-14,North_East,251,0,0,2020-10-24,85924.80902994488
15-24,North_East,251,0,0,2020-10-24,651992.4381739232
25-44,North_East,251,0,0,2020-10-24,704258.8250092543
45-64,North_East,251,0,0,2020-10-24,309635.1507841224
65-74,North_East,251,0,0,2020-10-24,294607.96177997784
75+,North_East,251,0,0,2020-10-24,225119.51265905632
1-4,North_East,252,0,0,2020-10-25,303653.095257706
5-14,North_East,252,0,0,2020-10-25,85924.80902994488
15-24,North_East,252,0,0,2020-10-25,651992.4381739232
25-44,North_East,252,0,0,2020-10-25,704258.8250092543
45-64,North_East,252,0,0,2020-10-25,309635.1507841224
65-74,North_East,252,0,0,2020-10-25,294607.96177997784
75+,North_East,252,0,0,2020-10-25,225119.51265905632
1-4,North_East,253,0,0,2020-10-26,303653.095257706
5-14,North_East,253,0,0,2020-10-26,85924.80902994488
15-24,North_East,253,0,0,2020-10-26,651992.4381739232
25-44,North_East,253,0,0,2020-10-26,704258.8250092543
45-64,North_East,253,0,0,2020-10-26,309635.1507841224
65-74,North_East,253,0,0,2020-10-26,294607.96177997784
75+,North_East,253,0,0,2020-10-26,225119.51265905632
1-4,North_East,254,0,0,2020-10-27,303653.095257706
5-14,North_East,254,0,0,2020-10-27,85924.80902994488
15-24,North_East,254,0,0,2020-10-27,651992.4381739232
25-44,North_East,254,0,0,2020-10-27,704258.8250092543
45-64,North_East,254,0,0,2020-10-27,309635.1507841224
65-74,North_East,254,0,0,2020-10-27,294607.96177997784
75+,North_East,254,0,0,2020-10-27,225119.51265905632
1-4,North_East,255,0,0,2020-10-28,303653.095257706
5-14,North_East,255,7.031961590265125,0.4707199787061329,2020-10-28,85924.80902994488
15-24,North_East,255,9.479980684551247,0.39148444449762615,2020-10-28,651992.4381739232
25-44,North_East,255,9.254170918996406,0.3869121316987793,2020-10-28,704258.8250092543
45-64,North_East,255,7.946214767196877,0.4153327479418011,2020-10-28,309635.1507841224
65-74,North_East,255,7.675417528789071,0.17291048362379186,2020-10-28,294607.96177997784
75+,North_East,255,7.390070027199257,0.221416633322386,2020-10-28,225119.51265905632
1-4,North_East,256,0,0,2020-10-29,303653.095257706
5-14,North_East,256,0,0,2020-10-29,85924.80902994488
15-24,North_East,256,0,0,2020-10-29,651992.4381739232
25-44,North_East,256,0,0,2020-10-29,704258.8250092543
45-64,North_East,256,0,0,2020-10-29,309635.1507841224
65-74,North_East,256,0,0,2020-10-29,294607.96177997784
75+,North_East,256,0,0,2020-10-29,225119.51265905632
1-4,North_East,257,0,0,2020-10-30,303653.095257706
5-14,North_East,257,0,0,2020-10-30,85924.80902994488
15-24,North_East,257,0,0,2020-10-30,651992.4381739232
25-44,North_East,257,0,0,2020-10-30,704258.8250092543
45-64,North_East,257,0,0,2020-10-30,309635.1507841224
65-74,North_East,257,0,0,2020-10-30,294607.96177997784
75+,North_East,257,0,0,2020-10-30,225119.51265905632
1-4,North_East,258,0,0,2020-10-31,303653.095257706
5-14,North_East,258,0,0,2020-10-31,85924.80902994488
15-24,North_East,258,0,0,2020-10-31,651992.4381739232
25-44,North_East,258,0,0,2020-10-31,704258.8250092543
45-64,North_East,258,0,0,2020-10-31,309635.1507841224
65-74,North_East,258,0,0,2020-10-31,294607.96177997784
75+,North_East,258,0,0,2020-10-31,225119.51265905632
1-4,North_East,259,0,0,2020-11-01,303653.095257706
5-14,North_East,259,0,0,2020-11-01,85924.80902994488
15-24,North_East,259,0,0,2020-11-01,651992.4381739232
25-44,North_East,259,0,0,2020-11-01,704258.8250092543
45-64,North_East,259,0,0,2020-11-01,309635.1507841224
65-74,North_East,259,0,0,2020-11-01,294607.96177997784
75+,North_East,259,0,0,2020-11-01,225119.51265905632
1-4,North_East,260,0,0,2020-11-02,303653.095257706
5-14,North_East,260,0,0,2020-11-02,85924.80902994488
15-24,North_East,260,0,0,2020-11-02,651992.4381739232
25-44,North_East,260,0,0,2020-11-02,704258.8250092543
45-64,North_East,260,0,0,2020-11-02,309635.1507841224
65-74,North_East,260,0,0,2020-11-02,294607.96177997784
75+,North_East,260,0,0,2020-11-02,225119.51265905632
1-4,North_East,261,0,0,2020-11-03,303653.095257706
5-14,North_East,261,0,0,2020-11-03,85924.80902994488
15-24,North_East,261,0,0,2020-11-03,651992.4381739232
25-44,North_East,261,0,0,2020-11-03,704258.8250092543
45-64,North_East,261,0,0,2020-11-03,309635.1507841224
65-74,North_East,261,0,0,2020-11-03,294607.96177997784
75+,North_East,261,0,0,2020-11-03,225119.51265905632
1-4,North_East,262,0,0,2020-11-04,303653.095257706
5-14,North_East,262,0,0,2020-11-04,85924.80902994488
15-24,North_East,262,0,0,2020-11-04,651992.4381739232
25-44,North_East,262,0,0,2020-11-04,704258.8250092543
45-64,North_East,262,0,0,2020-11-04,309635.1507841224
65-74,North_East,262,0,0,2020-11-04,294607.96177997784
75+,North_East,262,0,0,2020-11-04,225119.51265905632
1-4,North_East,263,0,0,2020-11-05,303653.095257706
5-14,North_East,263,0,0,2020-11-05,85924.80902994488
15-24,North_East,263,0,0,2020-11-05,651992.4381739232
25-44,North_East,263,0,0,2020-11-05,704258.8250092543
45-64,North_East,263,0,0,2020-11-05,309635.1507841224
65-74,North_East,263,0,0,2020-11-05,294607.96177997784
75+,North_East,263,0,0,2020-11-05,225119.51265905632
1-4,North_East,264,0,0,2020-11-06,303653.095257706
5-14,North_East,264,0,0,2020-11-06,85924.80902994488
15-24,North_East,264,0,0,2020-11-06,651992.4381739232
25-44,North_East,264,0,0,2020-11-06,704258.8250092543
45-64,North_East,264,0,0,2020-11-06,309635.1507841224
65-74,North_East,264,0,0,2020-11-06,294607.96177997784
75+,North_East,264,0,0,2020-11-06,225119.51265905632
1-4,North_East,265,0,0,2020-11-07,303653.095257706
5-14,North_East,265,0,0,2020-11-07,85924.80902994488
15-24,North_East,265,0,0,2020-11-07,651992.4381739232
25-44,North_East,265,0,0,2020-11-07,704258.8250092543
45-64,North_East,265,0,0,2020-11-07,309635.1507841224
65-74,North_East,265,0,0,2020-11-07,294607.96177997784
75+,North_East,265,0,0,2020-11-07,225119.51265905632
1-4,North_East,266,0,0,2020-11-08,303653.095257706
5-14,North_East,266,0,0,2020-11-08,85924.80902994488
15-24,North_East,266,0,0,2020-11-08,651992.4381739232
25-44,North_East,266,0,0,2020-11-08,704258.8250092543
45-64,North_East,266,0,0,2020-11-08,309635.1507841224
65-74,North_East,266,0,0,2020-11-08,294607.96177997784
75+,North_East,266,0,0,2020-11-08,225119.51265905632
1-4,North_East,267,0,0,2020-11-09,303653.095257706
5-14,North_East,267,0,0,2020-11-09,85924.80902994488
15-24,North_East,267,0,0,2020-11-09,651992.4381739232
25-44,North_East,267,0,0,2020-11-09,704258.8250092543
45-64,North_East,267,0,0,2020-11-09,309635.1507841224
65-74,North_East,267,0,0,2020-11-09,294607.96177997784
75+,North_East,267,0,0,2020-11-09,225119.51265905632
1-4,North_East,268,0,0,2020-11-10,303653.095257706
5-14,North_East,268,0,0,2020-11-10,85924.80902994488
15-24,North_East,268,0,0,2020-11-10,651992.4381739232
25-44,North_East,268,0,0,2020-11-10,704258.8250092543
45-64,North_East,268,0,0,2020-11-10,309635.1507841224
65-74,North_East,268,0,0,2020-11-10,294607.96177997784
75+,North_East,268,0,0,2020-11-10,225119.51265905632
1-4,North_East,269,0,0,2020-11-11,303653.095257706
5-14,North_East,269,7.287921328495616,0.467608795738421,2020-11-11,85924.80902994488
15-24,North_East,269,9.624948841300107,0.39044918921613103,2020-11-11,651992.4381739232
25-44,North_East,269,9.251103531273078,0.3882615142634129,2020-11-11,704258.8250092543
45-64,North_East,269,8.406069396956738,0.40873998525635286,2020-11-11,309635.1507841224
65-74,North_East,269,7.855011301101412,0.17401808470655172,2020-11-11,294607.96177997784
75+,North_East,269,7.556455355589397,0.22515996263913682,2020-11-11,225119.51265905632
1-4,North_East,270,0,0,2020-11-12,303653.095257706
5-14,North_East,270,0,0,2020-11-12,85924.80902994488
15-24,North_East,270,0,0,2020-11-12,651992.4381739232
25-44,North_East,270,0,0,2020-11-12,704258.8250092543
45-64,North_East,270,0,0,2020-11-12,309635.1507841224
65-74,North_East,270,0,0,2020-11-12,294607.96177997784
75+,North_East,270,0,0,2020-11-12,225119.51265905632
1-4,North_East,271,0,0,2020-11-13,303653.095257706
5-14,North_East,271,0,0,2020-11-13,85924.80902994488
15-24,North_East,271,0,0,2020-11-13,651992.4381739232
25-44,North_East,271,0,0,2020-11-13,704258.8250092543
45-64,North_East,271,0,0,2020-11-13,309635.1507841224
65-74,North_East,271,0,0,2020-11-13,294607.96177997784
75+,North_East,271,0,0,2020-11-13,225119.51265905632
1-4,North_East,272,0,0,2020-11-14,303653.095257706
5-14,North_East,272,0,0,2020-11-14,85924.80902994488
15-24,North_East,272,0,0,2020-11-14,651992.4381739232
25-44,North_East,272,0,0,2020-11-14,704258.8250092543
45-64,North_East,272,0,0,2020-11-14,309635.1507841224
65-74,North_East,272,0,0,2020-11-14,294607.96177997784
75+,North_East,272,0,0,2020-11-14,225119.51265905632
1-4,North_East,273,0,0,2020-11-15,303653.095257706
5-14,North_East,273,0,0,2020-11-15,85924.80902994488
15-24,North_East,273,0,0,2020-11-15,651992.4381739232
25-44,North_East,273,0,0,2020-11-15,704258.8250092543
45-64,North_East,273,0,0,2020-11-15,309635.1507841224
65-74,North_East,273,0,0,2020-11-15,294607.96177997784
75+,North_East,273,0,0,2020-11-15,225119.51265905632
1-4,North_East,274,0,0,2020-11-16,303653.095257706
5-14,North_East,274,0,0,2020-11-16,85924.80902994488
15-24,North_East,274,0,0,2020-11-16,651992.4381739232
25-44,North_East,274,0,0,2020-11-16,704258.8250092543
45-64,North_East,274,0,0,2020-11-16,309635.1507841224
65-74,North_East,274,0,0,2020-11-16,294607.96177997784
75+,North_East,274,0,0,2020-11-16,225119.51265905632
1-4,North_East,275,0,0,2020-11-17,303653.095257706
5-14,North_East,275,0,0,2020-11-17,85924.80902994488
15-24,North_East,275,0,0,2020-11-17,651992.4381739232
25-44,North_East,275,0,0,2020-11-17,704258.8250092543
45-64,North_East,275,0,0,2020-11-17,309635.1507841224
65-74,North_East,275,0,0,2020-11-17,294607.96177997784
75+,North_East,275,0,0,2020-11-17,225119.51265905632
1-4,North_East,276,0,0,2020-11-18,303653.095257706
5-14,North_East,276,0,0,2020-11-18,85924.80902994488
15-24,North_East,276,0,0,2020-11-18,651992.4381739232
25-44,North_East,276,0,0,2020-11-18,704258.8250092543
45-64,North_East,276,0,0,2020-11-18,309635.1507841224
65-74,North_East,276,0,0,2020-11-18,294607.96177997784
75+,North_East,276,0,0,2020-11-18,225119.51265905632
1-4,North_East,277,0,0,2020-11-19,303653.095257706
5-14,North_East,277,0,0,2020-11-19,85924.80902994488
15-24,North_East,277,0,0,2020-11-19,651992.4381739232
25-44,North_East,277,0,0,2020-11-19,704258.8250092543
45-64,North_East,277,0,0,2020-11-19,309635.1507841224
65-74,North_East,277,0,0,2020-11-19,294607.96177997784
75+,North_East,277,0,0,2020-11-19,225119.51265905632
1-4,North_East,278,0,0,2020-11-20,303653.095257706
5-14,North_East,278,0,0,2020-11-20,85924.80902994488
15-24,North_East,278,0,0,2020-11-20,651992.4381739232
25-44,North_East,278,0,0,2020-11-20,704258.8250092543
45-64,North_East,278,0,0,2020-11-20,309635.1507841224
65-74,North_East,278,0,0,2020-11-20,294607.96177997784
75+,North_East,278,0,0,2020-11-20,225119.51265905632
1-4,North_East,279,0,0,2020-11-21,303653.095257706
5-14,North_East,279,0,0,2020-11-21,85924.80902994488
15-24,North_East,279,0,0,2020-11-21,651992.4381739232
25-44,North_East,279,0,0,2020-11-21,704258.8250092543
45-64,North_East,279,0,0,2020-11-21,309635.1507841224
65-74,North_East,279,0,0,2020-11-21,294607.96177997784
75+,North_East,279,0,0,2020-11-21,225119.51265905632
1-4,North_East,280,0,0,2020-11-22,303653.095257706
5-14,North_East,280,0,0,2020-11-22,85924.80902994488
15-24,North_East,280,0,0,2020-11-22,651992.4381739232
25-44,North_East,280,0,0,2020-11-22,704258.8250092543
45-64,North_East,280,0,0,2020-11-22,309635.1507841224
65-74,North_East,280,0,0,2020-11-22,294607.96177997784
75+,North_East,280,0,0,2020-11-22,225119.51265905632
1-4,North_East,281,0,0,2020-11-23,303653.095257706
5-14,North_East,281,0,0,2020-11-23,85924.80902994488
15-24,North_East,281,0,0,2020-11-23,651992.4381739232
25-44,North_East,281,0,0,2020-11-23,704258.8250092543
45-64,North_East,281,0,0,2020-11-23,309635.1507841224
65-74,North_East,281,0,0,2020-11-23,294607.96177997784
75+,North_East,281,0,0,2020-11-23,225119.51265905632
1-4,North_East,282,0,0,2020-11-24,303653.095257706
5-14,North_East,282,0,0,2020-11-24,85924.80902994488
15-24,North_East,282,0,0,2020-11-24,651992.4381739232
25-44,North_East,282,0,0,2020-11-24,704258.8250092543
45-64,North_East,282,0,0,2020-11-24,309635.1507841224
65-74,North_East,282,0,0,2020-11-24,294607.96177997784
75+,North_East,282,0,0,2020-11-24,225119.51265905632
1-4,North_East,283,0,0,2020-11-25,303653.095257706
5-14,North_East,283,7.327260568569197,0.4685921860607484,2020-11-25,85924.80902994488
15-24,North_East,283,9.53070931788497,0.3964795326905939,2020-11-25,651992.4381739232
25-44,North_East,283,9.267798985235313,0.38490223791677425,2020-11-25,704258.8250092543
45-64,North_East,283,8.543256976906365,0.40771403224513175,2020-11-25,309635.1507841224
65-74,North_East,283,7.772695121003556,0.18231373872254733,2020-11-25,294607.96177997784
75+,North_East,283,7.577078080564647,0.2314426488451443,2020-11-25,225119.51265905632
1-4,North_East,284,0,0,2020-11-26,303653.095257706
5-14,North_East,284,0,0,2020-11-26,85924.80902994488
15-24,North_East,284,0,0,2020-11-26,651992.4381739232
25-44,North_East,284,0,0,2020-11-26,704258.8250092543
45-64,North_East,284,0,0,2020-11-26,309635.1507841224
65-74,North_East,284,0,0,2020-11-26,294607.96177997784
75+,North_East,284,0,0,2020-11-26,225119.51265905632
1-4,North_East,285,0,0,2020-11-27,303653.095257706
5-14,North_East,285,0,0,2020-11-27,85924.80902994488
15-24,North_East,285,0,0,2020-11-27,651992.4381739232
25-44,North_East,285,0,0,2020-11-27,704258.8250092543
45-64,North_East,285,0,0,2020-11-27,309635.1507841224
65-74,North_East,285,0,0,2020-11-27,294607.96177997784
75+,North_East,285,0,0,2020-11-27,225119.51265905632
1-4,North_East,286,0,0,2020-11-28,303653.095257706
5-14,North_East,286,0,0,2020-11-28,85924.80902994488
15-24,North_East,286,0,0,2020-11-28,651992.4381739232
25-44,North_East,286,0,0,2020-11-28,704258.8250092543
45-64,North_East,286,0,0,2020-11-28,309635.1507841224
65-74,North_East,286,0,0,2020-11-28,294607.96177997784
75+,North_East,286,0,0,2020-11-28,225119.51265905632
1-4,North_East,287,0,0,2020-11-29,303653.095257706
5-14,North_East,287,0,0,2020-11-29,85924.80902994488
15-24,North_East,287,0,0,2020-11-29,651992.4381739232
25-44,North_East,287,0,0,2020-11-29,704258.8250092543
45-64,North_East,287,0,0,2020-11-29,309635.1507841224
65-74,North_East,287,0,0,2020-11-29,294607.96177997784
75+,North_East,287,0,0,2020-11-29,225119.51265905632
1-4,North_East,288,0,0,2020-11-30,303653.095257706
5-14,North_East,288,0,0,2020-11-30,85924.80902994488
15-24,North_East,288,0,0,2020-11-30,651992.4381739232
25-44,North_East,288,0,0,2020-11-30,704258.8250092543
45-64,North_East,288,0,0,2020-11-30,309635.1507841224
65-74,North_East,288,0,0,2020-11-30,294607.96177997784
75+,North_East,288,0,0,2020-11-30,225119.51265905632
1-4,North_East,289,0,0,2020-12-01,303653.095257706
5-14,North_East,289,0,0,2020-12-01,85924.80902994488
15-24,North_East,289,0,0,2020-12-01,651992.4381739232
25-44,North_East,289,0,0,2020-12-01,704258.8250092543
45-64,North_East,289,0,0,2020-12-01,309635.1507841224
65-74,North_East,289,0,0,2020-12-01,294607.96177997784
75+,North_East,289,0,0,2020-12-01,225119.51265905632
1-4,North_East,290,0,0,2020-12-02,303653.095257706
5-14,North_East,290,0,0,2020-12-02,85924.80902994488
15-24,North_East,290,0,0,2020-12-02,651992.4381739232
25-44,North_East,290,0,0,2020-12-02,704258.8250092543
45-64,North_East,290,0,0,2020-12-02,309635.1507841224
65-74,North_East,290,0,0,2020-12-02,294607.96177997784
75+,North_East,290,0,0,2020-12-02,225119.51265905632
1-4,North_East,291,0,0,2020-12-03,303653.095257706
5-14,North_East,291,0,0,2020-12-03,85924.80902994488
15-24,North_East,291,0,0,2020-12-03,651992.4381739232
25-44,North_East,291,0,0,2020-12-03,704258.8250092543
45-64,North_East,291,0,0,2020-12-03,309635.1507841224
65-74,North_East,291,0,0,2020-12-03,294607.96177997784
75+,North_East,291,0,0,2020-12-03,225119.51265905632
1-4,North_East,292,0,0,2020-12-04,303653.095257706
5-14,North_East,292,0,0,2020-12-04,85924.80902994488
15-24,North_East,292,0,0,2020-12-04,651992.4381739232
25-44,North_East,292,0,0,2020-12-04,704258.8250092543
45-64,North_East,292,0,0,2020-12-04,309635.1507841224
65-74,North_East,292,0,0,2020-12-04,294607.96177997784
75+,North_East,292,0,0,2020-12-04,225119.51265905632
1-4,North_East,293,0,0,2020-12-05,303653.095257706
5-14,North_East,293,0,0,2020-12-05,85924.80902994488
15-24,North_East,293,0,0,2020-12-05,651992.4381739232
25-44,North_East,293,0,0,2020-12-05,704258.8250092543
45-64,North_East,293,0,0,2020-12-05,309635.1507841224
65-74,North_East,293,0,0,2020-12-05,294607.96177997784
75+,North_East,293,0,0,2020-12-05,225119.51265905632
1-4,North_East,294,0,0,2020-12-06,303653.095257706
5-14,North_East,294,0,0,2020-12-06,85924.80902994488
15-24,North_East,294,0,0,2020-12-06,651992.4381739232
25-44,North_East,294,0,0,2020-12-06,704258.8250092543
45-64,North_East,294,0,0,2020-12-06,309635.1507841224
65-74,North_East,294,0,0,2020-12-06,294607.96177997784
75+,North_East,294,0,0,2020-12-06,225119.51265905632
1-4,North_East,295,0,0,2020-12-07,303653.095257706
5-14,North_East,295,0,0,2020-12-07,85924.80902994488
15-24,North_East,295,0,0,2020-12-07,651992.4381739232
25-44,North_East,295,0,0,2020-12-07,704258.8250092543
45-64,North_East,295,0,0,2020-12-07,309635.1507841224
65-74,North_East,295,0,0,2020-12-07,294607.96177997784
75+,North_East,295,0,0,2020-12-07,225119.51265905632
1-4,North_East,296,0,0,2020-12-08,303653.095257706
5-14,North_East,296,0,0,2020-12-08,85924.80902994488
15-24,North_East,296,0,0,2020-12-08,651992.4381739232
25-44,North_East,296,0,0,2020-12-08,704258.8250092543
45-64,North_East,296,0,0,2020-12-08,309635.1507841224
65-74,North_East,296,0,0,2020-12-08,294607.96177997784
75+,North_East,296,0,0,2020-12-08,225119.51265905632
1-4,North_East,297,0,0,2020-12-09,303653.095257706
5-14,North_East,297,7.164081524077386,0.47843327996810425,2020-12-09,85924.80902994488
15-24,North_East,297,9.358610278603743,0.400973993987283,2020-12-09,651992.4381739232
25-44,North_East,297,9.141429038288939,0.39048642903666925,2020-12-09,704258.8250092543
45-64,North_East,297,8.404978867476917,0.41048215977331454,2020-12-09,309635.1507841224
65-74,North_East,297,7.689886388852748,0.18335186327831676,2020-12-09,294607.96177997784
75+,North_East,297,7.547652563076788,0.23283606505254265,2020-12-09,225119.51265905632
1-4,North_East,298,0,0,2020-12-10,303653.095257706
5-14,North_East,298,0,0,2020-12-10,85924.80902994488
15-24,North_East,298,0,0,2020-12-10,651992.4381739232
25-44,North_East,298,0,0,2020-12-10,704258.8250092543
45-64,North_East,298,0,0,2020-12-10,309635.1507841224
65-74,North_East,298,0,0,2020-12-10,294607.96177997784
75+,North_East,298,0,0,2020-12-10,225119.51265905632
1-4,North_East,299,0,0,2020-12-11,303653.095257706
5-14,North_East,299,0,0,2020-12-11,85924.80902994488
15-24,North_East,299,0,0,2020-12-11,651992.4381739232
25-44,North_East,299,0,0,2020-12-11,704258.8250092543
45-64,North_East,299,0,0,2020-12-11,309635.1507841224
65-74,North_East,299,0,0,2020-12-11,294607.96177997784
75+,North_East,299,0,0,2020-12-11,225119.51265905632
1-4,North_East,300,0,0,2020-12-12,303653.095257706
5-14,North_East,300,0,0,2020-12-12,85924.80902994488
15-24,North_East,300,0,0,2020-12-12,651992.4381739232
25-44,North_East,300,0,0,2020-12-12,704258.8250092543
45-64,North_East,300,0,0,2020-12-12,309635.1507841224
65-74,North_East,300,0,0,2020-12-12,294607.96177997784
75+,North_East,300,0,0,2020-12-12,225119.51265905632
1-4,North_East,301,0,0,2020-12-13,303653.095257706
5-14,North_East,301,0,0,2020-12-13,85924.80902994488
15-24,North_East,301,0,0,2020-12-13,651992.4381739232
25-44,North_East,301,0,0,2020-12-13,704258.8250092543
45-64,North_East,301,0,0,2020-12-13,309635.1507841224
65-74,North_East,301,0,0,2020-12-13,294607.96177997784
75+,North_East,301,0,0,2020-12-13,225119.51265905632
1-4,North_East,302,0,0,2020-12-14,303653.095257706
5-14,North_East,302,0,0,2020-12-14,85924.80902994488
15-24,North_East,302,0,0,2020-12-14,651992.4381739232
25-44,North_East,302,0,0,2020-12-14,704258.8250092543
45-64,North_East,302,0,0,2020-12-14,309635.1507841224
65-74,North_East,302,0,0,2020-12-14,294607.96177997784
75+,North_East,302,0,0,2020-12-14,225119.51265905632
1-4,North_East,303,0,0,2020-12-15,303653.095257706
5-14,North_East,303,0,0,2020-12-15,85924.80902994488
15-24,North_East,303,0,0,2020-12-15,651992.4381739232
25-44,North_East,303,0,0,2020-12-15,704258.8250092543
45-64,North_East,303,0,0,2020-12-15,309635.1507841224
65-74,North_East,303,0,0,2020-12-15,294607.96177997784
75+,North_East,303,0,0,2020-12-15,225119.51265905632
1-4,North_East,304,0,0,2020-12-16,303653.095257706
5-14,North_East,304,0,0,2020-12-16,85924.80902994488
15-24,North_East,304,0,0,2020-12-16,651992.4381739232
25-44,North_East,304,0,0,2020-12-16,704258.8250092543
45-64,North_East,304,0,0,2020-12-16,309635.1507841224
65-74,North_East,304,0,0,2020-12-16,294607.96177997784
75+,North_East,304,0,0,2020-12-16,225119.51265905632
1-4,North_East,305,0,0,2020-12-17,303653.095257706
5-14,North_East,305,0,0,2020-12-17,85924.80902994488
15-24,North_East,305,0,0,2020-12-17,651992.4381739232
25-44,North_East,305,0,0,2020-12-17,704258.8250092543
45-64,North_East,305,0,0,2020-12-17,309635.1507841224
65-74,North_East,305,0,0,2020-12-17,294607.96177997784
75+,North_East,305,0,0,2020-12-17,225119.51265905632
1-4,North_East,306,0,0,2020-12-18,303653.095257706
5-14,North_East,306,0,0,2020-12-18,85924.80902994488
15-24,North_East,306,0,0,2020-12-18,651992.4381739232
25-44,North_East,306,0,0,2020-12-18,704258.8250092543
45-64,North_East,306,0,0,2020-12-18,309635.1507841224
65-74,North_East,306,0,0,2020-12-18,294607.96177997784
75+,North_East,306,0,0,2020-12-18,225119.51265905632
1-4,North_East,307,0,0,2020-12-19,303653.095257706
5-14,North_East,307,0,0,2020-12-19,85924.80902994488
15-24,North_East,307,0,0,2020-12-19,651992.4381739232
25-44,North_East,307,0,0,2020-12-19,704258.8250092543
45-64,North_East,307,0,0,2020-12-19,309635.1507841224
65-74,North_East,307,0,0,2020-12-19,294607.96177997784
75+,North_East,307,0,0,2020-12-19,225119.51265905632
1-4,North_East,308,0,0,2020-12-20,303653.095257706
5-14,North_East,308,0,0,2020-12-20,85924.80902994488
15-24,North_East,308,0,0,2020-12-20,651992.4381739232
25-44,North_East,308,0,0,2020-12-20,704258.8250092543
45-64,North_East,308,0,0,2020-12-20,309635.1507841224
65-74,North_East,308,0,0,2020-12-20,294607.96177997784
75+,North_East,308,0,0,2020-12-20,225119.51265905632
1-4,North_East,309,0,0,2020-12-21,303653.095257706
5-14,North_East,309,0,0,2020-12-21,85924.80902994488
15-24,North_East,309,0,0,2020-12-21,651992.4381739232
25-44,North_East,309,0,0,2020-12-21,704258.8250092543
45-64,North_East,309,0,0,2020-12-21,309635.1507841224
65-74,North_East,309,0,0,2020-12-21,294607.96177997784
75+,North_East,309,0,0,2020-12-21,225119.51265905632
1-4,North_East,310,0,0,2020-12-22,303653.095257706
5-14,North_East,310,0,0,2020-12-22,85924.80902994488
15-24,North_East,310,0,0,2020-12-22,651992.4381739232
25-44,North_East,310,0,0,2020-12-22,704258.8250092543
45-64,North_East,310,0,0,2020-12-22,309635.1507841224
65-74,North_East,310,0,0,2020-12-22,294607.96177997784
75+,North_East,310,0,0,2020-12-22,225119.51265905632
1-4,North_East,311,0,0,2020-12-23,303653.095257706
5-14,North_East,311,7.212973737536978,0.47813397319470446,2020-12-23,85924.80902994488
15-24,North_East,311,9.6580841192842,0.39797072087110485,2020-12-23,651992.4381739232
25-44,North_East,311,9.353611665952725,0.3879685605950715,2020-12-23,704258.8250092543
45-64,North_East,311,8.446233596510785,0.4068973531075405,2020-12-23,309635.1507841224
65-74,North_East,311,8.126664986058048,0.17149352014392796,2020-12-23,294607.96177997784
75+,North_East,311,7.73014434192419,0.22916697405820413,2020-12-23,225119.51265905632
1-4,North_East,312,0,0,2020-12-24,303653.095257706
5-14,North_East,312,0,0,2020-12-24,85924.80902994488
15-24,North_East,312,0,0,2020-12-24,651992.4381739232
25-44,North_East,312,0,0,2020-12-24,704258.8250092543
45-64,North_East,312,0,0,2020-12-24,309635.1507841224
65-74,North_East,312,0,0,2020-12-24,294607.96177997784
75+,North_East,312,0,0,2020-12-24,225119.51265905632
1-4,North_East,313,0,0,2020-12-25,303653.095257706
5-14,North_East,313,0,0,2020-12-25,85924.80902994488
15-24,North_East,313,0,0,2020-12-25,651992.4381739232
25-44,North_East,313,0,0,2020-12-25,704258.8250092543
45-64,North_East,313,0,0,2020-12-25,309635.1507841224
65-74,North_East,313,0,0,2020-12-25,294607.96177997784
75+,North_East,313,0,0,2020-12-25,225119.51265905632
1-4,North_East,314,0,0,2020-12-26,303653.095257706
5-14,North_East,314,0,0,2020-12-26,85924.80902994488
15-24,North_East,314,0,0,2020-12-26,651992.4381739232
25-44,North_East,314,0,0,2020-12-26,704258.8250092543
45-64,North_East,314,0,0,2020-12-26,309635.1507841224
65-74,North_East,314,0,0,2020-12-26,294607.96177997784
75+,North_East,314,0,0,2020-12-26,225119.51265905632
1-4,North_East,315,0,0,2020-12-27,303653.095257706
5-14,North_East,315,0,0,2020-12-27,85924.80902994488
15-24,North_East,315,0,0,2020-12-27,651992.4381739232
25-44,North_East,315,0,0,2020-12-27,704258.8250092543
45-64,North_East,315,0,0,2020-12-27,309635.1507841224
65-74,North_East,315,0,0,2020-12-27,294607.96177997784
75+,North_East,315,0,0,2020-12-27,225119.51265905632
1-4,North_East,316,0,0,2020-12-28,303653.095257706
5-14,North_East,316,0,0,2020-12-28,85924.80902994488
15-24,North_East,316,0,0,2020-12-28,651992.4381739232
25-44,North_East,316,0,0,2020-12-28,704258.8250092543
45-64,North_East,316,0,0,2020-12-28,309635.1507841224
65-74,North_East,316,0,0,2020-12-28,294607.96177997784
75+,North_East,316,0,0,2020-12-28,225119.51265905632
1-4,North_East,317,0,0,2020-12-29,303653.095257706
5-14,North_East,317,0,0,2020-12-29,85924.80902994488
15-24,North_East,317,0,0,2020-12-29,651992.4381739232
25-44,North_East,317,0,0,2020-12-29,704258.8250092543
45-64,North_East,317,0,0,2020-12-29,309635.1507841224
65-74,North_East,317,0,0,2020-12-29,294607.96177997784
75+,North_East,317,0,0,2020-12-29,225119.51265905632
1-4,North_East,318,0,0,2020-12-30,303653.095257706
5-14,North_East,318,0,0,2020-12-30,85924.80902994488
15-24,North_East,318,0,0,2020-12-30,651992.4381739232
25-44,North_East,318,0,0,2020-12-30,704258.8250092543
45-64,North_East,318,0,0,2020-12-30,309635.1507841224
65-74,North_East,318,0,0,2020-12-30,294607.96177997784
75+,North_East,318,0,0,2020-12-30,225119.51265905632
1-4,North_East,319,0,0,2020-12-31,303653.095257706
5-14,North_East,319,0,0,2020-12-31,85924.80902994488
15-24,North_East,319,0,0,2020-12-31,651992.4381739232
25-44,North_East,319,0,0,2020-12-31,704258.8250092543
45-64,North_East,319,0,0,2020-12-31,309635.1507841224
65-74,North_East,319,0,0,2020-12-31,294607.96177997784
75+,North_East,319,0,0,2020-12-31,225119.51265905632
1-4,North_East,320,0,0,2021-01-01,303653.095257706
5-14,North_East,320,0,0,2021-01-01,85924.80902994488
15-24,North_East,320,0,0,2021-01-01,651992.4381739232
25-44,North_East,320,0,0,2021-01-01,704258.8250092543
45-64,North_East,320,0,0,2021-01-01,309635.1507841224
65-74,North_East,320,0,0,2021-01-01,294607.96177997784
75+,North_East,320,0,0,2021-01-01,225119.51265905632
1-4,North_East,321,0,0,2021-01-02,303653.095257706
5-14,North_East,321,0,0,2021-01-02,85924.80902994488
15-24,North_East,321,0,0,2021-01-02,651992.4381739232
25-44,North_East,321,0,0,2021-01-02,704258.8250092543
45-64,North_East,321,0,0,2021-01-02,309635.1507841224
65-74,North_East,321,0,0,2021-01-02,294607.96177997784
75+,North_East,321,0,0,2021-01-02,225119.51265905632
1-4,North_East,322,0,0,2021-01-03,303653.095257706
5-14,North_East,322,0,0,2021-01-03,85924.80902994488
15-24,North_East,322,0,0,2021-01-03,651992.4381739232
25-44,North_East,322,0,0,2021-01-03,704258.8250092543
45-64,North_East,322,0,0,2021-01-03,309635.1507841224
65-74,North_East,322,0,0,2021-01-03,294607.96177997784
75+,North_East,322,0,0,2021-01-03,225119.51265905632
1-4,North_East,323,0,0,2021-01-04,303653.095257706
5-14,North_East,323,0,0,2021-01-04,85924.80902994488
15-24,North_East,323,0,0,2021-01-04,651992.4381739232
25-44,North_East,323,0,0,2021-01-04,704258.8250092543
45-64,North_East,323,0,0,2021-01-04,309635.1507841224
65-74,North_East,323,0,0,2021-01-04,294607.96177997784
75+,North_East,323,0,0,2021-01-04,225119.51265905632
1-4,North_East,324,0,0,2021-01-05,303653.095257706
5-14,North_East,324,0,0,2021-01-05,85924.80902994488
15-24,North_East,324,0,0,2021-01-05,651992.4381739232
25-44,North_East,324,0,0,2021-01-05,704258.8250092543
45-64,North_East,324,0,0,2021-01-05,309635.1507841224
65-74,North_East,324,0,0,2021-01-05,294607.96177997784
75+,North_East,324,0,0,2021-01-05,225119.51265905632
1-4,North_East,325,0,0,2021-01-06,303653.095257706
5-14,North_East,325,7.419441842566836,0.48492532333785426,2021-01-06,85924.80902994488
15-24,North_East,325,10.105188750880634,0.38613690659825955,2021-01-06,651992.4381739232
25-44,North_East,325,9.731526730484227,0.3814515908349048,2021-01-06,704258.8250092543
45-64,North_East,325,8.611394175913768,0.4061205792201828,2021-01-06,309635.1507841224
65-74,North_East,325,8.660550284760548,0.1490314303021262,2021-01-06,294607.96177997784
75+,North_East,325,8.024452060356735,0.22221487200895967,2021-01-06,225119.51265905632
1-4,North_East,326,0,0,2021-01-07,303653.095257706
5-14,North_East,326,0,0,2021-01-07,85924.80902994488
15-24,North_East,326,0,0,2021-01-07,651992.4381739232
25-44,North_East,326,0,0,2021-01-07,704258.8250092543
45-64,North_East,326,0,0,2021-01-07,309635.1507841224
65-74,North_East,326,0,0,2021-01-07,294607.96177997784
75+,North_East,326,0,0,2021-01-07,225119.51265905632
1-4,North_East,327,0,0,2021-01-08,303653.095257706
5-14,North_East,327,0,0,2021-01-08,85924.80902994488
15-24,North_East,327,0,0,2021-01-08,651992.4381739232
25-44,North_East,327,0,0,2021-01-08,704258.8250092543
45-64,North_East,327,0,0,2021-01-08,309635.1507841224
65-74,North_East,327,0,0,2021-01-08,294607.96177997784
75+,North_East,327,0,0,2021-01-08,225119.51265905632
1-4,North_East,328,0,0,2021-01-09,303653.095257706
5-14,North_East,328,0,0,2021-01-09,85924.80902994488
15-24,North_East,328,0,0,2021-01-09,651992.4381739232
25-44,North_East,328,0,0,2021-01-09,704258.8250092543
45-64,North_East,328,0,0,2021-01-09,309635.1507841224
65-74,North_East,328,0,0,2021-01-09,294607.96177997784
75+,North_East,328,0,0,2021-01-09,225119.51265905632
1-4,North_East,329,0,0,2021-01-10,303653.095257706
5-14,North_East,329,0,0,2021-01-10,85924.80902994488
15-24,North_East,329,0,0,2021-01-10,651992.4381739232
25-44,North_East,329,0,0,2021-01-10,704258.8250092543
45-64,North_East,329,0,0,2021-01-10,309635.1507841224
65-74,North_East,329,0,0,2021-01-10,294607.96177997784
75+,North_East,329,0,0,2021-01-10,225119.51265905632
1-4,North_East,330,0,0,2021-01-11,303653.095257706
5-14,North_East,330,0,0,2021-01-11,85924.80902994488
15-24,North_East,330,0,0,2021-01-11,651992.4381739232
25-44,North_East,330,0,0,2021-01-11,704258.8250092543
45-64,North_East,330,0,0,2021-01-11,309635.1507841224
65-74,North_East,330,0,0,2021-01-11,294607.96177997784
75+,North_East,330,0,0,2021-01-11,225119.51265905632
1-4,North_East,331,0,0,2021-01-12,303653.095257706
5-14,North_East,331,0,0,2021-01-12,85924.80902994488
15-24,North_East,331,0,0,2021-01-12,651992.4381739232
25-44,North_East,331,0,0,2021-01-12,704258.8250092543
45-64,North_East,331,0,0,2021-01-12,309635.1507841224
65-74,North_East,331,0,0,2021-01-12,294607.96177997784
75+,North_East,331,0,0,2021-01-12,225119.51265905632
1-4,North_East,332,0,0,2021-01-13,303653.095257706
5-14,North_East,332,0,0,2021-01-13,85924.80902994488
15-24,North_East,332,0,0,2021-01-13,651992.4381739232
25-44,North_East,332,0,0,2021-01-13,704258.8250092543
45-64,North_East,332,0,0,2021-01-13,309635.1507841224
65-74,North_East,332,0,0,2021-01-13,294607.96177997784
75+,North_East,332,0,0,2021-01-13,225119.51265905632
1-4,North_East,333,0,0,2021-01-14,303653.095257706
5-14,North_East,333,0,0,2021-01-14,85924.80902994488
15-24,North_East,333,0,0,2021-01-14,651992.4381739232
25-44,North_East,333,0,0,2021-01-14,704258.8250092543
45-64,North_East,333,0,0,2021-01-14,309635.1507841224
65-74,North_East,333,0,0,2021-01-14,294607.96177997784
75+,North_East,333,0,0,2021-01-14,225119.51265905632
1-4,North_East,334,0,0,2021-01-15,303653.095257706
5-14,North_East,334,0,0,2021-01-15,85924.80902994488
15-24,North_East,334,0,0,2021-01-15,651992.4381739232
25-44,North_East,334,0,0,2021-01-15,704258.8250092543
45-64,North_East,334,0,0,2021-01-15,309635.1507841224
65-74,North_East,334,0,0,2021-01-15,294607.96177997784
75+,North_East,334,0,0,2021-01-15,225119.51265905632
1-4,North_East,335,0,0,2021-01-16,303653.095257706
5-14,North_East,335,0,0,2021-01-16,85924.80902994488
15-24,North_East,335,0,0,2021-01-16,651992.4381739232
25-44,North_East,335,0,0,2021-01-16,704258.8250092543
45-64,North_East,335,0,0,2021-01-16,309635.1507841224
65-74,North_East,335,0,0,2021-01-16,294607.96177997784
75+,North_East,335,0,0,2021-01-16,225119.51265905632
1-4,North_East,336,0,0,2021-01-17,303653.095257706
5-14,North_East,336,0,0,2021-01-17,85924.80902994488
15-24,North_East,336,0,0,2021-01-17,651992.4381739232
25-44,North_East,336,0,0,2021-01-17,704258.8250092543
45-64,North_East,336,0,0,2021-01-17,309635.1507841224
65-74,North_East,336,0,0,2021-01-17,294607.96177997784
75+,North_East,336,0,0,2021-01-17,225119.51265905632
1-4,North_East,337,0,0,2021-01-18,303653.095257706
5-14,North_East,337,0,0,2021-01-18,85924.80902994488
15-24,North_East,337,0,0,2021-01-18,651992.4381739232
25-44,North_East,337,0,0,2021-01-18,704258.8250092543
45-64,North_East,337,0,0,2021-01-18,309635.1507841224
65-74,North_East,337,0,0,2021-01-18,294607.96177997784
75+,North_East,337,0,0,2021-01-18,225119.51265905632
1-4,North_East,338,0,0,2021-01-19,303653.095257706
5-14,North_East,338,0,0,2021-01-19,85924.80902994488
15-24,North_East,338,0,0,2021-01-19,651992.4381739232
25-44,North_East,338,0,0,2021-01-19,704258.8250092543
45-64,North_East,338,0,0,2021-01-19,309635.1507841224
65-74,North_East,338,0,0,2021-01-19,294607.96177997784
75+,North_East,338,0,0,2021-01-19,225119.51265905632
1-4,North_East,339,0,0,2021-01-20,303653.095257706
5-14,North_East,339,7.278729946656012,0.48794308136775433,2021-01-20,85924.80902994488
15-24,North_East,339,9.932021140705716,0.38512133742106663,2021-01-20,651992.4381739232
25-44,North_East,339,9.514640084801576,0.38772660039784557,2021-01-20,704258.8250092543
45-64,North_East,339,8.36225594940219,0.4136109241100686,2021-01-20,309635.1507841224
65-74,North_East,339,8.420499360135768,0.15601625465373373,2021-01-20,294607.96177997784
75+,North_East,339,7.921380397921263,0.22145689141959604,2021-01-20,225119.51265905632
1-4,North_East,340,0,0,2021-01-21,303653.095257706
5-14,North_East,340,0,0,2021-01-21,85924.80902994488
15-24,North_East,340,0,0,2021-01-21,651992.4381739232
25-44,North_East,340,0,0,2021-01-21,704258.8250092543
45-64,North_East,340,0,0,2021-01-21,309635.1507841224
65-74,North_East,340,0,0,2021-01-21,294607.96177997784
75+,North_East,340,0,0,2021-01-21,225119.51265905632
1-4,North_East,341,0,0,2021-01-22,303653.095257706
5-14,North_East,341,0,0,2021-01-22,85924.80902994488
15-24,North_East,341,0,0,2021-01-22,651992.4381739232
25-44,North_East,341,0,0,2021-01-22,704258.8250092543
45-64,North_East,341,0,0,2021-01-22,309635.1507841224
65-74,North_East,341,0,0,2021-01-22,294607.96177997784
75+,North_East,341,0,0,2021-01-22,225119.51265905632
1-4,North_East,342,0,0,2021-01-23,303653.095257706
5-14,North_East,342,0,0,2021-01-23,85924.80902994488
15-24,North_East,342,0,0,2021-01-23,651992.4381739232
25-44,North_East,342,0,0,2021-01-23,704258.8250092543
45-64,North_East,342,0,0,2021-01-23,309635.1507841224
65-74,North_East,342,0,0,2021-01-23,294607.96177997784
75+,North_East,342,0,0,2021-01-23,225119.51265905632
1-4,North_East,343,0,0,2021-01-24,303653.095257706
5-14,North_East,343,0,0,2021-01-24,85924.80902994488
15-24,North_East,343,0,0,2021-01-24,651992.4381739232
25-44,North_East,343,0,0,2021-01-24,704258.8250092543
45-64,North_East,343,0,0,2021-01-24,309635.1507841224
65-74,North_East,343,0,0,2021-01-24,294607.96177997784
75+,North_East,343,0,0,2021-01-24,225119.51265905632
1-4,North_East,344,0,0,2021-01-25,303653.095257706
5-14,North_East,344,0,0,2021-01-25,85924.80902994488
15-24,North_East,344,0,0,2021-01-25,651992.4381739232
25-44,North_East,344,0,0,2021-01-25,704258.8250092543
45-64,North_East,344,0,0,2021-01-25,309635.1507841224
65-74,North_East,344,0,0,2021-01-25,294607.96177997784
75+,North_East,344,0,0,2021-01-25,225119.51265905632
1-4,North_East,345,0,0,2021-01-26,303653.095257706
5-14,North_East,345,0,0,2021-01-26,85924.80902994488
15-24,North_East,345,0,0,2021-01-26,651992.4381739232
25-44,North_East,345,0,0,2021-01-26,704258.8250092543
45-64,North_East,345,0,0,2021-01-26,309635.1507841224
65-74,North_East,345,0,0,2021-01-26,294607.96177997784
75+,North_East,345,0,0,2021-01-26,225119.51265905632
1-4,North_East,346,0,0,2021-01-27,303653.095257706
5-14,North_East,346,0,0,2021-01-27,85924.80902994488
15-24,North_East,346,0,0,2021-01-27,651992.4381739232
25-44,North_East,346,0,0,2021-01-27,704258.8250092543
45-64,North_East,346,0,0,2021-01-27,309635.1507841224
65-74,North_East,346,0,0,2021-01-27,294607.96177997784
75+,North_East,346,0,0,2021-01-27,225119.51265905632
1-4,North_East,347,0,0,2021-01-28,303653.095257706
5-14,North_East,347,0,0,2021-01-28,85924.80902994488
15-24,North_East,347,0,0,2021-01-28,651992.4381739232
25-44,North_East,347,0,0,2021-01-28,704258.8250092543
45-64,North_East,347,0,0,2021-01-28,309635.1507841224
65-74,North_East,347,0,0,2021-01-28,294607.96177997784
75+,North_East,347,0,0,2021-01-28,225119.51265905632
1-4,North_East,348,0,0,2021-01-29,303653.095257706
5-14,North_East,348,0,0,2021-01-29,85924.80902994488
15-24,North_East,348,0,0,2021-01-29,651992.4381739232
25-44,North_East,348,0,0,2021-01-29,704258.8250092543
45-64,North_East,348,0,0,2021-01-29,309635.1507841224
65-74,North_East,348,0,0,2021-01-29,294607.96177997784
75+,North_East,348,0,0,2021-01-29,225119.51265905632
1-4,North_East,349,0,0,2021-01-30,303653.095257706
5-14,North_East,349,0,0,2021-01-30,85924.80902994488
15-24,North_East,349,0,0,2021-01-30,651992.4381739232
25-44,North_East,349,0,0,2021-01-30,704258.8250092543
45-64,North_East,349,0,0,2021-01-30,309635.1507841224
65-74,North_East,349,0,0,2021-01-30,294607.96177997784
75+,North_East,349,0,0,2021-01-30,225119.51265905632
1-4,North_East,350,0,0,2021-01-31,303653.095257706
5-14,North_East,350,0,0,2021-01-31,85924.80902994488
15-24,North_East,350,0,0,2021-01-31,651992.4381739232
25-44,North_East,350,0,0,2021-01-31,704258.8250092543
45-64,North_East,350,0,0,2021-01-31,309635.1507841224
65-74,North_East,350,0,0,2021-01-31,294607.96177997784
75+,North_East,350,0,0,2021-01-31,225119.51265905632
1-4,North_East,351,0,0,2021-02-01,303653.095257706
5-14,North_East,351,0,0,2021-02-01,85924.80902994488
15-24,North_East,351,0,0,2021-02-01,651992.4381739232
25-44,North_East,351,0,0,2021-02-01,704258.8250092543
45-64,North_East,351,0,0,2021-02-01,309635.1507841224
65-74,North_East,351,0,0,2021-02-01,294607.96177997784
75+,North_East,351,0,0,2021-02-01,225119.51265905632
1-4,North_East,352,0,0,2021-02-02,303653.095257706
5-14,North_East,352,0,0,2021-02-02,85924.80902994488
15-24,North_East,352,0,0,2021-02-02,651992.4381739232
25-44,North_East,352,0,0,2021-02-02,704258.8250092543
45-64,North_East,352,0,0,2021-02-02,309635.1507841224
65-74,North_East,352,0,0,2021-02-02,294607.96177997784
75+,North_East,352,0,0,2021-02-02,225119.51265905632
1-4,North_East,353,0,0,2021-02-03,303653.095257706
5-14,North_East,353,7.00341136356698,0.5018846504965584,2021-02-03,85924.80902994488
15-24,North_East,353,9.454324196005327,0.39787108886571376,2021-02-03,651992.4381739232
25-44,North_East,353,8.961916174429923,0.3957297141832137,2021-02-03,704258.8250092543
45-64,North_East,353,8.014866024919124,0.4257586882445608,2021-02-03,309635.1507841224
65-74,North_East,353,7.851769228964561,0.18705210262841318,2021-02-03,294607.96177997784
75+,North_East,353,7.604748350591465,0.23851567649743055,2021-02-03,225119.51265905632
1-4,North_East,354,0,0,2021-02-04,303653.095257706
5-14,North_East,354,0,0,2021-02-04,85924.80902994488
15-24,North_East,354,0,0,2021-02-04,651992.4381739232
25-44,North_East,354,0,0,2021-02-04,704258.8250092543
45-64,North_East,354,0,0,2021-02-04,309635.1507841224
65-74,North_East,354,0,0,2021-02-04,294607.96177997784
75+,North_East,354,0,0,2021-02-04,225119.51265905632
1-4,North_East,355,0,0,2021-02-05,303653.095257706
5-14,North_East,355,0,0,2021-02-05,85924.80902994488
15-24,North_East,355,0,0,2021-02-05,651992.4381739232
25-44,North_East,355,0,0,2021-02-05,704258.8250092543
45-64,North_East,355,0,0,2021-02-05,309635.1507841224
65-74,North_East,355,0,0,2021-02-05,294607.96177997784
75+,North_East,355,0,0,2021-02-05,225119.51265905632
1-4,North_East,356,0,0,2021-02-06,303653.095257706
5-14,North_East,356,0,0,2021-02-06,85924.80902994488
15-24,North_East,356,0,0,2021-02-06,651992.4381739232
25-44,North_East,356,0,0,2021-02-06,704258.8250092543
45-64,North_East,356,0,0,2021-02-06,309635.1507841224
65-74,North_East,356,0,0,2021-02-06,294607.96177997784
75+,North_East,356,0,0,2021-02-06,225119.51265905632
1-4,North_East,357,0,0,2021-02-07,303653.095257706
5-14,North_East,357,0,0,2021-02-07,85924.80902994488
15-24,North_East,357,0,0,2021-02-07,651992.4381739232
25-44,North_East,357,0,0,2021-02-07,704258.8250092543
45-64,North_East,357,0,0,2021-02-07,309635.1507841224
65-74,North_East,357,0,0,2021-02-07,294607.96177997784
75+,North_East,357,0,0,2021-02-07,225119.51265905632
1-4,North_East,358,0,0,2021-02-08,303653.095257706
5-14,North_East,358,0,0,2021-02-08,85924.80902994488
15-24,North_East,358,0,0,2021-02-08,651992.4381739232
25-44,North_East,358,0,0,2021-02-08,704258.8250092543
45-64,North_East,358,0,0,2021-02-08,309635.1507841224
65-74,North_East,358,0,0,2021-02-08,294607.96177997784
75+,North_East,358,0,0,2021-02-08,225119.51265905632
1-4,North_East,359,0,0,2021-02-09,303653.095257706
5-14,North_East,359,0,0,2021-02-09,85924.80902994488
15-24,North_East,359,0,0,2021-02-09,651992.4381739232
25-44,North_East,359,0,0,2021-02-09,704258.8250092543
45-64,North_East,359,0,0,2021-02-09,309635.1507841224
65-74,North_East,359,0,0,2021-02-09,294607.96177997784
75+,North_East,359,0,0,2021-02-09,225119.51265905632
1-4,North_East,360,0,0,2021-02-10,303653.095257706
5-14,North_East,360,0,0,2021-02-10,85924.80902994488
15-24,North_East,360,0,0,2021-02-10,651992.4381739232
25-44,North_East,360,0,0,2021-02-10,704258.8250092543
45-64,North_East,360,0,0,2021-02-10,309635.1507841224
65-74,North_East,360,0,0,2021-02-10,294607.96177997784
75+,North_East,360,0,0,2021-02-10,225119.51265905632
1-4,North_East,361,0,0,2021-02-11,303653.095257706
5-14,North_East,361,0,0,2021-02-11,85924.80902994488
15-24,North_East,361,0,0,2021-02-11,651992.4381739232
25-44,North_East,361,0,0,2021-02-11,704258.8250092543
45-64,North_East,361,0,0,2021-02-11,309635.1507841224
65-74,North_East,361,0,0,2021-02-11,294607.96177997784
75+,North_East,361,0,0,2021-02-11,225119.51265905632
1-4,North_East,362,0,0,2021-02-12,303653.095257706
5-14,North_East,362,0,0,2021-02-12,85924.80902994488
15-24,North_East,362,0,0,2021-02-12,651992.4381739232
25-44,North_East,362,0,0,2021-02-12,704258.8250092543
45-64,North_East,362,0,0,2021-02-12,309635.1507841224
65-74,North_East,362,0,0,2021-02-12,294607.96177997784
75+,North_East,362,0,0,2021-02-12,225119.51265905632
1-4,North_East,363,0,0,2021-02-13,303653.095257706
5-14,North_East,363,0,0,2021-02-13,85924.80902994488
15-24,North_East,363,0,0,2021-02-13,651992.4381739232
25-44,North_East,363,0,0,2021-02-13,704258.8250092543
45-64,North_East,363,0,0,2021-02-13,309635.1507841224
65-74,North_East,363,0,0,2021-02-13,294607.96177997784
75+,North_East,363,0,0,2021-02-13,225119.51265905632
1-4,North_East,364,0,0,2021-02-14,303653.095257706
5-14,North_East,364,0,0,2021-02-14,85924.80902994488
15-24,North_East,364,0,0,2021-02-14,651992.4381739232
25-44,North_East,364,0,0,2021-02-14,704258.8250092543
45-64,North_East,364,0,0,2021-02-14,309635.1507841224
65-74,North_East,364,0,0,2021-02-14,294607.96177997784
75+,North_East,364,0,0,2021-02-14,225119.51265905632
1-4,North_East,365,0,0,2021-02-15,303653.095257706
5-14,North_East,365,0,0,2021-02-15,85924.80902994488
15-24,North_East,365,0,0,2021-02-15,651992.4381739232
25-44,North_East,365,0,0,2021-02-15,704258.8250092543
45-64,North_East,365,0,0,2021-02-15,309635.1507841224
65-74,North_East,365,0,0,2021-02-15,294607.96177997784
75+,North_East,365,0,0,2021-02-15,225119.51265905632
1-4,North_East,366,0,0,2021-02-16,303653.095257706
5-14,North_East,366,0,0,2021-02-16,85924.80902994488
15-24,North_East,366,0,0,2021-02-16,651992.4381739232
25-44,North_East,366,0,0,2021-02-16,704258.8250092543
45-64,North_East,366,0,0,2021-02-16,309635.1507841224
65-74,North_East,366,0,0,2021-02-16,294607.96177997784
75+,North_East,366,0,0,2021-02-16,225119.51265905632
1-4,North_East,367,0,0,2021-02-17,303653.095257706
5-14,North_East,367,6.844301286434051,0.5189069632989457,2021-02-17,85924.80902994488
15-24,North_East,367,9.024777485541254,0.40678601259784847,2021-02-17,651992.4381739232
25-44,North_East,367,8.580477166123128,0.40424366788761407,2021-02-17,704258.8250092543
45-64,North_East,367,7.820444867881421,0.43663328436814025,2021-02-17,309635.1507841224
65-74,North_East,367,7.328982599706067,0.2261974587133698,2021-02-17,294607.96177997784
75+,North_East,367,7.383746276922356,0.2598203190424057,2021-02-17,225119.51265905632
1-4,North_East,368,0,0,2021-02-18,303653.095257706
5-14,North_East,368,0,0,2021-02-18,85924.80902994488
15-24,North_East,368,0,0,2021-02-18,651992.4381739232
25-44,North_East,368,0,0,2021-02-18,704258.8250092543
45-64,North_East,368,0,0,2021-02-18,309635.1507841224
65-74,North_East,368,0,0,2021-02-18,294607.96177997784
75+,North_East,368,0,0,2021-02-18,225119.51265905632
1-4,North_East,369,0,0,2021-02-19,303653.095257706
5-14,North_East,369,0,0,2021-02-19,85924.80902994488
15-24,North_East,369,0,0,2021-02-19,651992.4381739232
25-44,North_East,369,0,0,2021-02-19,704258.8250092543
45-64,North_East,369,0,0,2021-02-19,309635.1507841224
65-74,North_East,369,0,0,2021-02-19,294607.96177997784
75+,North_East,369,0,0,2021-02-19,225119.51265905632
1-4,North_East,370,0,0,2021-02-20,303653.095257706
5-14,North_East,370,0,0,2021-02-20,85924.80902994488
15-24,North_East,370,0,0,2021-02-20,651992.4381739232
25-44,North_East,370,0,0,2021-02-20,704258.8250092543
45-64,North_East,370,0,0,2021-02-20,309635.1507841224
65-74,North_East,370,0,0,2021-02-20,294607.96177997784
75+,North_East,370,0,0,2021-02-20,225119.51265905632
1-4,North_East,371,0,0,2021-02-21,303653.095257706
5-14,North_East,371,0,0,2021-02-21,85924.80902994488
15-24,North_East,371,0,0,2021-02-21,651992.4381739232
25-44,North_East,371,0,0,2021-02-21,704258.8250092543
45-64,North_East,371,0,0,2021-02-21,309635.1507841224
65-74,North_East,371,0,0,2021-02-21,294607.96177997784
75+,North_East,371,0,0,2021-02-21,225119.51265905632
1-4,North_East,372,0,0,2021-02-22,303653.095257706
5-14,North_East,372,0,0,2021-02-22,85924.80902994488
15-24,North_East,372,0,0,2021-02-22,651992.4381739232
25-44,North_East,372,0,0,2021-02-22,704258.8250092543
45-64,North_East,372,0,0,2021-02-22,309635.1507841224
65-74,North_East,372,0,0,2021-02-22,294607.96177997784
75+,North_East,372,0,0,2021-02-22,225119.51265905632
1-4,North_East,373,0,0,2021-02-23,303653.095257706
5-14,North_East,373,0,0,2021-02-23,85924.80902994488
15-24,North_East,373,0,0,2021-02-23,651992.4381739232
25-44,North_East,373,0,0,2021-02-23,704258.8250092543
45-64,North_East,373,0,0,2021-02-23,309635.1507841224
65-74,North_East,373,0,0,2021-02-23,294607.96177997784
75+,North_East,373,0,0,2021-02-23,225119.51265905632
1-4,North_East,374,0,0,2021-02-24,303653.095257706
5-14,North_East,374,0,0,2021-02-24,85924.80902994488
15-24,North_East,374,0,0,2021-02-24,651992.4381739232
25-44,North_East,374,0,0,2021-02-24,704258.8250092543
45-64,North_East,374,0,0,2021-02-24,309635.1507841224
65-74,North_East,374,0,0,2021-02-24,294607.96177997784
75+,North_East,374,0,0,2021-02-24,225119.51265905632
1-4,North_East,375,0,0,2021-02-25,303653.095257706
5-14,North_East,375,0,0,2021-02-25,85924.80902994488
15-24,North_East,375,0,0,2021-02-25,651992.4381739232
25-44,North_East,375,0,0,2021-02-25,704258.8250092543
45-64,North_East,375,0,0,2021-02-25,309635.1507841224
65-74,North_East,375,0,0,2021-02-25,294607.96177997784
75+,North_East,375,0,0,2021-02-25,225119.51265905632
1-4,North_East,376,0,0,2021-02-26,303653.095257706
5-14,North_East,376,0,0,2021-02-26,85924.80902994488
15-24,North_East,376,0,0,2021-02-26,651992.4381739232
25-44,North_East,376,0,0,2021-02-26,704258.8250092543
45-64,North_East,376,0,0,2021-02-26,309635.1507841224
65-74,North_East,376,0,0,2021-02-26,294607.96177997784
75+,North_East,376,0,0,2021-02-26,225119.51265905632
1-4,North_East,377,0,0,2021-02-27,303653.095257706
5-14,North_East,377,0,0,2021-02-27,85924.80902994488
15-24,North_East,377,0,0,2021-02-27,651992.4381739232
25-44,North_East,377,0,0,2021-02-27,704258.8250092543
45-64,North_East,377,0,0,2021-02-27,309635.1507841224
65-74,North_East,377,0,0,2021-02-27,294607.96177997784
75+,North_East,377,0,0,2021-02-27,225119.51265905632
1-4,North_East,378,0,0,2021-02-28,303653.095257706
5-14,North_East,378,0,0,2021-02-28,85924.80902994488
15-24,North_East,378,0,0,2021-02-28,651992.4381739232
25-44,North_East,378,0,0,2021-02-28,704258.8250092543
45-64,North_East,378,0,0,2021-02-28,309635.1507841224
65-74,North_East,378,0,0,2021-02-28,294607.96177997784
75+,North_East,378,0,0,2021-02-28,225119.51265905632
1-4,North_East,379,0,0,2021-03-01,303653.095257706
5-14,North_East,379,0,0,2021-03-01,85924.80902994488
15-24,North_East,379,0,0,2021-03-01,651992.4381739232
25-44,North_East,379,0,0,2021-03-01,704258.8250092543
45-64,North_East,379,0,0,2021-03-01,309635.1507841224
65-74,North_East,379,0,0,2021-03-01,294607.96177997784
75+,North_East,379,0,0,2021-03-01,225119.51265905632
1-4,North_East,380,0,0,2021-03-02,303653.095257706
5-14,North_East,380,0,0,2021-03-02,85924.80902994488
15-24,North_East,380,0,0,2021-03-02,651992.4381739232
25-44,North_East,380,0,0,2021-03-02,704258.8250092543
45-64,North_East,380,0,0,2021-03-02,309635.1507841224
65-74,North_East,380,0,0,2021-03-02,294607.96177997784
75+,North_East,380,0,0,2021-03-02,225119.51265905632
1-4,North_East,381,0,0,2021-03-03,303653.095257706
5-14,North_East,381,6.714751080191139,0.5485342666691909,2021-03-03,85924.80902994488
15-24,North_East,381,8.680578352528125,0.4198160896310105,2021-03-03,651992.4381739232
25-44,North_East,381,8.264737743691862,0.4165314136004504,2021-03-03,704258.8250092543
45-64,North_East,381,7.8091168701305715,0.4409377024580005,2021-03-03,309635.1507841224
65-74,North_East,381,6.861951141125191,0.27735849074126095,2021-03-03,294607.96177997784
75+,North_East,381,7.144554850682931,0.2929414762862024,2021-03-03,225119.51265905632
1-4,North_East,382,0,0,2021-03-04,303653.095257706
5-14,North_East,382,0,0,2021-03-04,85924.80902994488
15-24,North_East,382,0,0,2021-03-04,651992.4381739232
25-44,North_East,382,0,0,2021-03-04,704258.8250092543
45-64,North_East,382,0,0,2021-03-04,309635.1507841224
65-74,North_East,382,0,0,2021-03-04,294607.96177997784
75+,North_East,382,0,0,2021-03-04,225119.51265905632
1-4,North_East,383,0,0,2021-03-05,303653.095257706
5-14,North_East,383,0,0,2021-03-05,85924.80902994488
15-24,North_East,383,0,0,2021-03-05,651992.4381739232
25-44,North_East,383,0,0,2021-03-05,704258.8250092543
45-64,North_East,383,0,0,2021-03-05,309635.1507841224
65-74,North_East,383,0,0,2021-03-05,294607.96177997784
75+,North_East,383,0,0,2021-03-05,225119.51265905632
1-4,North_East,384,0,0,2021-03-06,303653.095257706
5-14,North_East,384,0,0,2021-03-06,85924.80902994488
15-24,North_East,384,0,0,2021-03-06,651992.4381739232
25-44,North_East,384,0,0,2021-03-06,704258.8250092543
45-64,North_East,384,0,0,2021-03-06,309635.1507841224
65-74,North_East,384,0,0,2021-03-06,294607.96177997784
75+,North_East,384,0,0,2021-03-06,225119.51265905632
1-4,North_East,385,0,0,2021-03-07,303653.095257706
5-14,North_East,385,0,0,2021-03-07,85924.80902994488
15-24,North_East,385,0,0,2021-03-07,651992.4381739232
25-44,North_East,385,0,0,2021-03-07,704258.8250092543
45-64,North_East,385,0,0,2021-03-07,309635.1507841224
65-74,North_East,385,0,0,2021-03-07,294607.96177997784
75+,North_East,385,0,0,2021-03-07,225119.51265905632
1-4,North_East,386,0,0,2021-03-08,303653.095257706
5-14,North_East,386,0,0,2021-03-08,85924.80902994488
15-24,North_East,386,0,0,2021-03-08,651992.4381739232
25-44,North_East,386,0,0,2021-03-08,704258.8250092543
45-64,North_East,386,0,0,2021-03-08,309635.1507841224
65-74,North_East,386,0,0,2021-03-08,294607.96177997784
75+,North_East,386,0,0,2021-03-08,225119.51265905632
1-4,North_East,387,0,0,2021-03-09,303653.095257706
5-14,North_East,387,0,0,2021-03-09,85924.80902994488
15-24,North_East,387,0,0,2021-03-09,651992.4381739232
25-44,North_East,387,0,0,2021-03-09,704258.8250092543
45-64,North_East,387,0,0,2021-03-09,309635.1507841224
65-74,North_East,387,0,0,2021-03-09,294607.96177997784
75+,North_East,387,0,0,2021-03-09,225119.51265905632
1-4,North_East,388,0,0,2021-03-10,303653.095257706
5-14,North_East,388,0,0,2021-03-10,85924.80902994488
15-24,North_East,388,0,0,2021-03-10,651992.4381739232
25-44,North_East,388,0,0,2021-03-10,704258.8250092543
45-64,North_East,388,0,0,2021-03-10,309635.1507841224
65-74,North_East,388,0,0,2021-03-10,294607.96177997784
75+,North_East,388,0,0,2021-03-10,225119.51265905632
1-4,North_East,389,0,0,2021-03-11,303653.095257706
5-14,North_East,389,0,0,2021-03-11,85924.80902994488
15-24,North_East,389,0,0,2021-03-11,651992.4381739232
25-44,North_East,389,0,0,2021-03-11,704258.8250092543
45-64,North_East,389,0,0,2021-03-11,309635.1507841224
65-74,North_East,389,0,0,2021-03-11,294607.96177997784
75+,North_East,389,0,0,2021-03-11,225119.51265905632
1-4,North_East,390,0,0,2021-03-12,303653.095257706
5-14,North_East,390,0,0,2021-03-12,85924.80902994488
15-24,North_East,390,0,0,2021-03-12,651992.4381739232
25-44,North_East,390,0,0,2021-03-12,704258.8250092543
45-64,North_East,390,0,0,2021-03-12,309635.1507841224
65-74,North_East,390,0,0,2021-03-12,294607.96177997784
75+,North_East,390,0,0,2021-03-12,225119.51265905632
1-4,North_East,391,0,0,2021-03-13,303653.095257706
5-14,North_East,391,0,0,2021-03-13,85924.80902994488
15-24,North_East,391,0,0,2021-03-13,651992.4381739232
25-44,North_East,391,0,0,2021-03-13,704258.8250092543
45-64,North_East,391,0,0,2021-03-13,309635.1507841224
65-74,North_East,391,0,0,2021-03-13,294607.96177997784
75+,North_East,391,0,0,2021-03-13,225119.51265905632
1-4,North_East,392,0,0,2021-03-14,303653.095257706
5-14,North_East,392,0,0,2021-03-14,85924.80902994488
15-24,North_East,392,0,0,2021-03-14,651992.4381739232
25-44,North_East,392,0,0,2021-03-14,704258.8250092543
45-64,North_East,392,0,0,2021-03-14,309635.1507841224
65-74,North_East,392,0,0,2021-03-14,294607.96177997784
75+,North_East,392,0,0,2021-03-14,225119.51265905632
1-4,North_East,393,0,0,2021-03-15,303653.095257706
5-14,North_East,393,0,0,2021-03-15,85924.80902994488
15-24,North_East,393,0,0,2021-03-15,651992.4381739232
25-44,North_East,393,0,0,2021-03-15,704258.8250092543
45-64,North_East,393,0,0,2021-03-15,309635.1507841224
65-74,North_East,393,0,0,2021-03-15,294607.96177997784
75+,North_East,393,0,0,2021-03-15,225119.51265905632
1-4,North_East,394,0,0,2021-03-16,303653.095257706
5-14,North_East,394,0,0,2021-03-16,85924.80902994488
15-24,North_East,394,0,0,2021-03-16,651992.4381739232
25-44,North_East,394,0,0,2021-03-16,704258.8250092543
45-64,North_East,394,0,0,2021-03-16,309635.1507841224
65-74,North_East,394,0,0,2021-03-16,294607.96177997784
75+,North_East,394,0,0,2021-03-16,225119.51265905632
1-4,North_East,395,0,0,2021-03-17,303653.095257706
5-14,North_East,395,6.755595493752318,0.707153445297931,2021-03-17,85924.80902994488
15-24,North_East,395,8.621604408418179,0.48918520832651635,2021-03-17,651992.4381739232
25-44,North_East,395,8.275897274713543,0.47204783054810334,2021-03-17,704258.8250092543
45-64,North_East,395,8.123358934443457,0.48659216867271604,2021-03-17,309635.1507841224
65-74,North_East,395,6.557342580576441,0.45527865594077843,2021-03-17,294607.96177997784
75+,North_East,395,7.049749663848314,0.46591439981291766,2021-03-17,225119.51265905632
1-4,London,75,0,0,2020-05-01,1000070.0276864816
5-14,London,75,0,0,2020-05-01,360209.140770098
15-24,London,75,0,0,2020-05-01,3042422.7340281857
25-44,London,75,0,0,2020-05-01,2078712.0236158592
45-64,London,75,0,0,2020-05-01,1157938.429131154
65-74,London,75,0,0,2020-05-01,596507.1213567124
75+,London,75,0,0,2020-05-01,478575.8589277207
1-4,London,76,0,0,2020-05-02,1000070.0276864816
5-14,London,76,0,0,2020-05-02,360209.140770098
15-24,London,76,0,0,2020-05-02,3042422.7340281857
25-44,London,76,0,0,2020-05-02,2078712.0236158592
45-64,London,76,0,0,2020-05-02,1157938.429131154
65-74,London,76,0,0,2020-05-02,596507.1213567124
75+,London,76,0,0,2020-05-02,478575.8589277207
1-4,London,77,0,0,2020-05-03,1000070.0276864816
5-14,London,77,0,0,2020-05-03,360209.140770098
15-24,London,77,0,0,2020-05-03,3042422.7340281857
25-44,London,77,0,0,2020-05-03,2078712.0236158592
45-64,London,77,0,0,2020-05-03,1157938.429131154
65-74,London,77,0,0,2020-05-03,596507.1213567124
75+,London,77,0,0,2020-05-03,478575.8589277207
1-4,London,78,0,0,2020-05-04,1000070.0276864816
5-14,London,78,0,0,2020-05-04,360209.140770098
15-24,London,78,0,0,2020-05-04,3042422.7340281857
25-44,London,78,0,0,2020-05-04,2078712.0236158592
45-64,London,78,0,0,2020-05-04,1157938.429131154
65-74,London,78,0,0,2020-05-04,596507.1213567124
75+,London,78,0,0,2020-05-04,478575.8589277207
1-4,London,79,0,0,2020-05-05,1000070.0276864816
5-14,London,79,0,0,2020-05-05,360209.140770098
15-24,London,79,0,0,2020-05-05,3042422.7340281857
25-44,London,79,0,0,2020-05-05,2078712.0236158592
45-64,London,79,0,0,2020-05-05,1157938.429131154
65-74,London,79,0,0,2020-05-05,596507.1213567124
75+,London,79,0,0,2020-05-05,478575.8589277207
1-4,London,80,0,0,2020-05-06,1000070.0276864816
5-14,London,80,0,0,2020-05-06,360209.140770098
15-24,London,80,0,0,2020-05-06,3042422.7340281857
25-44,London,80,0,0,2020-05-06,2078712.0236158592
45-64,London,80,0,0,2020-05-06,1157938.429131154
65-74,London,80,0,0,2020-05-06,596507.1213567124
75+,London,80,0,0,2020-05-06,478575.8589277207
1-4,London,81,0,0,2020-05-07,1000070.0276864816
5-14,London,81,0,0,2020-05-07,360209.140770098
15-24,London,81,0,0,2020-05-07,3042422.7340281857
25-44,London,81,0,0,2020-05-07,2078712.0236158592
45-64,London,81,0,0,2020-05-07,1157938.429131154
65-74,London,81,0,0,2020-05-07,596507.1213567124
75+,London,81,0,0,2020-05-07,478575.8589277207
1-4,London,82,0,0,2020-05-08,1000070.0276864816
5-14,London,82,0,0,2020-05-08,360209.140770098
15-24,London,82,0,0,2020-05-08,3042422.7340281857
25-44,London,82,0,0,2020-05-08,2078712.0236158592
45-64,London,82,0,0,2020-05-08,1157938.429131154
65-74,London,82,0,0,2020-05-08,596507.1213567124
75+,London,82,0,0,2020-05-08,478575.8589277207
1-4,London,83,0,0,2020-05-09,1000070.0276864816
5-14,London,83,0,0,2020-05-09,360209.140770098
15-24,London,83,0,0,2020-05-09,3042422.7340281857
25-44,London,83,0,0,2020-05-09,2078712.0236158592
45-64,London,83,0,0,2020-05-09,1157938.429131154
65-74,London,83,0,0,2020-05-09,596507.1213567124
75+,London,83,0,0,2020-05-09,478575.8589277207
1-4,London,84,0,0,2020-05-10,1000070.0276864816
5-14,London,84,0,0,2020-05-10,360209.140770098
15-24,London,84,0,0,2020-05-10,3042422.7340281857
25-44,London,84,0,0,2020-05-10,2078712.0236158592
45-64,London,84,0,0,2020-05-10,1157938.429131154
65-74,London,84,0,0,2020-05-10,596507.1213567124
75+,London,84,0,0,2020-05-10,478575.8589277207
1-4,London,85,0,0,2020-05-11,1000070.0276864816
5-14,London,85,0,0,2020-05-11,360209.140770098
15-24,London,85,0,0,2020-05-11,3042422.7340281857
25-44,London,85,0,0,2020-05-11,2078712.0236158592
45-64,London,85,0,0,2020-05-11,1157938.429131154
65-74,London,85,0,0,2020-05-11,596507.1213567124
75+,London,85,0,0,2020-05-11,478575.8589277207
1-4,London,86,0,0,2020-05-12,1000070.0276864816
5-14,London,86,0,0,2020-05-12,360209.140770098
15-24,London,86,0,0,2020-05-12,3042422.7340281857
25-44,London,86,0,0,2020-05-12,2078712.0236158592
45-64,London,86,0,0,2020-05-12,1157938.429131154
65-74,London,86,0,0,2020-05-12,596507.1213567124
75+,London,86,0,0,2020-05-12,478575.8589277207
1-4,London,87,0,0,2020-05-13,1000070.0276864816
5-14,London,87,8.558911335475022,0.6357160725090434,2020-05-13,360209.140770098
15-24,London,87,9.908657131537963,0.5047360643277272,2020-05-13,3042422.7340281857
25-44,London,87,9.094174280104102,0.5051804507026051,2020-05-13,2078712.0236158592
45-64,London,87,8.71061326585601,0.5785008863749219,2020-05-13,1157938.429131154
65-74,London,87,8.276402771015697,0.39133081764657224,2020-05-13,596507.1213567124
75+,London,87,8.769913483221318,0.505963540403118,2020-05-13,478575.8589277207
1-4,London,88,0,0,2020-05-14,1000070.0276864816
5-14,London,88,0,0,2020-05-14,360209.140770098
15-24,London,88,0,0,2020-05-14,3042422.7340281857
25-44,London,88,0,0,2020-05-14,2078712.0236158592
45-64,London,88,0,0,2020-05-14,1157938.429131154
65-74,London,88,0,0,2020-05-14,596507.1213567124
75+,London,88,0,0,2020-05-14,478575.8589277207
1-4,London,89,0,0,2020-05-15,1000070.0276864816
5-14,London,89,0,0,2020-05-15,360209.140770098
15-24,London,89,0,0,2020-05-15,3042422.7340281857
25-44,London,89,0,0,2020-05-15,2078712.0236158592
45-64,London,89,0,0,2020-05-15,1157938.429131154
65-74,London,89,0,0,2020-05-15,596507.1213567124
75+,London,89,0,0,2020-05-15,478575.8589277207
1-4,London,90,0,0,2020-05-16,1000070.0276864816
5-14,London,90,0,0,2020-05-16,360209.140770098
15-24,London,90,0,0,2020-05-16,3042422.7340281857
25-44,London,90,0,0,2020-05-16,2078712.0236158592
45-64,London,90,0,0,2020-05-16,1157938.429131154
65-74,London,90,0,0,2020-05-16,596507.1213567124
75+,London,90,0,0,2020-05-16,478575.8589277207
1-4,London,91,0,0,2020-05-17,1000070.0276864816
5-14,London,91,0,0,2020-05-17,360209.140770098
15-24,London,91,0,0,2020-05-17,3042422.7340281857
25-44,London,91,0,0,2020-05-17,2078712.0236158592
45-64,London,91,0,0,2020-05-17,1157938.429131154
65-74,London,91,0,0,2020-05-17,596507.1213567124
75+,London,91,0,0,2020-05-17,478575.8589277207
1-4,London,92,0,0,2020-05-18,1000070.0276864816
5-14,London,92,0,0,2020-05-18,360209.140770098
15-24,London,92,0,0,2020-05-18,3042422.7340281857
25-44,London,92,0,0,2020-05-18,2078712.0236158592
45-64,London,92,0,0,2020-05-18,1157938.429131154
65-74,London,92,0,0,2020-05-18,596507.1213567124
75+,London,92,0,0,2020-05-18,478575.8589277207
1-4,London,93,0,0,2020-05-19,1000070.0276864816
5-14,London,93,0,0,2020-05-19,360209.140770098
15-24,London,93,0,0,2020-05-19,3042422.7340281857
25-44,London,93,0,0,2020-05-19,2078712.0236158592
45-64,London,93,0,0,2020-05-19,1157938.429131154
65-74,London,93,0,0,2020-05-19,596507.1213567124
75+,London,93,0,0,2020-05-19,478575.8589277207
1-4,London,94,0,0,2020-05-20,1000070.0276864816
5-14,London,94,0,0,2020-05-20,360209.140770098
15-24,London,94,0,0,2020-05-20,3042422.7340281857
25-44,London,94,0,0,2020-05-20,2078712.0236158592
45-64,London,94,0,0,2020-05-20,1157938.429131154
65-74,London,94,0,0,2020-05-20,596507.1213567124
75+,London,94,0,0,2020-05-20,478575.8589277207
1-4,London,95,0,0,2020-05-21,1000070.0276864816
5-14,London,95,0,0,2020-05-21,360209.140770098
15-24,London,95,0,0,2020-05-21,3042422.7340281857
25-44,London,95,0,0,2020-05-21,2078712.0236158592
45-64,London,95,0,0,2020-05-21,1157938.429131154
65-74,London,95,0,0,2020-05-21,596507.1213567124
75+,London,95,0,0,2020-05-21,478575.8589277207
1-4,London,96,0,0,2020-05-22,1000070.0276864816
5-14,London,96,0,0,2020-05-22,360209.140770098
15-24,London,96,0,0,2020-05-22,3042422.7340281857
25-44,London,96,0,0,2020-05-22,2078712.0236158592
45-64,London,96,0,0,2020-05-22,1157938.429131154
65-74,London,96,0,0,2020-05-22,596507.1213567124
75+,London,96,0,0,2020-05-22,478575.8589277207
1-4,London,97,0,0,2020-05-23,1000070.0276864816
5-14,London,97,0,0,2020-05-23,360209.140770098
15-24,London,97,0,0,2020-05-23,3042422.7340281857
25-44,London,97,0,0,2020-05-23,2078712.0236158592
45-64,London,97,0,0,2020-05-23,1157938.429131154
65-74,London,97,0,0,2020-05-23,596507.1213567124
75+,London,97,0,0,2020-05-23,478575.8589277207
1-4,London,98,0,0,2020-05-24,1000070.0276864816
5-14,London,98,0,0,2020-05-24,360209.140770098
15-24,London,98,0,0,2020-05-24,3042422.7340281857
25-44,London,98,0,0,2020-05-24,2078712.0236158592
45-64,London,98,0,0,2020-05-24,1157938.429131154
65-74,London,98,0,0,2020-05-24,596507.1213567124
75+,London,98,0,0,2020-05-24,478575.8589277207
1-4,London,99,0,0,2020-05-25,1000070.0276864816
5-14,London,99,0,0,2020-05-25,360209.140770098
15-24,London,99,0,0,2020-05-25,3042422.7340281857
25-44,London,99,0,0,2020-05-25,2078712.0236158592
45-64,London,99,0,0,2020-05-25,1157938.429131154
65-74,London,99,0,0,2020-05-25,596507.1213567124
75+,London,99,0,0,2020-05-25,478575.8589277207
1-4,London,100,0,0,2020-05-26,1000070.0276864816
5-14,London,100,0,0,2020-05-26,360209.140770098
15-24,London,100,0,0,2020-05-26,3042422.7340281857
25-44,London,100,0,0,2020-05-26,2078712.0236158592
45-64,London,100,0,0,2020-05-26,1157938.429131154
65-74,London,100,0,0,2020-05-26,596507.1213567124
75+,London,100,0,0,2020-05-26,478575.8589277207
1-4,London,101,0,0,2020-05-27,1000070.0276864816
5-14,London,101,8.265448484470774,0.5466410832867599,2020-05-27,360209.140770098
15-24,London,101,9.48697962424366,0.4806669973047637,2020-05-27,3042422.7340281857
25-44,London,101,8.732233341711389,0.4812246216583769,2020-05-27,2078712.0236158592
45-64,London,101,8.380411684288955,0.5246100746197332,2020-05-27,1157938.429131154
65-74,London,101,7.81856872934844,0.370607791021966,2020-05-27,596507.1213567124
75+,London,101,8.368289451897308,0.4331856428806707,2020-05-27,478575.8589277207
1-4,London,102,0,0,2020-05-28,1000070.0276864816
5-14,London,102,0,0,2020-05-28,360209.140770098
15-24,London,102,0,0,2020-05-28,3042422.7340281857
25-44,London,102,0,0,2020-05-28,2078712.0236158592
45-64,London,102,0,0,2020-05-28,1157938.429131154
65-74,London,102,0,0,2020-05-28,596507.1213567124
75+,London,102,0,0,2020-05-28,478575.8589277207
1-4,London,103,0,0,2020-05-29,1000070.0276864816
5-14,London,103,0,0,2020-05-29,360209.140770098
15-24,London,103,0,0,2020-05-29,3042422.7340281857
25-44,London,103,0,0,2020-05-29,2078712.0236158592
45-64,London,103,0,0,2020-05-29,1157938.429131154
65-74,London,103,0,0,2020-05-29,596507.1213567124
75+,London,103,0,0,2020-05-29,478575.8589277207
1-4,London,104,0,0,2020-05-30,1000070.0276864816
5-14,London,104,0,0,2020-05-30,360209.140770098
15-24,London,104,0,0,2020-05-30,3042422.7340281857
25-44,London,104,0,0,2020-05-30,2078712.0236158592
45-64,London,104,0,0,2020-05-30,1157938.429131154
65-74,London,104,0,0,2020-05-30,596507.1213567124
75+,London,104,0,0,2020-05-30,478575.8589277207
1-4,London,105,0,0,2020-05-31,1000070.0276864816
5-14,London,105,0,0,2020-05-31,360209.140770098
15-24,London,105,0,0,2020-05-31,3042422.7340281857
25-44,London,105,0,0,2020-05-31,2078712.0236158592
45-64,London,105,0,0,2020-05-31,1157938.429131154
65-74,London,105,0,0,2020-05-31,596507.1213567124
75+,London,105,0,0,2020-05-31,478575.8589277207
1-4,London,106,0,0,2020-06-01,1000070.0276864816
5-14,London,106,0,0,2020-06-01,360209.140770098
15-24,London,106,0,0,2020-06-01,3042422.7340281857
25-44,London,106,0,0,2020-06-01,2078712.0236158592
45-64,London,106,0,0,2020-06-01,1157938.429131154
65-74,London,106,0,0,2020-06-01,596507.1213567124
75+,London,106,0,0,2020-06-01,478575.8589277207
1-4,London,107,0,0,2020-06-02,1000070.0276864816
5-14,London,107,0,0,2020-06-02,360209.140770098
15-24,London,107,0,0,2020-06-02,3042422.7340281857
25-44,London,107,0,0,2020-06-02,2078712.0236158592
45-64,London,107,0,0,2020-06-02,1157938.429131154
65-74,London,107,0,0,2020-06-02,596507.1213567124
75+,London,107,0,0,2020-06-02,478575.8589277207
1-4,London,108,0,0,2020-06-03,1000070.0276864816
5-14,London,108,0,0,2020-06-03,360209.140770098
15-24,London,108,0,0,2020-06-03,3042422.7340281857
25-44,London,108,0,0,2020-06-03,2078712.0236158592
45-64,London,108,0,0,2020-06-03,1157938.429131154
65-74,London,108,0,0,2020-06-03,596507.1213567124
75+,London,108,0,0,2020-06-03,478575.8589277207
1-4,London,109,0,0,2020-06-04,1000070.0276864816
5-14,London,109,0,0,2020-06-04,360209.140770098
15-24,London,109,0,0,2020-06-04,3042422.7340281857
25-44,London,109,0,0,2020-06-04,2078712.0236158592
45-64,London,109,0,0,2020-06-04,1157938.429131154
65-74,London,109,0,0,2020-06-04,596507.1213567124
75+,London,109,0,0,2020-06-04,478575.8589277207
1-4,London,110,0,0,2020-06-05,1000070.0276864816
5-14,London,110,0,0,2020-06-05,360209.140770098
15-24,London,110,0,0,2020-06-05,3042422.7340281857
25-44,London,110,0,0,2020-06-05,2078712.0236158592
45-64,London,110,0,0,2020-06-05,1157938.429131154
65-74,London,110,0,0,2020-06-05,596507.1213567124
75+,London,110,0,0,2020-06-05,478575.8589277207
1-4,London,111,0,0,2020-06-06,1000070.0276864816
5-14,London,111,0,0,2020-06-06,360209.140770098
15-24,London,111,0,0,2020-06-06,3042422.7340281857
25-44,London,111,0,0,2020-06-06,2078712.0236158592
45-64,London,111,0,0,2020-06-06,1157938.429131154
65-74,London,111,0,0,2020-06-06,596507.1213567124
75+,London,111,0,0,2020-06-06,478575.8589277207
1-4,London,112,0,0,2020-06-07,1000070.0276864816
5-14,London,112,0,0,2020-06-07,360209.140770098
15-24,London,112,0,0,2020-06-07,3042422.7340281857
25-44,London,112,0,0,2020-06-07,2078712.0236158592
45-64,London,112,0,0,2020-06-07,1157938.429131154
65-74,London,112,0,0,2020-06-07,596507.1213567124
75+,London,112,0,0,2020-06-07,478575.8589277207
1-4,London,113,0,0,2020-06-08,1000070.0276864816
5-14,London,113,0,0,2020-06-08,360209.140770098
15-24,London,113,0,0,2020-06-08,3042422.7340281857
25-44,London,113,0,0,2020-06-08,2078712.0236158592
45-64,London,113,0,0,2020-06-08,1157938.429131154
65-74,London,113,0,0,2020-06-08,596507.1213567124
75+,London,113,0,0,2020-06-08,478575.8589277207
1-4,London,114,0,0,2020-06-09,1000070.0276864816
5-14,London,114,0,0,2020-06-09,360209.140770098
15-24,London,114,0,0,2020-06-09,3042422.7340281857
25-44,London,114,0,0,2020-06-09,2078712.0236158592
45-64,London,114,0,0,2020-06-09,1157938.429131154
65-74,London,114,0,0,2020-06-09,596507.1213567124
75+,London,114,0,0,2020-06-09,478575.8589277207
1-4,London,115,0,0,2020-06-10,1000070.0276864816
5-14,London,115,8.31830853237071,0.5363897547607209,2020-06-10,360209.140770098
15-24,London,115,9.429346081804129,0.4836599779973396,2020-06-10,3042422.7340281857
25-44,London,115,8.782646802710168,0.47967647577428846,2020-06-10,2078712.0236158592
45-64,London,115,8.380769386741745,0.5161962070176485,2020-06-10,1157938.429131154
65-74,London,115,7.734043943782834,0.3695186343272002,2020-06-10,596507.1213567124
75+,London,115,8.262667759393707,0.41667738607067,2020-06-10,478575.8589277207
1-4,London,116,0,0,2020-06-11,1000070.0276864816
5-14,London,116,0,0,2020-06-11,360209.140770098
15-24,London,116,0,0,2020-06-11,3042422.7340281857
25-44,London,116,0,0,2020-06-11,2078712.0236158592
45-64,London,116,0,0,2020-06-11,1157938.429131154
65-74,London,116,0,0,2020-06-11,596507.1213567124
75+,London,116,0,0,2020-06-11,478575.8589277207
1-4,London,117,0,0,2020-06-12,1000070.0276864816
5-14,London,117,0,0,2020-06-12,360209.140770098
15-24,London,117,0,0,2020-06-12,3042422.7340281857
25-44,London,117,0,0,2020-06-12,2078712.0236158592
45-64,London,117,0,0,2020-06-12,1157938.429131154
65-74,London,117,0,0,2020-06-12,596507.1213567124
75+,London,117,0,0,2020-06-12,478575.8589277207
1-4,London,118,0,0,2020-06-13,1000070.0276864816
5-14,London,118,0,0,2020-06-13,360209.140770098
15-24,London,118,0,0,2020-06-13,3042422.7340281857
25-44,London,118,0,0,2020-06-13,2078712.0236158592
45-64,London,118,0,0,2020-06-13,1157938.429131154
65-74,London,118,0,0,2020-06-13,596507.1213567124
75+,London,118,0,0,2020-06-13,478575.8589277207
1-4,London,119,0,0,2020-06-14,1000070.0276864816
5-14,London,119,0,0,2020-06-14,360209.140770098
15-24,London,119,0,0,2020-06-14,3042422.7340281857
25-44,London,119,0,0,2020-06-14,2078712.0236158592
45-64,London,119,0,0,2020-06-14,1157938.429131154
65-74,London,119,0,0,2020-06-14,596507.1213567124
75+,London,119,0,0,2020-06-14,478575.8589277207
1-4,London,120,0,0,2020-06-15,1000070.0276864816
5-14,London,120,0,0,2020-06-15,360209.140770098
15-24,London,120,0,0,2020-06-15,3042422.7340281857
25-44,London,120,0,0,2020-06-15,2078712.0236158592
45-64,London,120,0,0,2020-06-15,1157938.429131154
65-74,London,120,0,0,2020-06-15,596507.1213567124
75+,London,120,0,0,2020-06-15,478575.8589277207
1-4,London,121,0,0,2020-06-16,1000070.0276864816
5-14,London,121,0,0,2020-06-16,360209.140770098
15-24,London,121,0,0,2020-06-16,3042422.7340281857
25-44,London,121,0,0,2020-06-16,2078712.0236158592
45-64,London,121,0,0,2020-06-16,1157938.429131154
65-74,London,121,0,0,2020-06-16,596507.1213567124
75+,London,121,0,0,2020-06-16,478575.8589277207
1-4,London,122,0,0,2020-06-17,1000070.0276864816
5-14,London,122,0,0,2020-06-17,360209.140770098
15-24,London,122,0,0,2020-06-17,3042422.7340281857
25-44,London,122,0,0,2020-06-17,2078712.0236158592
45-64,London,122,0,0,2020-06-17,1157938.429131154
65-74,London,122,0,0,2020-06-17,596507.1213567124
75+,London,122,0,0,2020-06-17,478575.8589277207
1-4,London,123,0,0,2020-06-18,1000070.0276864816
5-14,London,123,0,0,2020-06-18,360209.140770098
15-24,London,123,0,0,2020-06-18,3042422.7340281857
25-44,London,123,0,0,2020-06-18,2078712.0236158592
45-64,London,123,0,0,2020-06-18,1157938.429131154
65-74,London,123,0,0,2020-06-18,596507.1213567124
75+,London,123,0,0,2020-06-18,478575.8589277207
1-4,London,124,0,0,2020-06-19,1000070.0276864816
5-14,London,124,0,0,2020-06-19,360209.140770098
15-24,London,124,0,0,2020-06-19,3042422.7340281857
25-44,London,124,0,0,2020-06-19,2078712.0236158592
45-64,London,124,0,0,2020-06-19,1157938.429131154
65-74,London,124,0,0,2020-06-19,596507.1213567124
75+,London,124,0,0,2020-06-19,478575.8589277207
1-4,London,125,0,0,2020-06-20,1000070.0276864816
5-14,London,125,0,0,2020-06-20,360209.140770098
15-24,London,125,0,0,2020-06-20,3042422.7340281857
25-44,London,125,0,0,2020-06-20,2078712.0236158592
45-64,London,125,0,0,2020-06-20,1157938.429131154
65-74,London,125,0,0,2020-06-20,596507.1213567124
75+,London,125,0,0,2020-06-20,478575.8589277207
1-4,London,126,0,0,2020-06-21,1000070.0276864816
5-14,London,126,0,0,2020-06-21,360209.140770098
15-24,London,126,0,0,2020-06-21,3042422.7340281857
25-44,London,126,0,0,2020-06-21,2078712.0236158592
45-64,London,126,0,0,2020-06-21,1157938.429131154
65-74,London,126,0,0,2020-06-21,596507.1213567124
75+,London,126,0,0,2020-06-21,478575.8589277207
1-4,London,127,0,0,2020-06-22,1000070.0276864816
5-14,London,127,0,0,2020-06-22,360209.140770098
15-24,London,127,0,0,2020-06-22,3042422.7340281857
25-44,London,127,0,0,2020-06-22,2078712.0236158592
45-64,London,127,0,0,2020-06-22,1157938.429131154
65-74,London,127,0,0,2020-06-22,596507.1213567124
75+,London,127,0,0,2020-06-22,478575.8589277207
1-4,London,128,0,0,2020-06-23,1000070.0276864816
5-14,London,128,0,0,2020-06-23,360209.140770098
15-24,London,128,0,0,2020-06-23,3042422.7340281857
25-44,London,128,0,0,2020-06-23,2078712.0236158592
45-64,London,128,0,0,2020-06-23,1157938.429131154
65-74,London,128,0,0,2020-06-23,596507.1213567124
75+,London,128,0,0,2020-06-23,478575.8589277207
1-4,London,129,0,0,2020-06-24,1000070.0276864816
5-14,London,129,8.429774499918437,0.5245455590720296,2020-06-24,360209.140770098
15-24,London,129,9.409140116071677,0.4871861449208892,2020-06-24,3042422.7340281857
25-44,London,129,8.900300616023495,0.4701472579260831,2020-06-24,2078712.0236158592
45-64,London,129,8.417500101996298,0.5131529006471505,2020-06-24,1157938.429131154
65-74,London,129,7.745890028447611,0.35962771497362983,2020-06-24,596507.1213567124
75+,London,129,8.175529415871546,0.3969942505777842,2020-06-24,478575.8589277207
1-4,London,130,0,0,2020-06-25,1000070.0276864816
5-14,London,130,0,0,2020-06-25,360209.140770098
15-24,London,130,0,0,2020-06-25,3042422.7340281857
25-44,London,130,0,0,2020-06-25,2078712.0236158592
45-64,London,130,0,0,2020-06-25,1157938.429131154
65-74,London,130,0,0,2020-06-25,596507.1213567124
75+,London,130,0,0,2020-06-25,478575.8589277207
1-4,London,131,0,0,2020-06-26,1000070.0276864816
5-14,London,131,0,0,2020-06-26,360209.140770098
15-24,London,131,0,0,2020-06-26,3042422.7340281857
25-44,London,131,0,0,2020-06-26,2078712.0236158592
45-64,London,131,0,0,2020-06-26,1157938.429131154
65-74,London,131,0,0,2020-06-26,596507.1213567124
75+,London,131,0,0,2020-06-26,478575.8589277207
1-4,London,132,0,0,2020-06-27,1000070.0276864816
5-14,London,132,0,0,2020-06-27,360209.140770098
15-24,London,132,0,0,2020-06-27,3042422.7340281857
25-44,London,132,0,0,2020-06-27,2078712.0236158592
45-64,London,132,0,0,2020-06-27,1157938.429131154
65-74,London,132,0,0,2020-06-27,596507.1213567124
75+,London,132,0,0,2020-06-27,478575.8589277207
1-4,London,133,0,0,2020-06-28,1000070.0276864816
5-14,London,133,0,0,2020-06-28,360209.140770098
15-24,London,133,0,0,2020-06-28,3042422.7340281857
25-44,London,133,0,0,2020-06-28,2078712.0236158592
45-64,London,133,0,0,2020-06-28,1157938.429131154
65-74,London,133,0,0,2020-06-28,596507.1213567124
75+,London,133,0,0,2020-06-28,478575.8589277207
1-4,London,134,0,0,2020-06-29,1000070.0276864816
5-14,London,134,0,0,2020-06-29,360209.140770098
15-24,London,134,0,0,2020-06-29,3042422.7340281857
25-44,London,134,0,0,2020-06-29,2078712.0236158592
45-64,London,134,0,0,2020-06-29,1157938.429131154
65-74,London,134,0,0,2020-06-29,596507.1213567124
75+,London,134,0,0,2020-06-29,478575.8589277207
1-4,London,135,0,0,2020-06-30,1000070.0276864816
5-14,London,135,0,0,2020-06-30,360209.140770098
15-24,London,135,0,0,2020-06-30,3042422.7340281857
25-44,London,135,0,0,2020-06-30,2078712.0236158592
45-64,London,135,0,0,2020-06-30,1157938.429131154
65-74,London,135,0,0,2020-06-30,596507.1213567124
75+,London,135,0,0,2020-06-30,478575.8589277207
1-4,London,136,0,0,2020-07-01,1000070.0276864816
5-14,London,136,0,0,2020-07-01,360209.140770098
15-24,London,136,0,0,2020-07-01,3042422.7340281857
25-44,London,136,0,0,2020-07-01,2078712.0236158592
45-64,London,136,0,0,2020-07-01,1157938.429131154
65-74,London,136,0,0,2020-07-01,596507.1213567124
75+,London,136,0,0,2020-07-01,478575.8589277207
1-4,London,137,0,0,2020-07-02,1000070.0276864816
5-14,London,137,0,0,2020-07-02,360209.140770098
15-24,London,137,0,0,2020-07-02,3042422.7340281857
25-44,London,137,0,0,2020-07-02,2078712.0236158592
45-64,London,137,0,0,2020-07-02,1157938.429131154
65-74,London,137,0,0,2020-07-02,596507.1213567124
75+,London,137,0,0,2020-07-02,478575.8589277207
1-4,London,138,0,0,2020-07-03,1000070.0276864816
5-14,London,138,0,0,2020-07-03,360209.140770098
15-24,London,138,0,0,2020-07-03,3042422.7340281857
25-44,London,138,0,0,2020-07-03,2078712.0236158592
45-64,London,138,0,0,2020-07-03,1157938.429131154
65-74,London,138,0,0,2020-07-03,596507.1213567124
75+,London,138,0,0,2020-07-03,478575.8589277207
1-4,London,139,0,0,2020-07-04,1000070.0276864816
5-14,London,139,0,0,2020-07-04,360209.140770098
15-24,London,139,0,0,2020-07-04,3042422.7340281857
25-44,London,139,0,0,2020-07-04,2078712.0236158592
45-64,London,139,0,0,2020-07-04,1157938.429131154
65-74,London,139,0,0,2020-07-04,596507.1213567124
75+,London,139,0,0,2020-07-04,478575.8589277207
1-4,London,140,0,0,2020-07-05,1000070.0276864816
5-14,London,140,0,0,2020-07-05,360209.140770098
15-24,London,140,0,0,2020-07-05,3042422.7340281857
25-44,London,140,0,0,2020-07-05,2078712.0236158592
45-64,London,140,0,0,2020-07-05,1157938.429131154
65-74,London,140,0,0,2020-07-05,596507.1213567124
75+,London,140,0,0,2020-07-05,478575.8589277207
1-4,London,141,0,0,2020-07-06,1000070.0276864816
5-14,London,141,0,0,2020-07-06,360209.140770098
15-24,London,141,0,0,2020-07-06,3042422.7340281857
25-44,London,141,0,0,2020-07-06,2078712.0236158592
45-64,London,141,0,0,2020-07-06,1157938.429131154
65-74,London,141,0,0,2020-07-06,596507.1213567124
75+,London,141,0,0,2020-07-06,478575.8589277207
1-4,London,142,0,0,2020-07-07,1000070.0276864816
5-14,London,142,0,0,2020-07-07,360209.140770098
15-24,London,142,0,0,2020-07-07,3042422.7340281857
25-44,London,142,0,0,2020-07-07,2078712.0236158592
45-64,London,142,0,0,2020-07-07,1157938.429131154
65-74,London,142,0,0,2020-07-07,596507.1213567124
75+,London,142,0,0,2020-07-07,478575.8589277207
1-4,London,143,0,0,2020-07-08,1000070.0276864816
5-14,London,143,8.448627306698825,0.5177031943882355,2020-07-08,360209.140770098
15-24,London,143,9.313107839229202,0.47891786759856486,2020-07-08,3042422.7340281857
25-44,London,143,8.833850567118965,0.4752812174291189,2020-07-08,2078712.0236158592
45-64,London,143,8.374498551403597,0.5086732206264135,2020-07-08,1157938.429131154
65-74,London,143,7.730619521243732,0.35119757184471523,2020-07-08,596507.1213567124
75+,London,143,8.026079924525762,0.3811917737449734,2020-07-08,478575.8589277207
1-4,London,144,0,0,2020-07-09,1000070.0276864816
5-14,London,144,0,0,2020-07-09,360209.140770098
15-24,London,144,0,0,2020-07-09,3042422.7340281857
25-44,London,144,0,0,2020-07-09,2078712.0236158592
45-64,London,144,0,0,2020-07-09,1157938.429131154
65-74,London,144,0,0,2020-07-09,596507.1213567124
75+,London,144,0,0,2020-07-09,478575.8589277207
1-4,London,145,0,0,2020-07-10,1000070.0276864816
5-14,London,145,0,0,2020-07-10,360209.140770098
15-24,London,145,0,0,2020-07-10,3042422.7340281857
25-44,London,145,0,0,2020-07-10,2078712.0236158592
45-64,London,145,0,0,2020-07-10,1157938.429131154
65-74,London,145,0,0,2020-07-10,596507.1213567124
75+,London,145,0,0,2020-07-10,478575.8589277207
1-4,London,146,0,0,2020-07-11,1000070.0276864816
5-14,London,146,0,0,2020-07-11,360209.140770098
15-24,London,146,0,0,2020-07-11,3042422.7340281857
25-44,London,146,0,0,2020-07-11,2078712.0236158592
45-64,London,146,0,0,2020-07-11,1157938.429131154
65-74,London,146,0,0,2020-07-11,596507.1213567124
75+,London,146,0,0,2020-07-11,478575.8589277207
1-4,London,147,0,0,2020-07-12,1000070.0276864816
5-14,London,147,0,0,2020-07-12,360209.140770098
15-24,London,147,0,0,2020-07-12,3042422.7340281857
25-44,London,147,0,0,2020-07-12,2078712.0236158592
45-64,London,147,0,0,2020-07-12,1157938.429131154
65-74,London,147,0,0,2020-07-12,596507.1213567124
75+,London,147,0,0,2020-07-12,478575.8589277207
1-4,London,148,0,0,2020-07-13,1000070.0276864816
5-14,London,148,0,0,2020-07-13,360209.140770098
15-24,London,148,0,0,2020-07-13,3042422.7340281857
25-44,London,148,0,0,2020-07-13,2078712.0236158592
45-64,London,148,0,0,2020-07-13,1157938.429131154
65-74,London,148,0,0,2020-07-13,596507.1213567124
75+,London,148,0,0,2020-07-13,478575.8589277207
1-4,London,149,0,0,2020-07-14,1000070.0276864816
5-14,London,149,0,0,2020-07-14,360209.140770098
15-24,London,149,0,0,2020-07-14,3042422.7340281857
25-44,London,149,0,0,2020-07-14,2078712.0236158592
45-64,London,149,0,0,2020-07-14,1157938.429131154
65-74,London,149,0,0,2020-07-14,596507.1213567124
75+,London,149,0,0,2020-07-14,478575.8589277207
1-4,London,150,0,0,2020-07-15,1000070.0276864816
5-14,London,150,0,0,2020-07-15,360209.140770098
15-24,London,150,0,0,2020-07-15,3042422.7340281857
25-44,London,150,0,0,2020-07-15,2078712.0236158592
45-64,London,150,0,0,2020-07-15,1157938.429131154
65-74,London,150,0,0,2020-07-15,596507.1213567124
75+,London,150,0,0,2020-07-15,478575.8589277207
1-4,London,151,0,0,2020-07-16,1000070.0276864816
5-14,London,151,0,0,2020-07-16,360209.140770098
15-24,London,151,0,0,2020-07-16,3042422.7340281857
25-44,London,151,0,0,2020-07-16,2078712.0236158592
45-64,London,151,0,0,2020-07-16,1157938.429131154
65-74,London,151,0,0,2020-07-16,596507.1213567124
75+,London,151,0,0,2020-07-16,478575.8589277207
1-4,London,152,0,0,2020-07-17,1000070.0276864816
5-14,London,152,0,0,2020-07-17,360209.140770098
15-24,London,152,0,0,2020-07-17,3042422.7340281857
25-44,London,152,0,0,2020-07-17,2078712.0236158592
45-64,London,152,0,0,2020-07-17,1157938.429131154
65-74,London,152,0,0,2020-07-17,596507.1213567124
75+,London,152,0,0,2020-07-17,478575.8589277207
1-4,London,153,0,0,2020-07-18,1000070.0276864816
5-14,London,153,0,0,2020-07-18,360209.140770098
15-24,London,153,0,0,2020-07-18,3042422.7340281857
25-44,London,153,0,0,2020-07-18,2078712.0236158592
45-64,London,153,0,0,2020-07-18,1157938.429131154
65-74,London,153,0,0,2020-07-18,596507.1213567124
75+,London,153,0,0,2020-07-18,478575.8589277207
1-4,London,154,0,0,2020-07-19,1000070.0276864816
5-14,London,154,0,0,2020-07-19,360209.140770098
15-24,London,154,0,0,2020-07-19,3042422.7340281857
25-44,London,154,0,0,2020-07-19,2078712.0236158592
45-64,London,154,0,0,2020-07-19,1157938.429131154
65-74,London,154,0,0,2020-07-19,596507.1213567124
75+,London,154,0,0,2020-07-19,478575.8589277207
1-4,London,155,0,0,2020-07-20,1000070.0276864816
5-14,London,155,0,0,2020-07-20,360209.140770098
15-24,London,155,0,0,2020-07-20,3042422.7340281857
25-44,London,155,0,0,2020-07-20,2078712.0236158592
45-64,London,155,0,0,2020-07-20,1157938.429131154
65-74,London,155,0,0,2020-07-20,596507.1213567124
75+,London,155,0,0,2020-07-20,478575.8589277207
1-4,London,156,0,0,2020-07-21,1000070.0276864816
5-14,London,156,0,0,2020-07-21,360209.140770098
15-24,London,156,0,0,2020-07-21,3042422.7340281857
25-44,London,156,0,0,2020-07-21,2078712.0236158592
45-64,London,156,0,0,2020-07-21,1157938.429131154
65-74,London,156,0,0,2020-07-21,596507.1213567124
75+,London,156,0,0,2020-07-21,478575.8589277207
1-4,London,157,0,0,2020-07-22,1000070.0276864816
5-14,London,157,8.43756126627514,0.5217994834284159,2020-07-22,360209.140770098
15-24,London,157,9.287988076663577,0.4813066656653861,2020-07-22,3042422.7340281857
25-44,London,157,8.705637599138436,0.48197443727161976,2020-07-22,2078712.0236158592
45-64,London,157,8.397958599712757,0.5118063217248771,2020-07-22,1157938.429131154
65-74,London,157,7.761818014866354,0.3431554330275861,2020-07-22,596507.1213567124
75+,London,157,7.945412656036624,0.3780140468228524,2020-07-22,478575.8589277207
1-4,London,158,0,0,2020-07-23,1000070.0276864816
5-14,London,158,0,0,2020-07-23,360209.140770098
15-24,London,158,0,0,2020-07-23,3042422.7340281857
25-44,London,158,0,0,2020-07-23,2078712.0236158592
45-64,London,158,0,0,2020-07-23,1157938.429131154
65-74,London,158,0,0,2020-07-23,596507.1213567124
75+,London,158,0,0,2020-07-23,478575.8589277207
1-4,London,159,0,0,2020-07-24,1000070.0276864816
5-14,London,159,0,0,2020-07-24,360209.140770098
15-24,London,159,0,0,2020-07-24,3042422.7340281857
25-44,London,159,0,0,2020-07-24,2078712.0236158592
45-64,London,159,0,0,2020-07-24,1157938.429131154
65-74,London,159,0,0,2020-07-24,596507.1213567124
75+,London,159,0,0,2020-07-24,478575.8589277207
1-4,London,160,0,0,2020-07-25,1000070.0276864816
5-14,London,160,0,0,2020-07-25,360209.140770098
15-24,London,160,0,0,2020-07-25,3042422.7340281857
25-44,London,160,0,0,2020-07-25,2078712.0236158592
45-64,London,160,0,0,2020-07-25,1157938.429131154
65-74,London,160,0,0,2020-07-25,596507.1213567124
75+,London,160,0,0,2020-07-25,478575.8589277207
1-4,London,161,0,0,2020-07-26,1000070.0276864816
5-14,London,161,0,0,2020-07-26,360209.140770098
15-24,London,161,0,0,2020-07-26,3042422.7340281857
25-44,London,161,0,0,2020-07-26,2078712.0236158592
45-64,London,161,0,0,2020-07-26,1157938.429131154
65-74,London,161,0,0,2020-07-26,596507.1213567124
75+,London,161,0,0,2020-07-26,478575.8589277207
1-4,London,162,0,0,2020-07-27,1000070.0276864816
5-14,London,162,0,0,2020-07-27,360209.140770098
15-24,London,162,0,0,2020-07-27,3042422.7340281857
25-44,London,162,0,0,2020-07-27,2078712.0236158592
45-64,London,162,0,0,2020-07-27,1157938.429131154
65-74,London,162,0,0,2020-07-27,596507.1213567124
75+,London,162,0,0,2020-07-27,478575.8589277207
1-4,London,163,0,0,2020-07-28,1000070.0276864816
5-14,London,163,0,0,2020-07-28,360209.140770098
15-24,London,163,0,0,2020-07-28,3042422.7340281857
25-44,London,163,0,0,2020-07-28,2078712.0236158592
45-64,London,163,0,0,2020-07-28,1157938.429131154
65-74,London,163,0,0,2020-07-28,596507.1213567124
75+,London,163,0,0,2020-07-28,478575.8589277207
1-4,London,164,0,0,2020-07-29,1000070.0276864816
5-14,London,164,0,0,2020-07-29,360209.140770098
15-24,London,164,0,0,2020-07-29,3042422.7340281857
25-44,London,164,0,0,2020-07-29,2078712.0236158592
45-64,London,164,0,0,2020-07-29,1157938.429131154
65-74,London,164,0,0,2020-07-29,596507.1213567124
75+,London,164,0,0,2020-07-29,478575.8589277207
1-4,London,165,0,0,2020-07-30,1000070.0276864816
5-14,London,165,0,0,2020-07-30,360209.140770098
15-24,London,165,0,0,2020-07-30,3042422.7340281857
25-44,London,165,0,0,2020-07-30,2078712.0236158592
45-64,London,165,0,0,2020-07-30,1157938.429131154
65-74,London,165,0,0,2020-07-30,596507.1213567124
75+,London,165,0,0,2020-07-30,478575.8589277207
1-4,London,166,0,0,2020-07-31,1000070.0276864816
5-14,London,166,0,0,2020-07-31,360209.140770098
15-24,London,166,0,0,2020-07-31,3042422.7340281857
25-44,London,166,0,0,2020-07-31,2078712.0236158592
45-64,London,166,0,0,2020-07-31,1157938.429131154
65-74,London,166,0,0,2020-07-31,596507.1213567124
75+,London,166,0,0,2020-07-31,478575.8589277207
1-4,London,167,0,0,2020-08-01,1000070.0276864816
5-14,London,167,0,0,2020-08-01,360209.140770098
15-24,London,167,0,0,2020-08-01,3042422.7340281857
25-44,London,167,0,0,2020-08-01,2078712.0236158592
45-64,London,167,0,0,2020-08-01,1157938.429131154
65-74,London,167,0,0,2020-08-01,596507.1213567124
75+,London,167,0,0,2020-08-01,478575.8589277207
1-4,London,168,0,0,2020-08-02,1000070.0276864816
5-14,London,168,0,0,2020-08-02,360209.140770098
15-24,London,168,0,0,2020-08-02,3042422.7340281857
25-44,London,168,0,0,2020-08-02,2078712.0236158592
45-64,London,168,0,0,2020-08-02,1157938.429131154
65-74,London,168,0,0,2020-08-02,596507.1213567124
75+,London,168,0,0,2020-08-02,478575.8589277207
1-4,London,169,0,0,2020-08-03,1000070.0276864816
5-14,London,169,0,0,2020-08-03,360209.140770098
15-24,London,169,0,0,2020-08-03,3042422.7340281857
25-44,London,169,0,0,2020-08-03,2078712.0236158592
45-64,London,169,0,0,2020-08-03,1157938.429131154
65-74,London,169,0,0,2020-08-03,596507.1213567124
75+,London,169,0,0,2020-08-03,478575.8589277207
1-4,London,170,0,0,2020-08-04,1000070.0276864816
5-14,London,170,0,0,2020-08-04,360209.140770098
15-24,London,170,0,0,2020-08-04,3042422.7340281857
25-44,London,170,0,0,2020-08-04,2078712.0236158592
45-64,London,170,0,0,2020-08-04,1157938.429131154
65-74,London,170,0,0,2020-08-04,596507.1213567124
75+,London,170,0,0,2020-08-04,478575.8589277207
1-4,London,171,0,0,2020-08-05,1000070.0276864816
5-14,London,171,8.083484205647913,0.5217176615691063,2020-08-05,360209.140770098
15-24,London,171,9.072183360396163,0.4769023129772734,2020-08-05,3042422.7340281857
25-44,London,171,8.30692998261359,0.47915650894757833,2020-08-05,2078712.0236158592
45-64,London,171,8.207242098596817,0.5080971366566932,2020-08-05,1157938.429131154
65-74,London,171,7.477260919370674,0.3418574738293609,2020-08-05,596507.1213567124
75+,London,171,7.63629785644877,0.37433567359565123,2020-08-05,478575.8589277207
1-4,London,172,0,0,2020-08-06,1000070.0276864816
5-14,London,172,0,0,2020-08-06,360209.140770098
15-24,London,172,0,0,2020-08-06,3042422.7340281857
25-44,London,172,0,0,2020-08-06,2078712.0236158592
45-64,London,172,0,0,2020-08-06,1157938.429131154
65-74,London,172,0,0,2020-08-06,596507.1213567124
75+,London,172,0,0,2020-08-06,478575.8589277207
1-4,London,173,0,0,2020-08-07,1000070.0276864816
5-14,London,173,0,0,2020-08-07,360209.140770098
15-24,London,173,0,0,2020-08-07,3042422.7340281857
25-44,London,173,0,0,2020-08-07,2078712.0236158592
45-64,London,173,0,0,2020-08-07,1157938.429131154
65-74,London,173,0,0,2020-08-07,596507.1213567124
75+,London,173,0,0,2020-08-07,478575.8589277207
1-4,London,174,0,0,2020-08-08,1000070.0276864816
5-14,London,174,0,0,2020-08-08,360209.140770098
15-24,London,174,0,0,2020-08-08,3042422.7340281857
25-44,London,174,0,0,2020-08-08,2078712.0236158592
45-64,London,174,0,0,2020-08-08,1157938.429131154
65-74,London,174,0,0,2020-08-08,596507.1213567124
75+,London,174,0,0,2020-08-08,478575.8589277207
1-4,London,175,0,0,2020-08-09,1000070.0276864816
5-14,London,175,0,0,2020-08-09,360209.140770098
15-24,London,175,0,0,2020-08-09,3042422.7340281857
25-44,London,175,0,0,2020-08-09,2078712.0236158592
45-64,London,175,0,0,2020-08-09,1157938.429131154
65-74,London,175,0,0,2020-08-09,596507.1213567124
75+,London,175,0,0,2020-08-09,478575.8589277207
1-4,London,176,0,0,2020-08-10,1000070.0276864816
5-14,London,176,0,0,2020-08-10,360209.140770098
15-24,London,176,0,0,2020-08-10,3042422.7340281857
25-44,London,176,0,0,2020-08-10,2078712.0236158592
45-64,London,176,0,0,2020-08-10,1157938.429131154
65-74,London,176,0,0,2020-08-10,596507.1213567124
75+,London,176,0,0,2020-08-10,478575.8589277207
1-4,London,177,0,0,2020-08-11,1000070.0276864816
5-14,London,177,0,0,2020-08-11,360209.140770098
15-24,London,177,0,0,2020-08-11,3042422.7340281857
25-44,London,177,0,0,2020-08-11,2078712.0236158592
45-64,London,177,0,0,2020-08-11,1157938.429131154
65-74,London,177,0,0,2020-08-11,596507.1213567124
75+,London,177,0,0,2020-08-11,478575.8589277207
1-4,London,178,0,0,2020-08-12,1000070.0276864816
5-14,London,178,0,0,2020-08-12,360209.140770098
15-24,London,178,0,0,2020-08-12,3042422.7340281857
25-44,London,178,0,0,2020-08-12,2078712.0236158592
45-64,London,178,0,0,2020-08-12,1157938.429131154
65-74,London,178,0,0,2020-08-12,596507.1213567124
75+,London,178,0,0,2020-08-12,478575.8589277207
1-4,London,179,0,0,2020-08-13,1000070.0276864816
5-14,London,179,0,0,2020-08-13,360209.140770098
15-24,London,179,0,0,2020-08-13,3042422.7340281857
25-44,London,179,0,0,2020-08-13,2078712.0236158592
45-64,London,179,0,0,2020-08-13,1157938.429131154
65-74,London,179,0,0,2020-08-13,596507.1213567124
75+,London,179,0,0,2020-08-13,478575.8589277207
1-4,London,180,0,0,2020-08-14,1000070.0276864816
5-14,London,180,0,0,2020-08-14,360209.140770098
15-24,London,180,0,0,2020-08-14,3042422.7340281857
25-44,London,180,0,0,2020-08-14,2078712.0236158592
45-64,London,180,0,0,2020-08-14,1157938.429131154
65-74,London,180,0,0,2020-08-14,596507.1213567124
75+,London,180,0,0,2020-08-14,478575.8589277207
1-4,London,181,0,0,2020-08-15,1000070.0276864816
5-14,London,181,0,0,2020-08-15,360209.140770098
15-24,London,181,0,0,2020-08-15,3042422.7340281857
25-44,London,181,0,0,2020-08-15,2078712.0236158592
45-64,London,181,0,0,2020-08-15,1157938.429131154
65-74,London,181,0,0,2020-08-15,596507.1213567124
75+,London,181,0,0,2020-08-15,478575.8589277207
1-4,London,182,0,0,2020-08-16,1000070.0276864816
5-14,London,182,0,0,2020-08-16,360209.140770098
15-24,London,182,0,0,2020-08-16,3042422.7340281857
25-44,London,182,0,0,2020-08-16,2078712.0236158592
45-64,London,182,0,0,2020-08-16,1157938.429131154
65-74,London,182,0,0,2020-08-16,596507.1213567124
75+,London,182,0,0,2020-08-16,478575.8589277207
1-4,London,183,0,0,2020-08-17,1000070.0276864816
5-14,London,183,0,0,2020-08-17,360209.140770098
15-24,London,183,0,0,2020-08-17,3042422.7340281857
25-44,London,183,0,0,2020-08-17,2078712.0236158592
45-64,London,183,0,0,2020-08-17,1157938.429131154
65-74,London,183,0,0,2020-08-17,596507.1213567124
75+,London,183,0,0,2020-08-17,478575.8589277207
1-4,London,184,0,0,2020-08-18,1000070.0276864816
5-14,London,184,0,0,2020-08-18,360209.140770098
15-24,London,184,0,0,2020-08-18,3042422.7340281857
25-44,London,184,0,0,2020-08-18,2078712.0236158592
45-64,London,184,0,0,2020-08-18,1157938.429131154
65-74,London,184,0,0,2020-08-18,596507.1213567124
75+,London,184,0,0,2020-08-18,478575.8589277207
1-4,London,185,0,0,2020-08-19,1000070.0276864816
5-14,London,185,7.651158691886345,0.510451842126054,2020-08-19,360209.140770098
15-24,London,185,8.935453876846951,0.4561639280715361,2020-08-19,3042422.7340281857
25-44,London,185,8.013969175742032,0.4669308048768699,2020-08-19,2078712.0236158592
45-64,London,185,8.02069730739362,0.4899214607381056,2020-08-19,1157938.429131154
65-74,London,185,7.162022025430702,0.32358036803187806,2020-08-19,596507.1213567124
75+,London,185,7.302448545646961,0.3561818907070347,2020-08-19,478575.8589277207
1-4,London,186,0,0,2020-08-20,1000070.0276864816
5-14,London,186,0,0,2020-08-20,360209.140770098
15-24,London,186,0,0,2020-08-20,3042422.7340281857
25-44,London,186,0,0,2020-08-20,2078712.0236158592
45-64,London,186,0,0,2020-08-20,1157938.429131154
65-74,London,186,0,0,2020-08-20,596507.1213567124
75+,London,186,0,0,2020-08-20,478575.8589277207
1-4,London,187,0,0,2020-08-21,1000070.0276864816
5-14,London,187,0,0,2020-08-21,360209.140770098
15-24,London,187,0,0,2020-08-21,3042422.7340281857
25-44,London,187,0,0,2020-08-21,2078712.0236158592
45-64,London,187,0,0,2020-08-21,1157938.429131154
65-74,London,187,0,0,2020-08-21,596507.1213567124
75+,London,187,0,0,2020-08-21,478575.8589277207
1-4,London,188,0,0,2020-08-22,1000070.0276864816
5-14,London,188,0,0,2020-08-22,360209.140770098
15-24,London,188,0,0,2020-08-22,3042422.7340281857
25-44,London,188,0,0,2020-08-22,2078712.0236158592
45-64,London,188,0,0,2020-08-22,1157938.429131154
65-74,London,188,0,0,2020-08-22,596507.1213567124
75+,London,188,0,0,2020-08-22,478575.8589277207
1-4,London,189,0,0,2020-08-23,1000070.0276864816
5-14,London,189,0,0,2020-08-23,360209.140770098
15-24,London,189,0,0,2020-08-23,3042422.7340281857
25-44,London,189,0,0,2020-08-23,2078712.0236158592
45-64,London,189,0,0,2020-08-23,1157938.429131154
65-74,London,189,0,0,2020-08-23,596507.1213567124
75+,London,189,0,0,2020-08-23,478575.8589277207
1-4,London,190,0,0,2020-08-24,1000070.0276864816
5-14,London,190,0,0,2020-08-24,360209.140770098
15-24,London,190,0,0,2020-08-24,3042422.7340281857
25-44,London,190,0,0,2020-08-24,2078712.0236158592
45-64,London,190,0,0,2020-08-24,1157938.429131154
65-74,London,190,0,0,2020-08-24,596507.1213567124
75+,London,190,0,0,2020-08-24,478575.8589277207
1-4,London,191,0,0,2020-08-25,1000070.0276864816
5-14,London,191,0,0,2020-08-25,360209.140770098
15-24,London,191,0,0,2020-08-25,3042422.7340281857
25-44,London,191,0,0,2020-08-25,2078712.0236158592
45-64,London,191,0,0,2020-08-25,1157938.429131154
65-74,London,191,0,0,2020-08-25,596507.1213567124
75+,London,191,0,0,2020-08-25,478575.8589277207
1-4,London,192,0,0,2020-08-26,1000070.0276864816
5-14,London,192,0,0,2020-08-26,360209.140770098
15-24,London,192,0,0,2020-08-26,3042422.7340281857
25-44,London,192,0,0,2020-08-26,2078712.0236158592
45-64,London,192,0,0,2020-08-26,1157938.429131154
65-74,London,192,0,0,2020-08-26,596507.1213567124
75+,London,192,0,0,2020-08-26,478575.8589277207
1-4,London,193,0,0,2020-08-27,1000070.0276864816
5-14,London,193,0,0,2020-08-27,360209.140770098
15-24,London,193,0,0,2020-08-27,3042422.7340281857
25-44,London,193,0,0,2020-08-27,2078712.0236158592
45-64,London,193,0,0,2020-08-27,1157938.429131154
65-74,London,193,0,0,2020-08-27,596507.1213567124
75+,London,193,0,0,2020-08-27,478575.8589277207
1-4,London,194,0,0,2020-08-28,1000070.0276864816
5-14,London,194,0,0,2020-08-28,360209.140770098
15-24,London,194,0,0,2020-08-28,3042422.7340281857
25-44,London,194,0,0,2020-08-28,2078712.0236158592
45-64,London,194,0,0,2020-08-28,1157938.429131154
65-74,London,194,0,0,2020-08-28,596507.1213567124
75+,London,194,0,0,2020-08-28,478575.8589277207
1-4,London,195,0,0,2020-08-29,1000070.0276864816
5-14,London,195,0,0,2020-08-29,360209.140770098
15-24,London,195,0,0,2020-08-29,3042422.7340281857
25-44,London,195,0,0,2020-08-29,2078712.0236158592
45-64,London,195,0,0,2020-08-29,1157938.429131154
65-74,London,195,0,0,2020-08-29,596507.1213567124
75+,London,195,0,0,2020-08-29,478575.8589277207
1-4,London,196,0,0,2020-08-30,1000070.0276864816
5-14,London,196,0,0,2020-08-30,360209.140770098
15-24,London,196,0,0,2020-08-30,3042422.7340281857
25-44,London,196,0,0,2020-08-30,2078712.0236158592
45-64,London,196,0,0,2020-08-30,1157938.429131154
65-74,London,196,0,0,2020-08-30,596507.1213567124
75+,London,196,0,0,2020-08-30,478575.8589277207
1-4,London,197,0,0,2020-08-31,1000070.0276864816
5-14,London,197,0,0,2020-08-31,360209.140770098
15-24,London,197,0,0,2020-08-31,3042422.7340281857
25-44,London,197,0,0,2020-08-31,2078712.0236158592
45-64,London,197,0,0,2020-08-31,1157938.429131154
65-74,London,197,0,0,2020-08-31,596507.1213567124
75+,London,197,0,0,2020-08-31,478575.8589277207
1-4,London,198,0,0,2020-09-01,1000070.0276864816
5-14,London,198,0,0,2020-09-01,360209.140770098
15-24,London,198,0,0,2020-09-01,3042422.7340281857
25-44,London,198,0,0,2020-09-01,2078712.0236158592
45-64,London,198,0,0,2020-09-01,1157938.429131154
65-74,London,198,0,0,2020-09-01,596507.1213567124
75+,London,198,0,0,2020-09-01,478575.8589277207
1-4,London,199,0,0,2020-09-02,1000070.0276864816
5-14,London,199,7.348803623601195,0.5033204657174034,2020-09-02,360209.140770098
15-24,London,199,9.039282194875367,0.4329308909310772,2020-09-02,3042422.7340281857
25-44,London,199,8.156500255935637,0.442659901466653,2020-09-02,2078712.0236158592
45-64,London,199,8.004814092367765,0.4594998531557107,2020-09-02,1157938.429131154
65-74,London,199,7.0475714726404295,0.29203398540759884,2020-09-02,596507.1213567124
75+,London,199,7.124357103269638,0.3248065339885894,2020-09-02,478575.8589277207
1-4,London,200,0,0,2020-09-03,1000070.0276864816
5-14,London,200,0,0,2020-09-03,360209.140770098
15-24,London,200,0,0,2020-09-03,3042422.7340281857
25-44,London,200,0,0,2020-09-03,2078712.0236158592
45-64,London,200,0,0,2020-09-03,1157938.429131154
65-74,London,200,0,0,2020-09-03,596507.1213567124
75+,London,200,0,0,2020-09-03,478575.8589277207
1-4,London,201,0,0,2020-09-04,1000070.0276864816
5-14,London,201,0,0,2020-09-04,360209.140770098
15-24,London,201,0,0,2020-09-04,3042422.7340281857
25-44,London,201,0,0,2020-09-04,2078712.0236158592
45-64,London,201,0,0,2020-09-04,1157938.429131154
65-74,London,201,0,0,2020-09-04,596507.1213567124
75+,London,201,0,0,2020-09-04,478575.8589277207
1-4,London,202,0,0,2020-09-05,1000070.0276864816
5-14,London,202,0,0,2020-09-05,360209.140770098
15-24,London,202,0,0,2020-09-05,3042422.7340281857
25-44,London,202,0,0,2020-09-05,2078712.0236158592
45-64,London,202,0,0,2020-09-05,1157938.429131154
65-74,London,202,0,0,2020-09-05,596507.1213567124
75+,London,202,0,0,2020-09-05,478575.8589277207
1-4,London,203,0,0,2020-09-06,1000070.0276864816
5-14,London,203,0,0,2020-09-06,360209.140770098
15-24,London,203,0,0,2020-09-06,3042422.7340281857
25-44,London,203,0,0,2020-09-06,2078712.0236158592
45-64,London,203,0,0,2020-09-06,1157938.429131154
65-74,London,203,0,0,2020-09-06,596507.1213567124
75+,London,203,0,0,2020-09-06,478575.8589277207
1-4,London,204,0,0,2020-09-07,1000070.0276864816
5-14,London,204,0,0,2020-09-07,360209.140770098
15-24,London,204,0,0,2020-09-07,3042422.7340281857
25-44,London,204,0,0,2020-09-07,2078712.0236158592
45-64,London,204,0,0,2020-09-07,1157938.429131154
65-74,London,204,0,0,2020-09-07,596507.1213567124
75+,London,204,0,0,2020-09-07,478575.8589277207
1-4,London,205,0,0,2020-09-08,1000070.0276864816
5-14,London,205,0,0,2020-09-08,360209.140770098
15-24,London,205,0,0,2020-09-08,3042422.7340281857
25-44,London,205,0,0,2020-09-08,2078712.0236158592
45-64,London,205,0,0,2020-09-08,1157938.429131154
65-74,London,205,0,0,2020-09-08,596507.1213567124
75+,London,205,0,0,2020-09-08,478575.8589277207
1-4,London,206,0,0,2020-09-09,1000070.0276864816
5-14,London,206,0,0,2020-09-09,360209.140770098
15-24,London,206,0,0,2020-09-09,3042422.7340281857
25-44,London,206,0,0,2020-09-09,2078712.0236158592
45-64,London,206,0,0,2020-09-09,1157938.429131154
65-74,London,206,0,0,2020-09-09,596507.1213567124
75+,London,206,0,0,2020-09-09,478575.8589277207
1-4,London,207,0,0,2020-09-10,1000070.0276864816
5-14,London,207,0,0,2020-09-10,360209.140770098
15-24,London,207,0,0,2020-09-10,3042422.7340281857
25-44,London,207,0,0,2020-09-10,2078712.0236158592
45-64,London,207,0,0,2020-09-10,1157938.429131154
65-74,London,207,0,0,2020-09-10,596507.1213567124
75+,London,207,0,0,2020-09-10,478575.8589277207
1-4,London,208,0,0,2020-09-11,1000070.0276864816
5-14,London,208,0,0,2020-09-11,360209.140770098
15-24,London,208,0,0,2020-09-11,3042422.7340281857
25-44,London,208,0,0,2020-09-11,2078712.0236158592
45-64,London,208,0,0,2020-09-11,1157938.429131154
65-74,London,208,0,0,2020-09-11,596507.1213567124
75+,London,208,0,0,2020-09-11,478575.8589277207
1-4,London,209,0,0,2020-09-12,1000070.0276864816
5-14,London,209,0,0,2020-09-12,360209.140770098
15-24,London,209,0,0,2020-09-12,3042422.7340281857
25-44,London,209,0,0,2020-09-12,2078712.0236158592
45-64,London,209,0,0,2020-09-12,1157938.429131154
65-74,London,209,0,0,2020-09-12,596507.1213567124
75+,London,209,0,0,2020-09-12,478575.8589277207
1-4,London,210,0,0,2020-09-13,1000070.0276864816
5-14,London,210,0,0,2020-09-13,360209.140770098
15-24,London,210,0,0,2020-09-13,3042422.7340281857
25-44,London,210,0,0,2020-09-13,2078712.0236158592
45-64,London,210,0,0,2020-09-13,1157938.429131154
65-74,London,210,0,0,2020-09-13,596507.1213567124
75+,London,210,0,0,2020-09-13,478575.8589277207
1-4,London,211,0,0,2020-09-14,1000070.0276864816
5-14,London,211,0,0,2020-09-14,360209.140770098
15-24,London,211,0,0,2020-09-14,3042422.7340281857
25-44,London,211,0,0,2020-09-14,2078712.0236158592
45-64,London,211,0,0,2020-09-14,1157938.429131154
65-74,London,211,0,0,2020-09-14,596507.1213567124
75+,London,211,0,0,2020-09-14,478575.8589277207
1-4,London,212,0,0,2020-09-15,1000070.0276864816
5-14,London,212,0,0,2020-09-15,360209.140770098
15-24,London,212,0,0,2020-09-15,3042422.7340281857
25-44,London,212,0,0,2020-09-15,2078712.0236158592
45-64,London,212,0,0,2020-09-15,1157938.429131154
65-74,London,212,0,0,2020-09-15,596507.1213567124
75+,London,212,0,0,2020-09-15,478575.8589277207
1-4,London,213,0,0,2020-09-16,1000070.0276864816
5-14,London,213,7.114252209882967,0.4922735209011733,2020-09-16,360209.140770098
15-24,London,213,9.187848013062474,0.4150893871424121,2020-09-16,3042422.7340281857
25-44,London,213,8.546157674661423,0.41827274353926924,2020-09-16,2078712.0236158592
45-64,London,213,8.120824938454893,0.43882650964570874,2020-09-16,1157938.429131154
65-74,London,213,7.059088807000082,0.24946022314561858,2020-09-16,596507.1213567124
75+,London,213,7.049031398225111,0.28389167809465377,2020-09-16,478575.8589277207
1-4,London,214,0,0,2020-09-17,1000070.0276864816
5-14,London,214,0,0,2020-09-17,360209.140770098
15-24,London,214,0,0,2020-09-17,3042422.7340281857
25-44,London,214,0,0,2020-09-17,2078712.0236158592
45-64,London,214,0,0,2020-09-17,1157938.429131154
65-74,London,214,0,0,2020-09-17,596507.1213567124
75+,London,214,0,0,2020-09-17,478575.8589277207
1-4,London,215,0,0,2020-09-18,1000070.0276864816
5-14,London,215,0,0,2020-09-18,360209.140770098
15-24,London,215,0,0,2020-09-18,3042422.7340281857
25-44,London,215,0,0,2020-09-18,2078712.0236158592
45-64,London,215,0,0,2020-09-18,1157938.429131154
65-74,London,215,0,0,2020-09-18,596507.1213567124
75+,London,215,0,0,2020-09-18,478575.8589277207
1-4,London,216,0,0,2020-09-19,1000070.0276864816
5-14,London,216,0,0,2020-09-19,360209.140770098
15-24,London,216,0,0,2020-09-19,3042422.7340281857
25-44,London,216,0,0,2020-09-19,2078712.0236158592
45-64,London,216,0,0,2020-09-19,1157938.429131154
65-74,London,216,0,0,2020-09-19,596507.1213567124
75+,London,216,0,0,2020-09-19,478575.8589277207
1-4,London,217,0,0,2020-09-20,1000070.0276864816
5-14,London,217,0,0,2020-09-20,360209.140770098
15-24,London,217,0,0,2020-09-20,3042422.7340281857
25-44,London,217,0,0,2020-09-20,2078712.0236158592
45-64,London,217,0,0,2020-09-20,1157938.429131154
65-74,London,217,0,0,2020-09-20,596507.1213567124
75+,London,217,0,0,2020-09-20,478575.8589277207
1-4,London,218,0,0,2020-09-21,1000070.0276864816
5-14,London,218,0,0,2020-09-21,360209.140770098
15-24,London,218,0,0,2020-09-21,3042422.7340281857
25-44,London,218,0,0,2020-09-21,2078712.0236158592
45-64,London,218,0,0,2020-09-21,1157938.429131154
65-74,London,218,0,0,2020-09-21,596507.1213567124
75+,London,218,0,0,2020-09-21,478575.8589277207
1-4,London,219,0,0,2020-09-22,1000070.0276864816
5-14,London,219,0,0,2020-09-22,360209.140770098
15-24,London,219,0,0,2020-09-22,3042422.7340281857
25-44,London,219,0,0,2020-09-22,2078712.0236158592
45-64,London,219,0,0,2020-09-22,1157938.429131154
65-74,London,219,0,0,2020-09-22,596507.1213567124
75+,London,219,0,0,2020-09-22,478575.8589277207
1-4,London,220,0,0,2020-09-23,1000070.0276864816
5-14,London,220,0,0,2020-09-23,360209.140770098
15-24,London,220,0,0,2020-09-23,3042422.7340281857
25-44,London,220,0,0,2020-09-23,2078712.0236158592
45-64,London,220,0,0,2020-09-23,1157938.429131154
65-74,London,220,0,0,2020-09-23,596507.1213567124
75+,London,220,0,0,2020-09-23,478575.8589277207
1-4,London,221,0,0,2020-09-24,1000070.0276864816
5-14,London,221,0,0,2020-09-24,360209.140770098
15-24,London,221,0,0,2020-09-24,3042422.7340281857
25-44,London,221,0,0,2020-09-24,2078712.0236158592
45-64,London,221,0,0,2020-09-24,1157938.429131154
65-74,London,221,0,0,2020-09-24,596507.1213567124
75+,London,221,0,0,2020-09-24,478575.8589277207
1-4,London,222,0,0,2020-09-25,1000070.0276864816
5-14,London,222,0,0,2020-09-25,360209.140770098
15-24,London,222,0,0,2020-09-25,3042422.7340281857
25-44,London,222,0,0,2020-09-25,2078712.0236158592
45-64,London,222,0,0,2020-09-25,1157938.429131154
65-74,London,222,0,0,2020-09-25,596507.1213567124
75+,London,222,0,0,2020-09-25,478575.8589277207
1-4,London,223,0,0,2020-09-26,1000070.0276864816
5-14,London,223,0,0,2020-09-26,360209.140770098
15-24,London,223,0,0,2020-09-26,3042422.7340281857
25-44,London,223,0,0,2020-09-26,2078712.0236158592
45-64,London,223,0,0,2020-09-26,1157938.429131154
65-74,London,223,0,0,2020-09-26,596507.1213567124
75+,London,223,0,0,2020-09-26,478575.8589277207
1-4,London,224,0,0,2020-09-27,1000070.0276864816
5-14,London,224,0,0,2020-09-27,360209.140770098
15-24,London,224,0,0,2020-09-27,3042422.7340281857
25-44,London,224,0,0,2020-09-27,2078712.0236158592
45-64,London,224,0,0,2020-09-27,1157938.429131154
65-74,London,224,0,0,2020-09-27,596507.1213567124
75+,London,224,0,0,2020-09-27,478575.8589277207
1-4,London,225,0,0,2020-09-28,1000070.0276864816
5-14,London,225,0,0,2020-09-28,360209.140770098
15-24,London,225,0,0,2020-09-28,3042422.7340281857
25-44,London,225,0,0,2020-09-28,2078712.0236158592
45-64,London,225,0,0,2020-09-28,1157938.429131154
65-74,London,225,0,0,2020-09-28,596507.1213567124
75+,London,225,0,0,2020-09-28,478575.8589277207
1-4,London,226,0,0,2020-09-29,1000070.0276864816
5-14,London,226,0,0,2020-09-29,360209.140770098
15-24,London,226,0,0,2020-09-29,3042422.7340281857
25-44,London,226,0,0,2020-09-29,2078712.0236158592
45-64,London,226,0,0,2020-09-29,1157938.429131154
65-74,London,226,0,0,2020-09-29,596507.1213567124
75+,London,226,0,0,2020-09-29,478575.8589277207
1-4,London,227,0,0,2020-09-30,1000070.0276864816
5-14,London,227,6.99389983756426,0.47383437481951535,2020-09-30,360209.140770098
15-24,London,227,9.457273577681486,0.3970980549545845,2020-09-30,3042422.7340281857
25-44,London,227,8.813595419710419,0.39776502349273957,2020-09-30,2078712.0236158592
45-64,London,227,8.372880070593181,0.41450349744252984,2020-09-30,1157938.429131154
65-74,London,227,7.176599631162171,0.19955119908480337,2020-09-30,596507.1213567124
75+,London,227,7.083364126346142,0.23498315992221716,2020-09-30,478575.8589277207
1-4,London,228,0,0,2020-10-01,1000070.0276864816
5-14,London,228,0,0,2020-10-01,360209.140770098
15-24,London,228,0,0,2020-10-01,3042422.7340281857
25-44,London,228,0,0,2020-10-01,2078712.0236158592
45-64,London,228,0,0,2020-10-01,1157938.429131154
65-74,London,228,0,0,2020-10-01,596507.1213567124
75+,London,228,0,0,2020-10-01,478575.8589277207
1-4,London,229,0,0,2020-10-02,1000070.0276864816
5-14,London,229,0,0,2020-10-02,360209.140770098
15-24,London,229,0,0,2020-10-02,3042422.7340281857
25-44,London,229,0,0,2020-10-02,2078712.0236158592
45-64,London,229,0,0,2020-10-02,1157938.429131154
65-74,London,229,0,0,2020-10-02,596507.1213567124
75+,London,229,0,0,2020-10-02,478575.8589277207
1-4,London,230,0,0,2020-10-03,1000070.0276864816
5-14,London,230,0,0,2020-10-03,360209.140770098
15-24,London,230,0,0,2020-10-03,3042422.7340281857
25-44,London,230,0,0,2020-10-03,2078712.0236158592
45-64,London,230,0,0,2020-10-03,1157938.429131154
65-74,London,230,0,0,2020-10-03,596507.1213567124
75+,London,230,0,0,2020-10-03,478575.8589277207
1-4,London,231,0,0,2020-10-04,1000070.0276864816
5-14,London,231,0,0,2020-10-04,360209.140770098
15-24,London,231,0,0,2020-10-04,3042422.7340281857
25-44,London,231,0,0,2020-10-04,2078712.0236158592
45-64,London,231,0,0,2020-10-04,1157938.429131154
65-74,London,231,0,0,2020-10-04,596507.1213567124
75+,London,231,0,0,2020-10-04,478575.8589277207
1-4,London,232,0,0,2020-10-05,1000070.0276864816
5-14,London,232,0,0,2020-10-05,360209.140770098
15-24,London,232,0,0,2020-10-05,3042422.7340281857
25-44,London,232,0,0,2020-10-05,2078712.0236158592
45-64,London,232,0,0,2020-10-05,1157938.429131154
65-74,London,232,0,0,2020-10-05,596507.1213567124
75+,London,232,0,0,2020-10-05,478575.8589277207
1-4,London,233,0,0,2020-10-06,1000070.0276864816
5-14,London,233,0,0,2020-10-06,360209.140770098
15-24,London,233,0,0,2020-10-06,3042422.7340281857
25-44,London,233,0,0,2020-10-06,2078712.0236158592
45-64,London,233,0,0,2020-10-06,1157938.429131154
65-74,London,233,0,0,2020-10-06,596507.1213567124
75+,London,233,0,0,2020-10-06,478575.8589277207
1-4,London,234,0,0,2020-10-07,1000070.0276864816
5-14,London,234,0,0,2020-10-07,360209.140770098
15-24,London,234,0,0,2020-10-07,3042422.7340281857
25-44,London,234,0,0,2020-10-07,2078712.0236158592
45-64,London,234,0,0,2020-10-07,1157938.429131154
65-74,London,234,0,0,2020-10-07,596507.1213567124
75+,London,234,0,0,2020-10-07,478575.8589277207
1-4,London,235,0,0,2020-10-08,1000070.0276864816
5-14,London,235,0,0,2020-10-08,360209.140770098
15-24,London,235,0,0,2020-10-08,3042422.7340281857
25-44,London,235,0,0,2020-10-08,2078712.0236158592
45-64,London,235,0,0,2020-10-08,1157938.429131154
65-74,London,235,0,0,2020-10-08,596507.1213567124
75+,London,235,0,0,2020-10-08,478575.8589277207
1-4,London,236,0,0,2020-10-09,1000070.0276864816
5-14,London,236,0,0,2020-10-09,360209.140770098
15-24,London,236,0,0,2020-10-09,3042422.7340281857
25-44,London,236,0,0,2020-10-09,2078712.0236158592
45-64,London,236,0,0,2020-10-09,1157938.429131154
65-74,London,236,0,0,2020-10-09,596507.1213567124
75+,London,236,0,0,2020-10-09,478575.8589277207
1-4,London,237,0,0,2020-10-10,1000070.0276864816
5-14,London,237,0,0,2020-10-10,360209.140770098
15-24,London,237,0,0,2020-10-10,3042422.7340281857
25-44,London,237,0,0,2020-10-10,2078712.0236158592
45-64,London,237,0,0,2020-10-10,1157938.429131154
65-74,London,237,0,0,2020-10-10,596507.1213567124
75+,London,237,0,0,2020-10-10,478575.8589277207
1-4,London,238,0,0,2020-10-11,1000070.0276864816
5-14,London,238,0,0,2020-10-11,360209.140770098
15-24,London,238,0,0,2020-10-11,3042422.7340281857
25-44,London,238,0,0,2020-10-11,2078712.0236158592
45-64,London,238,0,0,2020-10-11,1157938.429131154
65-74,London,238,0,0,2020-10-11,596507.1213567124
75+,London,238,0,0,2020-10-11,478575.8589277207
1-4,London,239,0,0,2020-10-12,1000070.0276864816
5-14,London,239,0,0,2020-10-12,360209.140770098
15-24,London,239,0,0,2020-10-12,3042422.7340281857
25-44,London,239,0,0,2020-10-12,2078712.0236158592
45-64,London,239,0,0,2020-10-12,1157938.429131154
65-74,London,239,0,0,2020-10-12,596507.1213567124
75+,London,239,0,0,2020-10-12,478575.8589277207
1-4,London,240,0,0,2020-10-13,1000070.0276864816
5-14,London,240,0,0,2020-10-13,360209.140770098
15-24,London,240,0,0,2020-10-13,3042422.7340281857
25-44,London,240,0,0,2020-10-13,2078712.0236158592
45-64,London,240,0,0,2020-10-13,1157938.429131154
65-74,London,240,0,0,2020-10-13,596507.1213567124
75+,London,240,0,0,2020-10-13,478575.8589277207
1-4,London,241,0,0,2020-10-14,1000070.0276864816
5-14,London,241,7.433725581681921,0.4532879816611169,2020-10-14,360209.140770098
15-24,London,241,10.019657441311098,0.38749532362427225,2020-10-14,3042422.7340281857
25-44,London,241,9.349647753365462,0.38985562801078133,2020-10-14,2078712.0236158592
45-64,London,241,8.932717620768425,0.4000628193106102,2020-10-14,1157938.429131154
65-74,London,241,7.7544272425172265,0.15776095020672007,2020-10-14,596507.1213567124
75+,London,241,7.5287333787231825,0.1946988621943684,2020-10-14,478575.8589277207
1-4,London,242,0,0,2020-10-15,1000070.0276864816
5-14,London,242,0,0,2020-10-15,360209.140770098
15-24,London,242,0,0,2020-10-15,3042422.7340281857
25-44,London,242,0,0,2020-10-15,2078712.0236158592
45-64,London,242,0,0,2020-10-15,1157938.429131154
65-74,London,242,0,0,2020-10-15,596507.1213567124
75+,London,242,0,0,2020-10-15,478575.8589277207
1-4,London,243,0,0,2020-10-16,1000070.0276864816
5-14,London,243,0,0,2020-10-16,360209.140770098
15-24,London,243,0,0,2020-10-16,3042422.7340281857
25-44,London,243,0,0,2020-10-16,2078712.0236158592
45-64,London,243,0,0,2020-10-16,1157938.429131154
65-74,London,243,0,0,2020-10-16,596507.1213567124
75+,London,243,0,0,2020-10-16,478575.8589277207
1-4,London,244,0,0,2020-10-17,1000070.0276864816
5-14,London,244,0,0,2020-10-17,360209.140770098
15-24,London,244,0,0,2020-10-17,3042422.7340281857
25-44,London,244,0,0,2020-10-17,2078712.0236158592
45-64,London,244,0,0,2020-10-17,1157938.429131154
65-74,London,244,0,0,2020-10-17,596507.1213567124
75+,London,244,0,0,2020-10-17,478575.8589277207
1-4,London,245,0,0,2020-10-18,1000070.0276864816
5-14,London,245,0,0,2020-10-18,360209.140770098
15-24,London,245,0,0,2020-10-18,3042422.7340281857
25-44,London,245,0,0,2020-10-18,2078712.0236158592
45-64,London,245,0,0,2020-10-18,1157938.429131154
65-74,London,245,0,0,2020-10-18,596507.1213567124
75+,London,245,0,0,2020-10-18,478575.8589277207
1-4,London,246,0,0,2020-10-19,1000070.0276864816
5-14,London,246,0,0,2020-10-19,360209.140770098
15-24,London,246,0,0,2020-10-19,3042422.7340281857
25-44,London,246,0,0,2020-10-19,2078712.0236158592
45-64,London,246,0,0,2020-10-19,1157938.429131154
65-74,London,246,0,0,2020-10-19,596507.1213567124
75+,London,246,0,0,2020-10-19,478575.8589277207
1-4,London,247,0,0,2020-10-20,1000070.0276864816
5-14,London,247,0,0,2020-10-20,360209.140770098
15-24,London,247,0,0,2020-10-20,3042422.7340281857
25-44,London,247,0,0,2020-10-20,2078712.0236158592
45-64,London,247,0,0,2020-10-20,1157938.429131154
65-74,London,247,0,0,2020-10-20,596507.1213567124
75+,London,247,0,0,2020-10-20,478575.8589277207
1-4,London,248,0,0,2020-10-21,1000070.0276864816
5-14,London,248,0,0,2020-10-21,360209.140770098
15-24,London,248,0,0,2020-10-21,3042422.7340281857
25-44,London,248,0,0,2020-10-21,2078712.0236158592
45-64,London,248,0,0,2020-10-21,1157938.429131154
65-74,London,248,0,0,2020-10-21,596507.1213567124
75+,London,248,0,0,2020-10-21,478575.8589277207
1-4,London,249,0,0,2020-10-22,1000070.0276864816
5-14,London,249,0,0,2020-10-22,360209.140770098
15-24,London,249,0,0,2020-10-22,3042422.7340281857
25-44,London,249,0,0,2020-10-22,2078712.0236158592
45-64,London,249,0,0,2020-10-22,1157938.429131154
65-74,London,249,0,0,2020-10-22,596507.1213567124
75+,London,249,0,0,2020-10-22,478575.8589277207
1-4,London,250,0,0,2020-10-23,1000070.0276864816
5-14,London,250,0,0,2020-10-23,360209.140770098
15-24,London,250,0,0,2020-10-23,3042422.7340281857
25-44,London,250,0,0,2020-10-23,2078712.0236158592
45-64,London,250,0,0,2020-10-23,1157938.429131154
65-74,London,250,0,0,2020-10-23,596507.1213567124
75+,London,250,0,0,2020-10-23,478575.8589277207
1-4,London,251,0,0,2020-10-24,1000070.0276864816
5-14,London,251,0,0,2020-10-24,360209.140770098
15-24,London,251,0,0,2020-10-24,3042422.7340281857
25-44,London,251,0,0,2020-10-24,2078712.0236158592
45-64,London,251,0,0,2020-10-24,1157938.429131154
65-74,London,251,0,0,2020-10-24,596507.1213567124
75+,London,251,0,0,2020-10-24,478575.8589277207
1-4,London,252,0,0,2020-10-25,1000070.0276864816
5-14,London,252,0,0,2020-10-25,360209.140770098
15-24,London,252,0,0,2020-10-25,3042422.7340281857
25-44,London,252,0,0,2020-10-25,2078712.0236158592
45-64,London,252,0,0,2020-10-25,1157938.429131154
65-74,London,252,0,0,2020-10-25,596507.1213567124
75+,London,252,0,0,2020-10-25,478575.8589277207
1-4,London,253,0,0,2020-10-26,1000070.0276864816
5-14,London,253,0,0,2020-10-26,360209.140770098
15-24,London,253,0,0,2020-10-26,3042422.7340281857
25-44,London,253,0,0,2020-10-26,2078712.0236158592
45-64,London,253,0,0,2020-10-26,1157938.429131154
65-74,London,253,0,0,2020-10-26,596507.1213567124
75+,London,253,0,0,2020-10-26,478575.8589277207
1-4,London,254,0,0,2020-10-27,1000070.0276864816
5-14,London,254,0,0,2020-10-27,360209.140770098
15-24,London,254,0,0,2020-10-27,3042422.7340281857
25-44,London,254,0,0,2020-10-27,2078712.0236158592
45-64,London,254,0,0,2020-10-27,1157938.429131154
65-74,London,254,0,0,2020-10-27,596507.1213567124
75+,London,254,0,0,2020-10-27,478575.8589277207
1-4,London,255,0,0,2020-10-28,1000070.0276864816
5-14,London,255,7.870133946756576,0.44199000170097263,2020-10-28,360209.140770098
15-24,London,255,10.416341855677512,0.38489260923038054,2020-10-28,3042422.7340281857
25-44,London,255,9.533384673019583,0.3897469725166984,2020-10-28,2078712.0236158592
45-64,London,255,9.187228809749,0.39825090318721296,2020-10-28,1157938.429131154
65-74,London,255,8.050080588955769,0.15183116064052934,2020-10-28,596507.1213567124
75+,London,255,7.7753744646396985,0.18892163140279228,2020-10-28,478575.8589277207
1-4,London,256,0,0,2020-10-29,1000070.0276864816
5-14,London,256,0,0,2020-10-29,360209.140770098
15-24,London,256,0,0,2020-10-29,3042422.7340281857
25-44,London,256,0,0,2020-10-29,2078712.0236158592
45-64,London,256,0,0,2020-10-29,1157938.429131154
65-74,London,256,0,0,2020-10-29,596507.1213567124
75+,London,256,0,0,2020-10-29,478575.8589277207
1-4,London,257,0,0,2020-10-30,1000070.0276864816
5-14,London,257,0,0,2020-10-30,360209.140770098
15-24,London,257,0,0,2020-10-30,3042422.7340281857
25-44,London,257,0,0,2020-10-30,2078712.0236158592
45-64,London,257,0,0,2020-10-30,1157938.429131154
65-74,London,257,0,0,2020-10-30,596507.1213567124
75+,London,257,0,0,2020-10-30,478575.8589277207
1-4,London,258,0,0,2020-10-31,1000070.0276864816
5-14,London,258,0,0,2020-10-31,360209.140770098
15-24,London,258,0,0,2020-10-31,3042422.7340281857
25-44,London,258,0,0,2020-10-31,2078712.0236158592
45-64,London,258,0,0,2020-10-31,1157938.429131154
65-74,London,258,0,0,2020-10-31,596507.1213567124
75+,London,258,0,0,2020-10-31,478575.8589277207
1-4,London,259,0,0,2020-11-01,1000070.0276864816
5-14,London,259,0,0,2020-11-01,360209.140770098
15-24,London,259,0,0,2020-11-01,3042422.7340281857
25-44,London,259,0,0,2020-11-01,2078712.0236158592
45-64,London,259,0,0,2020-11-01,1157938.429131154
65-74,London,259,0,0,2020-11-01,596507.1213567124
75+,London,259,0,0,2020-11-01,478575.8589277207
1-4,London,260,0,0,2020-11-02,1000070.0276864816
5-14,London,260,0,0,2020-11-02,360209.140770098
15-24,London,260,0,0,2020-11-02,3042422.7340281857
25-44,London,260,0,0,2020-11-02,2078712.0236158592
45-64,London,260,0,0,2020-11-02,1157938.429131154
65-74,London,260,0,0,2020-11-02,596507.1213567124
75+,London,260,0,0,2020-11-02,478575.8589277207
1-4,London,261,0,0,2020-11-03,1000070.0276864816
5-14,London,261,0,0,2020-11-03,360209.140770098
15-24,London,261,0,0,2020-11-03,3042422.7340281857
25-44,London,261,0,0,2020-11-03,2078712.0236158592
45-64,London,261,0,0,2020-11-03,1157938.429131154
65-74,London,261,0,0,2020-11-03,596507.1213567124
75+,London,261,0,0,2020-11-03,478575.8589277207
1-4,London,262,0,0,2020-11-04,1000070.0276864816
5-14,London,262,0,0,2020-11-04,360209.140770098
15-24,London,262,0,0,2020-11-04,3042422.7340281857
25-44,London,262,0,0,2020-11-04,2078712.0236158592
45-64,London,262,0,0,2020-11-04,1157938.429131154
65-74,London,262,0,0,2020-11-04,596507.1213567124
75+,London,262,0,0,2020-11-04,478575.8589277207
1-4,London,263,0,0,2020-11-05,1000070.0276864816
5-14,London,263,0,0,2020-11-05,360209.140770098
15-24,London,263,0,0,2020-11-05,3042422.7340281857
25-44,London,263,0,0,2020-11-05,2078712.0236158592
45-64,London,263,0,0,2020-11-05,1157938.429131154
65-74,London,263,0,0,2020-11-05,596507.1213567124
75+,London,263,0,0,2020-11-05,478575.8589277207
1-4,London,264,0,0,2020-11-06,1000070.0276864816
5-14,London,264,0,0,2020-11-06,360209.140770098
15-24,London,264,0,0,2020-11-06,3042422.7340281857
25-44,London,264,0,0,2020-11-06,2078712.0236158592
45-64,London,264,0,0,2020-11-06,1157938.429131154
65-74,London,264,0,0,2020-11-06,596507.1213567124
75+,London,264,0,0,2020-11-06,478575.8589277207
1-4,London,265,0,0,2020-11-07,1000070.0276864816
5-14,London,265,0,0,2020-11-07,360209.140770098
15-24,London,265,0,0,2020-11-07,3042422.7340281857
25-44,London,265,0,0,2020-11-07,2078712.0236158592
45-64,London,265,0,0,2020-11-07,1157938.429131154
65-74,London,265,0,0,2020-11-07,596507.1213567124
75+,London,265,0,0,2020-11-07,478575.8589277207
1-4,London,266,0,0,2020-11-08,1000070.0276864816
5-14,London,266,0,0,2020-11-08,360209.140770098
15-24,London,266,0,0,2020-11-08,3042422.7340281857
25-44,London,266,0,0,2020-11-08,2078712.0236158592
45-64,London,266,0,0,2020-11-08,1157938.429131154
65-74,London,266,0,0,2020-11-08,596507.1213567124
75+,London,266,0,0,2020-11-08,478575.8589277207
1-4,London,267,0,0,2020-11-09,1000070.0276864816
5-14,London,267,0,0,2020-11-09,360209.140770098
15-24,London,267,0,0,2020-11-09,3042422.7340281857
25-44,London,267,0,0,2020-11-09,2078712.0236158592
45-64,London,267,0,0,2020-11-09,1157938.429131154
65-74,London,267,0,0,2020-11-09,596507.1213567124
75+,London,267,0,0,2020-11-09,478575.8589277207
1-4,London,268,0,0,2020-11-10,1000070.0276864816
5-14,London,268,0,0,2020-11-10,360209.140770098
15-24,London,268,0,0,2020-11-10,3042422.7340281857
25-44,London,268,0,0,2020-11-10,2078712.0236158592
45-64,London,268,0,0,2020-11-10,1157938.429131154
65-74,London,268,0,0,2020-11-10,596507.1213567124
75+,London,268,0,0,2020-11-10,478575.8589277207
1-4,London,269,0,0,2020-11-11,1000070.0276864816
5-14,London,269,8.188054296034288,0.4342426836219344,2020-11-11,360209.140770098
15-24,London,269,10.620368046542266,0.37955998024787435,2020-11-11,3042422.7340281857
25-44,London,269,9.700482280839415,0.3887031814686488,2020-11-11,2078712.0236158592
45-64,London,269,9.397097852135547,0.39691126138264127,2020-11-11,1157938.429131154
65-74,London,269,8.120676393595856,0.1518732686468986,2020-11-11,596507.1213567124
75+,London,269,7.825932090952971,0.19493371895340658,2020-11-11,478575.8589277207
1-4,London,270,0,0,2020-11-12,1000070.0276864816
5-14,London,270,0,0,2020-11-12,360209.140770098
15-24,London,270,0,0,2020-11-12,3042422.7340281857
25-44,London,270,0,0,2020-11-12,2078712.0236158592
45-64,London,270,0,0,2020-11-12,1157938.429131154
65-74,London,270,0,0,2020-11-12,596507.1213567124
75+,London,270,0,0,2020-11-12,478575.8589277207
1-4,London,271,0,0,2020-11-13,1000070.0276864816
5-14,London,271,0,0,2020-11-13,360209.140770098
15-24,London,271,0,0,2020-11-13,3042422.7340281857
25-44,London,271,0,0,2020-11-13,2078712.0236158592
45-64,London,271,0,0,2020-11-13,1157938.429131154
65-74,London,271,0,0,2020-11-13,596507.1213567124
75+,London,271,0,0,2020-11-13,478575.8589277207
1-4,London,272,0,0,2020-11-14,1000070.0276864816
5-14,London,272,0,0,2020-11-14,360209.140770098
15-24,London,272,0,0,2020-11-14,3042422.7340281857
25-44,London,272,0,0,2020-11-14,2078712.0236158592
45-64,London,272,0,0,2020-11-14,1157938.429131154
65-74,London,272,0,0,2020-11-14,596507.1213567124
75+,London,272,0,0,2020-11-14,478575.8589277207
1-4,London,273,0,0,2020-11-15,1000070.0276864816
5-14,London,273,0,0,2020-11-15,360209.140770098
15-24,London,273,0,0,2020-11-15,3042422.7340281857
25-44,London,273,0,0,2020-11-15,2078712.0236158592
45-64,London,273,0,0,2020-11-15,1157938.429131154
65-74,London,273,0,0,2020-11-15,596507.1213567124
75+,London,273,0,0,2020-11-15,478575.8589277207
1-4,London,274,0,0,2020-11-16,1000070.0276864816
5-14,London,274,0,0,2020-11-16,360209.140770098
15-24,London,274,0,0,2020-11-16,3042422.7340281857
25-44,London,274,0,0,2020-11-16,2078712.0236158592
45-64,London,274,0,0,2020-11-16,1157938.429131154
65-74,London,274,0,0,2020-11-16,596507.1213567124
75+,London,274,0,0,2020-11-16,478575.8589277207
1-4,London,275,0,0,2020-11-17,1000070.0276864816
5-14,London,275,0,0,2020-11-17,360209.140770098
15-24,London,275,0,0,2020-11-17,3042422.7340281857
25-44,London,275,0,0,2020-11-17,2078712.0236158592
45-64,London,275,0,0,2020-11-17,1157938.429131154
65-74,London,275,0,0,2020-11-17,596507.1213567124
75+,London,275,0,0,2020-11-17,478575.8589277207
1-4,London,276,0,0,2020-11-18,1000070.0276864816
5-14,London,276,0,0,2020-11-18,360209.140770098
15-24,London,276,0,0,2020-11-18,3042422.7340281857
25-44,London,276,0,0,2020-11-18,2078712.0236158592
45-64,London,276,0,0,2020-11-18,1157938.429131154
65-74,London,276,0,0,2020-11-18,596507.1213567124
75+,London,276,0,0,2020-11-18,478575.8589277207
1-4,London,277,0,0,2020-11-19,1000070.0276864816
5-14,London,277,0,0,2020-11-19,360209.140770098
15-24,London,277,0,0,2020-11-19,3042422.7340281857
25-44,London,277,0,0,2020-11-19,2078712.0236158592
45-64,London,277,0,0,2020-11-19,1157938.429131154
65-74,London,277,0,0,2020-11-19,596507.1213567124
75+,London,277,0,0,2020-11-19,478575.8589277207
1-4,London,278,0,0,2020-11-20,1000070.0276864816
5-14,London,278,0,0,2020-11-20,360209.140770098
15-24,London,278,0,0,2020-11-20,3042422.7340281857
25-44,London,278,0,0,2020-11-20,2078712.0236158592
45-64,London,278,0,0,2020-11-20,1157938.429131154
65-74,London,278,0,0,2020-11-20,596507.1213567124
75+,London,278,0,0,2020-11-20,478575.8589277207
1-4,London,279,0,0,2020-11-21,1000070.0276864816
5-14,London,279,0,0,2020-11-21,360209.140770098
15-24,London,279,0,0,2020-11-21,3042422.7340281857
25-44,London,279,0,0,2020-11-21,2078712.0236158592
45-64,London,279,0,0,2020-11-21,1157938.429131154
65-74,London,279,0,0,2020-11-21,596507.1213567124
75+,London,279,0,0,2020-11-21,478575.8589277207
1-4,London,280,0,0,2020-11-22,1000070.0276864816
5-14,London,280,0,0,2020-11-22,360209.140770098
15-24,London,280,0,0,2020-11-22,3042422.7340281857
25-44,London,280,0,0,2020-11-22,2078712.0236158592
45-64,London,280,0,0,2020-11-22,1157938.429131154
65-74,London,280,0,0,2020-11-22,596507.1213567124
75+,London,280,0,0,2020-11-22,478575.8589277207
1-4,London,281,0,0,2020-11-23,1000070.0276864816
5-14,London,281,0,0,2020-11-23,360209.140770098
15-24,London,281,0,0,2020-11-23,3042422.7340281857
25-44,London,281,0,0,2020-11-23,2078712.0236158592
45-64,London,281,0,0,2020-11-23,1157938.429131154
65-74,London,281,0,0,2020-11-23,596507.1213567124
75+,London,281,0,0,2020-11-23,478575.8589277207
1-4,London,282,0,0,2020-11-24,1000070.0276864816
5-14,London,282,0,0,2020-11-24,360209.140770098
15-24,London,282,0,0,2020-11-24,3042422.7340281857
25-44,London,282,0,0,2020-11-24,2078712.0236158592
45-64,London,282,0,0,2020-11-24,1157938.429131154
65-74,London,282,0,0,2020-11-24,596507.1213567124
75+,London,282,0,0,2020-11-24,478575.8589277207
1-4,London,283,0,0,2020-11-25,1000070.0276864816
5-14,London,283,7.931279411111063,0.4322047728049384,2020-11-25,360209.140770098
15-24,London,283,10.239306830739006,0.38203385785105803,2020-11-25,3042422.7340281857
25-44,London,283,9.403674122976245,0.3894930483975462,2020-11-25,2078712.0236158592
45-64,London,283,9.419607402863774,0.39440646718893163,2020-11-25,1157938.429131154
65-74,London,283,7.712907342969096,0.1539129960799876,2020-11-25,596507.1213567124
75+,London,283,7.378146192524279,0.20148035803059056,2020-11-25,478575.8589277207
1-4,London,284,0,0,2020-11-26,1000070.0276864816
5-14,London,284,0,0,2020-11-26,360209.140770098
15-24,London,284,0,0,2020-11-26,3042422.7340281857
25-44,London,284,0,0,2020-11-26,2078712.0236158592
45-64,London,284,0,0,2020-11-26,1157938.429131154
65-74,London,284,0,0,2020-11-26,596507.1213567124
75+,London,284,0,0,2020-11-26,478575.8589277207
1-4,London,285,0,0,2020-11-27,1000070.0276864816
5-14,London,285,0,0,2020-11-27,360209.140770098
15-24,London,285,0,0,2020-11-27,3042422.7340281857
25-44,London,285,0,0,2020-11-27,2078712.0236158592
45-64,London,285,0,0,2020-11-27,1157938.429131154
65-74,London,285,0,0,2020-11-27,596507.1213567124
75+,London,285,0,0,2020-11-27,478575.8589277207
1-4,London,286,0,0,2020-11-28,1000070.0276864816
5-14,London,286,0,0,2020-11-28,360209.140770098
15-24,London,286,0,0,2020-11-28,3042422.7340281857
25-44,London,286,0,0,2020-11-28,2078712.0236158592
45-64,London,286,0,0,2020-11-28,1157938.429131154
65-74,London,286,0,0,2020-11-28,596507.1213567124
75+,London,286,0,0,2020-11-28,478575.8589277207
1-4,London,287,0,0,2020-11-29,1000070.0276864816
5-14,London,287,0,0,2020-11-29,360209.140770098
15-24,London,287,0,0,2020-11-29,3042422.7340281857
25-44,London,287,0,0,2020-11-29,2078712.0236158592
45-64,London,287,0,0,2020-11-29,1157938.429131154
65-74,London,287,0,0,2020-11-29,596507.1213567124
75+,London,287,0,0,2020-11-29,478575.8589277207
1-4,London,288,0,0,2020-11-30,1000070.0276864816
5-14,London,288,0,0,2020-11-30,360209.140770098
15-24,London,288,0,0,2020-11-30,3042422.7340281857
25-44,London,288,0,0,2020-11-30,2078712.0236158592
45-64,London,288,0,0,2020-11-30,1157938.429131154
65-74,London,288,0,0,2020-11-30,596507.1213567124
75+,London,288,0,0,2020-11-30,478575.8589277207
1-4,London,289,0,0,2020-12-01,1000070.0276864816
5-14,London,289,0,0,2020-12-01,360209.140770098
15-24,London,289,0,0,2020-12-01,3042422.7340281857
25-44,London,289,0,0,2020-12-01,2078712.0236158592
45-64,London,289,0,0,2020-12-01,1157938.429131154
65-74,London,289,0,0,2020-12-01,596507.1213567124
75+,London,289,0,0,2020-12-01,478575.8589277207
1-4,London,290,0,0,2020-12-02,1000070.0276864816
5-14,London,290,0,0,2020-12-02,360209.140770098
15-24,London,290,0,0,2020-12-02,3042422.7340281857
25-44,London,290,0,0,2020-12-02,2078712.0236158592
45-64,London,290,0,0,2020-12-02,1157938.429131154
65-74,London,290,0,0,2020-12-02,596507.1213567124
75+,London,290,0,0,2020-12-02,478575.8589277207
1-4,London,291,0,0,2020-12-03,1000070.0276864816
5-14,London,291,0,0,2020-12-03,360209.140770098
15-24,London,291,0,0,2020-12-03,3042422.7340281857
25-44,London,291,0,0,2020-12-03,2078712.0236158592
45-64,London,291,0,0,2020-12-03,1157938.429131154
65-74,London,291,0,0,2020-12-03,596507.1213567124
75+,London,291,0,0,2020-12-03,478575.8589277207
1-4,London,292,0,0,2020-12-04,1000070.0276864816
5-14,London,292,0,0,2020-12-04,360209.140770098
15-24,London,292,0,0,2020-12-04,3042422.7340281857
25-44,London,292,0,0,2020-12-04,2078712.0236158592
45-64,London,292,0,0,2020-12-04,1157938.429131154
65-74,London,292,0,0,2020-12-04,596507.1213567124
75+,London,292,0,0,2020-12-04,478575.8589277207
1-4,London,293,0,0,2020-12-05,1000070.0276864816
5-14,London,293,0,0,2020-12-05,360209.140770098
15-24,London,293,0,0,2020-12-05,3042422.7340281857
25-44,London,293,0,0,2020-12-05,2078712.0236158592
45-64,London,293,0,0,2020-12-05,1157938.429131154
65-74,London,293,0,0,2020-12-05,596507.1213567124
75+,London,293,0,0,2020-12-05,478575.8589277207
1-4,London,294,0,0,2020-12-06,1000070.0276864816
5-14,London,294,0,0,2020-12-06,360209.140770098
15-24,London,294,0,0,2020-12-06,3042422.7340281857
25-44,London,294,0,0,2020-12-06,2078712.0236158592
45-64,London,294,0,0,2020-12-06,1157938.429131154
65-74,London,294,0,0,2020-12-06,596507.1213567124
75+,London,294,0,0,2020-12-06,478575.8589277207
1-4,London,295,0,0,2020-12-07,1000070.0276864816
5-14,London,295,0,0,2020-12-07,360209.140770098
15-24,London,295,0,0,2020-12-07,3042422.7340281857
25-44,London,295,0,0,2020-12-07,2078712.0236158592
45-64,London,295,0,0,2020-12-07,1157938.429131154
65-74,London,295,0,0,2020-12-07,596507.1213567124
75+,London,295,0,0,2020-12-07,478575.8589277207
1-4,London,296,0,0,2020-12-08,1000070.0276864816
5-14,London,296,0,0,2020-12-08,360209.140770098
15-24,London,296,0,0,2020-12-08,3042422.7340281857
25-44,London,296,0,0,2020-12-08,2078712.0236158592
45-64,London,296,0,0,2020-12-08,1157938.429131154
65-74,London,296,0,0,2020-12-08,596507.1213567124
75+,London,296,0,0,2020-12-08,478575.8589277207
1-4,London,297,0,0,2020-12-09,1000070.0276864816
5-14,London,297,8.529787884570455,0.41825584135031135,2020-12-09,360209.140770098
15-24,London,297,10.887872632381427,0.37554585227052956,2020-12-09,3042422.7340281857
25-44,London,297,10.121981391207385,0.38272269573666984,2020-12-09,2078712.0236158592
45-64,London,297,10.316744215815282,0.3803464422378499,2020-12-09,1157938.429131154
65-74,London,297,8.356384227322476,0.1306521882681851,2020-12-09,596507.1213567124
75+,London,297,7.865708330423431,0.17819514678952592,2020-12-09,478575.8589277207
1-4,London,298,0,0,2020-12-10,1000070.0276864816
5-14,London,298,0,0,2020-12-10,360209.140770098
15-24,London,298,0,0,2020-12-10,3042422.7340281857
25-44,London,298,0,0,2020-12-10,2078712.0236158592
45-64,London,298,0,0,2020-12-10,1157938.429131154
65-74,London,298,0,0,2020-12-10,596507.1213567124
75+,London,298,0,0,2020-12-10,478575.8589277207
1-4,London,299,0,0,2020-12-11,1000070.0276864816
5-14,London,299,0,0,2020-12-11,360209.140770098
15-24,London,299,0,0,2020-12-11,3042422.7340281857
25-44,London,299,0,0,2020-12-11,2078712.0236158592
45-64,London,299,0,0,2020-12-11,1157938.429131154
65-74,London,299,0,0,2020-12-11,596507.1213567124
75+,London,299,0,0,2020-12-11,478575.8589277207
1-4,London,300,0,0,2020-12-12,1000070.0276864816
5-14,London,300,0,0,2020-12-12,360209.140770098
15-24,London,300,0,0,2020-12-12,3042422.7340281857
25-44,London,300,0,0,2020-12-12,2078712.0236158592
45-64,London,300,0,0,2020-12-12,1157938.429131154
65-74,London,300,0,0,2020-12-12,596507.1213567124
75+,London,300,0,0,2020-12-12,478575.8589277207
1-4,London,301,0,0,2020-12-13,1000070.0276864816
5-14,London,301,0,0,2020-12-13,360209.140770098
15-24,London,301,0,0,2020-12-13,3042422.7340281857
25-44,London,301,0,0,2020-12-13,2078712.0236158592
45-64,London,301,0,0,2020-12-13,1157938.429131154
65-74,London,301,0,0,2020-12-13,596507.1213567124
75+,London,301,0,0,2020-12-13,478575.8589277207
1-4,London,302,0,0,2020-12-14,1000070.0276864816
5-14,London,302,0,0,2020-12-14,360209.140770098
15-24,London,302,0,0,2020-12-14,3042422.7340281857
25-44,London,302,0,0,2020-12-14,2078712.0236158592
45-64,London,302,0,0,2020-12-14,1157938.429131154
65-74,London,302,0,0,2020-12-14,596507.1213567124
75+,London,302,0,0,2020-12-14,478575.8589277207
1-4,London,303,0,0,2020-12-15,1000070.0276864816
5-14,London,303,0,0,2020-12-15,360209.140770098
15-24,London,303,0,0,2020-12-15,3042422.7340281857
25-44,London,303,0,0,2020-12-15,2078712.0236158592
45-64,London,303,0,0,2020-12-15,1157938.429131154
65-74,London,303,0,0,2020-12-15,596507.1213567124
75+,London,303,0,0,2020-12-15,478575.8589277207
1-4,London,304,0,0,2020-12-16,1000070.0276864816
5-14,London,304,0,0,2020-12-16,360209.140770098
15-24,London,304,0,0,2020-12-16,3042422.7340281857
25-44,London,304,0,0,2020-12-16,2078712.0236158592
45-64,London,304,0,0,2020-12-16,1157938.429131154
65-74,London,304,0,0,2020-12-16,596507.1213567124
75+,London,304,0,0,2020-12-16,478575.8589277207
1-4,London,305,0,0,2020-12-17,1000070.0276864816
5-14,London,305,0,0,2020-12-17,360209.140770098
15-24,London,305,0,0,2020-12-17,3042422.7340281857
25-44,London,305,0,0,2020-12-17,2078712.0236158592
45-64,London,305,0,0,2020-12-17,1157938.429131154
65-74,London,305,0,0,2020-12-17,596507.1213567124
75+,London,305,0,0,2020-12-17,478575.8589277207
1-4,London,306,0,0,2020-12-18,1000070.0276864816
5-14,London,306,0,0,2020-12-18,360209.140770098
15-24,London,306,0,0,2020-12-18,3042422.7340281857
25-44,London,306,0,0,2020-12-18,2078712.0236158592
45-64,London,306,0,0,2020-12-18,1157938.429131154
65-74,London,306,0,0,2020-12-18,596507.1213567124
75+,London,306,0,0,2020-12-18,478575.8589277207
1-4,London,307,0,0,2020-12-19,1000070.0276864816
5-14,London,307,0,0,2020-12-19,360209.140770098
15-24,London,307,0,0,2020-12-19,3042422.7340281857
25-44,London,307,0,0,2020-12-19,2078712.0236158592
45-64,London,307,0,0,2020-12-19,1157938.429131154
65-74,London,307,0,0,2020-12-19,596507.1213567124
75+,London,307,0,0,2020-12-19,478575.8589277207
1-4,London,308,0,0,2020-12-20,1000070.0276864816
5-14,London,308,0,0,2020-12-20,360209.140770098
15-24,London,308,0,0,2020-12-20,3042422.7340281857
25-44,London,308,0,0,2020-12-20,2078712.0236158592
45-64,London,308,0,0,2020-12-20,1157938.429131154
65-74,London,308,0,0,2020-12-20,596507.1213567124
75+,London,308,0,0,2020-12-20,478575.8589277207
1-4,London,309,0,0,2020-12-21,1000070.0276864816
5-14,London,309,0,0,2020-12-21,360209.140770098
15-24,London,309,0,0,2020-12-21,3042422.7340281857
25-44,London,309,0,0,2020-12-21,2078712.0236158592
45-64,London,309,0,0,2020-12-21,1157938.429131154
65-74,London,309,0,0,2020-12-21,596507.1213567124
75+,London,309,0,0,2020-12-21,478575.8589277207
1-4,London,310,0,0,2020-12-22,1000070.0276864816
5-14,London,310,0,0,2020-12-22,360209.140770098
15-24,London,310,0,0,2020-12-22,3042422.7340281857
25-44,London,310,0,0,2020-12-22,2078712.0236158592
45-64,London,310,0,0,2020-12-22,1157938.429131154
65-74,London,310,0,0,2020-12-22,596507.1213567124
75+,London,310,0,0,2020-12-22,478575.8589277207
1-4,London,311,0,0,2020-12-23,1000070.0276864816
5-14,London,311,9.327178212204277,0.4049483798390054,2020-12-23,360209.140770098
15-24,London,311,11.798333833379672,0.3644250795338451,2020-12-23,3042422.7340281857
25-44,London,311,11.086364510041182,0.37248404426607945,2020-12-23,2078712.0236158592
45-64,London,311,10.851803104755156,0.3704074623522363,2020-12-23,1157938.429131154
65-74,London,311,9.316833718086563,0.10294378314690814,2020-12-23,596507.1213567124
75+,London,311,8.709733059549684,0.1506290440162801,2020-12-23,478575.8589277207
1-4,London,312,0,0,2020-12-24,1000070.0276864816
5-14,London,312,0,0,2020-12-24,360209.140770098
15-24,London,312,0,0,2020-12-24,3042422.7340281857
25-44,London,312,0,0,2020-12-24,2078712.0236158592
45-64,London,312,0,0,2020-12-24,1157938.429131154
65-74,London,312,0,0,2020-12-24,596507.1213567124
75+,London,312,0,0,2020-12-24,478575.8589277207
1-4,London,313,0,0,2020-12-25,1000070.0276864816
5-14,London,313,0,0,2020-12-25,360209.140770098
15-24,London,313,0,0,2020-12-25,3042422.7340281857
25-44,London,313,0,0,2020-12-25,2078712.0236158592
45-64,London,313,0,0,2020-12-25,1157938.429131154
65-74,London,313,0,0,2020-12-25,596507.1213567124
75+,London,313,0,0,2020-12-25,478575.8589277207
1-4,London,314,0,0,2020-12-26,1000070.0276864816
5-14,London,314,0,0,2020-12-26,360209.140770098
15-24,London,314,0,0,2020-12-26,3042422.7340281857
25-44,London,314,0,0,2020-12-26,2078712.0236158592
45-64,London,314,0,0,2020-12-26,1157938.429131154
65-74,London,314,0,0,2020-12-26,596507.1213567124
75+,London,314,0,0,2020-12-26,478575.8589277207
1-4,London,315,0,0,2020-12-27,1000070.0276864816
5-14,London,315,0,0,2020-12-27,360209.140770098
15-24,London,315,0,0,2020-12-27,3042422.7340281857
25-44,London,315,0,0,2020-12-27,2078712.0236158592
45-64,London,315,0,0,2020-12-27,1157938.429131154
65-74,London,315,0,0,2020-12-27,596507.1213567124
75+,London,315,0,0,2020-12-27,478575.8589277207
1-4,London,316,0,0,2020-12-28,1000070.0276864816
5-14,London,316,0,0,2020-12-28,360209.140770098
15-24,London,316,0,0,2020-12-28,3042422.7340281857
25-44,London,316,0,0,2020-12-28,2078712.0236158592
45-64,London,316,0,0,2020-12-28,1157938.429131154
65-74,London,316,0,0,2020-12-28,596507.1213567124
75+,London,316,0,0,2020-12-28,478575.8589277207
1-4,London,317,0,0,2020-12-29,1000070.0276864816
5-14,London,317,0,0,2020-12-29,360209.140770098
15-24,London,317,0,0,2020-12-29,3042422.7340281857
25-44,London,317,0,0,2020-12-29,2078712.0236158592
45-64,London,317,0,0,2020-12-29,1157938.429131154
65-74,London,317,0,0,2020-12-29,596507.1213567124
75+,London,317,0,0,2020-12-29,478575.8589277207
1-4,London,318,0,0,2020-12-30,1000070.0276864816
5-14,London,318,0,0,2020-12-30,360209.140770098
15-24,London,318,0,0,2020-12-30,3042422.7340281857
25-44,London,318,0,0,2020-12-30,2078712.0236158592
45-64,London,318,0,0,2020-12-30,1157938.429131154
65-74,London,318,0,0,2020-12-30,596507.1213567124
75+,London,318,0,0,2020-12-30,478575.8589277207
1-4,London,319,0,0,2020-12-31,1000070.0276864816
5-14,London,319,0,0,2020-12-31,360209.140770098
15-24,London,319,0,0,2020-12-31,3042422.7340281857
25-44,London,319,0,0,2020-12-31,2078712.0236158592
45-64,London,319,0,0,2020-12-31,1157938.429131154
65-74,London,319,0,0,2020-12-31,596507.1213567124
75+,London,319,0,0,2020-12-31,478575.8589277207
1-4,London,320,0,0,2021-01-01,1000070.0276864816
5-14,London,320,0,0,2021-01-01,360209.140770098
15-24,London,320,0,0,2021-01-01,3042422.7340281857
25-44,London,320,0,0,2021-01-01,2078712.0236158592
45-64,London,320,0,0,2021-01-01,1157938.429131154
65-74,London,320,0,0,2021-01-01,596507.1213567124
75+,London,320,0,0,2021-01-01,478575.8589277207
1-4,London,321,0,0,2021-01-02,1000070.0276864816
5-14,London,321,0,0,2021-01-02,360209.140770098
15-24,London,321,0,0,2021-01-02,3042422.7340281857
25-44,London,321,0,0,2021-01-02,2078712.0236158592
45-64,London,321,0,0,2021-01-02,1157938.429131154
65-74,London,321,0,0,2021-01-02,596507.1213567124
75+,London,321,0,0,2021-01-02,478575.8589277207
1-4,London,322,0,0,2021-01-03,1000070.0276864816
5-14,London,322,0,0,2021-01-03,360209.140770098
15-24,London,322,0,0,2021-01-03,3042422.7340281857
25-44,London,322,0,0,2021-01-03,2078712.0236158592
45-64,London,322,0,0,2021-01-03,1157938.429131154
65-74,London,322,0,0,2021-01-03,596507.1213567124
75+,London,322,0,0,2021-01-03,478575.8589277207
1-4,London,323,0,0,2021-01-04,1000070.0276864816
5-14,London,323,0,0,2021-01-04,360209.140770098
15-24,London,323,0,0,2021-01-04,3042422.7340281857
25-44,London,323,0,0,2021-01-04,2078712.0236158592
45-64,London,323,0,0,2021-01-04,1157938.429131154
65-74,London,323,0,0,2021-01-04,596507.1213567124
75+,London,323,0,0,2021-01-04,478575.8589277207
1-4,London,324,0,0,2021-01-05,1000070.0276864816
5-14,London,324,0,0,2021-01-05,360209.140770098
15-24,London,324,0,0,2021-01-05,3042422.7340281857
25-44,London,324,0,0,2021-01-05,2078712.0236158592
45-64,London,324,0,0,2021-01-05,1157938.429131154
65-74,London,324,0,0,2021-01-05,596507.1213567124
75+,London,324,0,0,2021-01-05,478575.8589277207
1-4,London,325,0,0,2021-01-06,1000070.0276864816
5-14,London,325,9.16229039558928,0.3975584410256311,2021-01-06,360209.140770098
15-24,London,325,11.808291458030764,0.36309051047944385,2021-01-06,3042422.7340281857
25-44,London,325,11.09838232453059,0.37029726560490867,2021-01-06,2078712.0236158592
45-64,London,325,10.335627196148751,0.3786212971081757,2021-01-06,1157938.429131154
65-74,London,325,9.3720401880799,0.09242364047619711,2021-01-06,596507.1213567124
75+,London,325,8.83251916595777,0.12873912995908737,2021-01-06,478575.8589277207
1-4,London,326,0,0,2021-01-07,1000070.0276864816
5-14,London,326,0,0,2021-01-07,360209.140770098
15-24,London,326,0,0,2021-01-07,3042422.7340281857
25-44,London,326,0,0,2021-01-07,2078712.0236158592
45-64,London,326,0,0,2021-01-07,1157938.429131154
65-74,London,326,0,0,2021-01-07,596507.1213567124
75+,London,326,0,0,2021-01-07,478575.8589277207
1-4,London,327,0,0,2021-01-08,1000070.0276864816
5-14,London,327,0,0,2021-01-08,360209.140770098
15-24,London,327,0,0,2021-01-08,3042422.7340281857
25-44,London,327,0,0,2021-01-08,2078712.0236158592
45-64,London,327,0,0,2021-01-08,1157938.429131154
65-74,London,327,0,0,2021-01-08,596507.1213567124
75+,London,327,0,0,2021-01-08,478575.8589277207
1-4,London,328,0,0,2021-01-09,1000070.0276864816
5-14,London,328,0,0,2021-01-09,360209.140770098
15-24,London,328,0,0,2021-01-09,3042422.7340281857
25-44,London,328,0,0,2021-01-09,2078712.0236158592
45-64,London,328,0,0,2021-01-09,1157938.429131154
65-74,London,328,0,0,2021-01-09,596507.1213567124
75+,London,328,0,0,2021-01-09,478575.8589277207
1-4,London,329,0,0,2021-01-10,1000070.0276864816
5-14,London,329,0,0,2021-01-10,360209.140770098
15-24,London,329,0,0,2021-01-10,3042422.7340281857
25-44,London,329,0,0,2021-01-10,2078712.0236158592
45-64,London,329,0,0,2021-01-10,1157938.429131154
65-74,London,329,0,0,2021-01-10,596507.1213567124
75+,London,329,0,0,2021-01-10,478575.8589277207
1-4,London,330,0,0,2021-01-11,1000070.0276864816
5-14,London,330,0,0,2021-01-11,360209.140770098
15-24,London,330,0,0,2021-01-11,3042422.7340281857
25-44,London,330,0,0,2021-01-11,2078712.0236158592
45-64,London,330,0,0,2021-01-11,1157938.429131154
65-74,London,330,0,0,2021-01-11,596507.1213567124
75+,London,330,0,0,2021-01-11,478575.8589277207
1-4,London,331,0,0,2021-01-12,1000070.0276864816
5-14,London,331,0,0,2021-01-12,360209.140770098
15-24,London,331,0,0,2021-01-12,3042422.7340281857
25-44,London,331,0,0,2021-01-12,2078712.0236158592
45-64,London,331,0,0,2021-01-12,1157938.429131154
65-74,London,331,0,0,2021-01-12,596507.1213567124
75+,London,331,0,0,2021-01-12,478575.8589277207
1-4,London,332,0,0,2021-01-13,1000070.0276864816
5-14,London,332,0,0,2021-01-13,360209.140770098
15-24,London,332,0,0,2021-01-13,3042422.7340281857
25-44,London,332,0,0,2021-01-13,2078712.0236158592
45-64,London,332,0,0,2021-01-13,1157938.429131154
65-74,London,332,0,0,2021-01-13,596507.1213567124
75+,London,332,0,0,2021-01-13,478575.8589277207
1-4,London,333,0,0,2021-01-14,1000070.0276864816
5-14,London,333,0,0,2021-01-14,360209.140770098
15-24,London,333,0,0,2021-01-14,3042422.7340281857
25-44,London,333,0,0,2021-01-14,2078712.0236158592
45-64,London,333,0,0,2021-01-14,1157938.429131154
65-74,London,333,0,0,2021-01-14,596507.1213567124
75+,London,333,0,0,2021-01-14,478575.8589277207
1-4,London,334,0,0,2021-01-15,1000070.0276864816
5-14,London,334,0,0,2021-01-15,360209.140770098
15-24,London,334,0,0,2021-01-15,3042422.7340281857
25-44,London,334,0,0,2021-01-15,2078712.0236158592
45-64,London,334,0,0,2021-01-15,1157938.429131154
65-74,London,334,0,0,2021-01-15,596507.1213567124
75+,London,334,0,0,2021-01-15,478575.8589277207
1-4,London,335,0,0,2021-01-16,1000070.0276864816
5-14,London,335,0,0,2021-01-16,360209.140770098
15-24,London,335,0,0,2021-01-16,3042422.7340281857
25-44,London,335,0,0,2021-01-16,2078712.0236158592
45-64,London,335,0,0,2021-01-16,1157938.429131154
65-74,London,335,0,0,2021-01-16,596507.1213567124
75+,London,335,0,0,2021-01-16,478575.8589277207
1-4,London,336,0,0,2021-01-17,1000070.0276864816
5-14,London,336,0,0,2021-01-17,360209.140770098
15-24,London,336,0,0,2021-01-17,3042422.7340281857
25-44,London,336,0,0,2021-01-17,2078712.0236158592
45-64,London,336,0,0,2021-01-17,1157938.429131154
65-74,London,336,0,0,2021-01-17,596507.1213567124
75+,London,336,0,0,2021-01-17,478575.8589277207
1-4,London,337,0,0,2021-01-18,1000070.0276864816
5-14,London,337,0,0,2021-01-18,360209.140770098
15-24,London,337,0,0,2021-01-18,3042422.7340281857
25-44,London,337,0,0,2021-01-18,2078712.0236158592
45-64,London,337,0,0,2021-01-18,1157938.429131154
65-74,London,337,0,0,2021-01-18,596507.1213567124
75+,London,337,0,0,2021-01-18,478575.8589277207
1-4,London,338,0,0,2021-01-19,1000070.0276864816
5-14,London,338,0,0,2021-01-19,360209.140770098
15-24,London,338,0,0,2021-01-19,3042422.7340281857
25-44,London,338,0,0,2021-01-19,2078712.0236158592
45-64,London,338,0,0,2021-01-19,1157938.429131154
65-74,London,338,0,0,2021-01-19,596507.1213567124
75+,London,338,0,0,2021-01-19,478575.8589277207
1-4,London,339,0,0,2021-01-20,1000070.0276864816
5-14,London,339,9.076595807660905,0.40098892089482224,2021-01-20,360209.140770098
15-24,London,339,11.6498256864855,0.36523810106726917,2021-01-20,3042422.7340281857
25-44,London,339,10.847901111015661,0.3741994640111715,2021-01-20,2078712.0236158592
45-64,London,339,10.15190107456943,0.38188491451180634,2021-01-20,1157938.429131154
65-74,London,339,9.350191229042627,0.08899851326375205,2021-01-20,596507.1213567124
75+,London,339,8.800712119808692,0.12702135757338068,2021-01-20,478575.8589277207
1-4,London,340,0,0,2021-01-21,1000070.0276864816
5-14,London,340,0,0,2021-01-21,360209.140770098
15-24,London,340,0,0,2021-01-21,3042422.7340281857
25-44,London,340,0,0,2021-01-21,2078712.0236158592
45-64,London,340,0,0,2021-01-21,1157938.429131154
65-74,London,340,0,0,2021-01-21,596507.1213567124
75+,London,340,0,0,2021-01-21,478575.8589277207
1-4,London,341,0,0,2021-01-22,1000070.0276864816
5-14,London,341,0,0,2021-01-22,360209.140770098
15-24,London,341,0,0,2021-01-22,3042422.7340281857
25-44,London,341,0,0,2021-01-22,2078712.0236158592
45-64,London,341,0,0,2021-01-22,1157938.429131154
65-74,London,341,0,0,2021-01-22,596507.1213567124
75+,London,341,0,0,2021-01-22,478575.8589277207
1-4,London,342,0,0,2021-01-23,1000070.0276864816
5-14,London,342,0,0,2021-01-23,360209.140770098
15-24,London,342,0,0,2021-01-23,3042422.7340281857
25-44,London,342,0,0,2021-01-23,2078712.0236158592
45-64,London,342,0,0,2021-01-23,1157938.429131154
65-74,London,342,0,0,2021-01-23,596507.1213567124
75+,London,342,0,0,2021-01-23,478575.8589277207
1-4,London,343,0,0,2021-01-24,1000070.0276864816
5-14,London,343,0,0,2021-01-24,360209.140770098
15-24,London,343,0,0,2021-01-24,3042422.7340281857
25-44,London,343,0,0,2021-01-24,2078712.0236158592
45-64,London,343,0,0,2021-01-24,1157938.429131154
65-74,London,343,0,0,2021-01-24,596507.1213567124
75+,London,343,0,0,2021-01-24,478575.8589277207
1-4,London,344,0,0,2021-01-25,1000070.0276864816
5-14,London,344,0,0,2021-01-25,360209.140770098
15-24,London,344,0,0,2021-01-25,3042422.7340281857
25-44,London,344,0,0,2021-01-25,2078712.0236158592
45-64,London,344,0,0,2021-01-25,1157938.429131154
65-74,London,344,0,0,2021-01-25,596507.1213567124
75+,London,344,0,0,2021-01-25,478575.8589277207
1-4,London,345,0,0,2021-01-26,1000070.0276864816
5-14,London,345,0,0,2021-01-26,360209.140770098
15-24,London,345,0,0,2021-01-26,3042422.7340281857
25-44,London,345,0,0,2021-01-26,2078712.0236158592
45-64,London,345,0,0,2021-01-26,1157938.429131154
65-74,London,345,0,0,2021-01-26,596507.1213567124
75+,London,345,0,0,2021-01-26,478575.8589277207
1-4,London,346,0,0,2021-01-27,1000070.0276864816
5-14,London,346,0,0,2021-01-27,360209.140770098
15-24,London,346,0,0,2021-01-27,3042422.7340281857
25-44,London,346,0,0,2021-01-27,2078712.0236158592
45-64,London,346,0,0,2021-01-27,1157938.429131154
65-74,London,346,0,0,2021-01-27,596507.1213567124
75+,London,346,0,0,2021-01-27,478575.8589277207
1-4,London,347,0,0,2021-01-28,1000070.0276864816
5-14,London,347,0,0,2021-01-28,360209.140770098
15-24,London,347,0,0,2021-01-28,3042422.7340281857
25-44,London,347,0,0,2021-01-28,2078712.0236158592
45-64,London,347,0,0,2021-01-28,1157938.429131154
65-74,London,347,0,0,2021-01-28,596507.1213567124
75+,London,347,0,0,2021-01-28,478575.8589277207
1-4,London,348,0,0,2021-01-29,1000070.0276864816
5-14,London,348,0,0,2021-01-29,360209.140770098
15-24,London,348,0,0,2021-01-29,3042422.7340281857
25-44,London,348,0,0,2021-01-29,2078712.0236158592
45-64,London,348,0,0,2021-01-29,1157938.429131154
65-74,London,348,0,0,2021-01-29,596507.1213567124
75+,London,348,0,0,2021-01-29,478575.8589277207
1-4,London,349,0,0,2021-01-30,1000070.0276864816
5-14,London,349,0,0,2021-01-30,360209.140770098
15-24,London,349,0,0,2021-01-30,3042422.7340281857
25-44,London,349,0,0,2021-01-30,2078712.0236158592
45-64,London,349,0,0,2021-01-30,1157938.429131154
65-74,London,349,0,0,2021-01-30,596507.1213567124
75+,London,349,0,0,2021-01-30,478575.8589277207
1-4,London,350,0,0,2021-01-31,1000070.0276864816
5-14,London,350,0,0,2021-01-31,360209.140770098
15-24,London,350,0,0,2021-01-31,3042422.7340281857
25-44,London,350,0,0,2021-01-31,2078712.0236158592
45-64,London,350,0,0,2021-01-31,1157938.429131154
65-74,London,350,0,0,2021-01-31,596507.1213567124
75+,London,350,0,0,2021-01-31,478575.8589277207
1-4,London,351,0,0,2021-02-01,1000070.0276864816
5-14,London,351,0,0,2021-02-01,360209.140770098
15-24,London,351,0,0,2021-02-01,3042422.7340281857
25-44,London,351,0,0,2021-02-01,2078712.0236158592
45-64,London,351,0,0,2021-02-01,1157938.429131154
65-74,London,351,0,0,2021-02-01,596507.1213567124
75+,London,351,0,0,2021-02-01,478575.8589277207
1-4,London,352,0,0,2021-02-02,1000070.0276864816
5-14,London,352,0,0,2021-02-02,360209.140770098
15-24,London,352,0,0,2021-02-02,3042422.7340281857
25-44,London,352,0,0,2021-02-02,2078712.0236158592
45-64,London,352,0,0,2021-02-02,1157938.429131154
65-74,London,352,0,0,2021-02-02,596507.1213567124
75+,London,352,0,0,2021-02-02,478575.8589277207
1-4,London,353,0,0,2021-02-03,1000070.0276864816
5-14,London,353,8.696376518303135,0.4172698528110954,2021-02-03,360209.140770098
15-24,London,353,11.116378060062544,0.37326873058193066,2021-02-03,3042422.7340281857
25-44,London,353,10.369479435739748,0.3790822088348039,2021-02-03,2078712.0236158592
45-64,London,353,9.508093667250874,0.3885570026920232,2021-02-03,1157938.429131154
65-74,London,353,9.016752007202067,0.1056136114588672,2021-02-03,596507.1213567124
75+,London,353,8.423353135348815,0.14958024296367262,2021-02-03,478575.8589277207
1-4,London,354,0,0,2021-02-04,1000070.0276864816
5-14,London,354,0,0,2021-02-04,360209.140770098
15-24,London,354,0,0,2021-02-04,3042422.7340281857
25-44,London,354,0,0,2021-02-04,2078712.0236158592
45-64,London,354,0,0,2021-02-04,1157938.429131154
65-74,London,354,0,0,2021-02-04,596507.1213567124
75+,London,354,0,0,2021-02-04,478575.8589277207
1-4,London,355,0,0,2021-02-05,1000070.0276864816
5-14,London,355,0,0,2021-02-05,360209.140770098
15-24,London,355,0,0,2021-02-05,3042422.7340281857
25-44,London,355,0,0,2021-02-05,2078712.0236158592
45-64,London,355,0,0,2021-02-05,1157938.429131154
65-74,London,355,0,0,2021-02-05,596507.1213567124
75+,London,355,0,0,2021-02-05,478575.8589277207
1-4,London,356,0,0,2021-02-06,1000070.0276864816
5-14,London,356,0,0,2021-02-06,360209.140770098
15-24,London,356,0,0,2021-02-06,3042422.7340281857
25-44,London,356,0,0,2021-02-06,2078712.0236158592
45-64,London,356,0,0,2021-02-06,1157938.429131154
65-74,London,356,0,0,2021-02-06,596507.1213567124
75+,London,356,0,0,2021-02-06,478575.8589277207
1-4,London,357,0,0,2021-02-07,1000070.0276864816
5-14,London,357,0,0,2021-02-07,360209.140770098
15-24,London,357,0,0,2021-02-07,3042422.7340281857
25-44,London,357,0,0,2021-02-07,2078712.0236158592
45-64,London,357,0,0,2021-02-07,1157938.429131154
65-74,London,357,0,0,2021-02-07,596507.1213567124
75+,London,357,0,0,2021-02-07,478575.8589277207
1-4,London,358,0,0,2021-02-08,1000070.0276864816
5-14,London,358,0,0,2021-02-08,360209.140770098
15-24,London,358,0,0,2021-02-08,3042422.7340281857
25-44,London,358,0,0,2021-02-08,2078712.0236158592
45-64,London,358,0,0,2021-02-08,1157938.429131154
65-74,London,358,0,0,2021-02-08,596507.1213567124
75+,London,358,0,0,2021-02-08,478575.8589277207
1-4,London,359,0,0,2021-02-09,1000070.0276864816
5-14,London,359,0,0,2021-02-09,360209.140770098
15-24,London,359,0,0,2021-02-09,3042422.7340281857
25-44,London,359,0,0,2021-02-09,2078712.0236158592
45-64,London,359,0,0,2021-02-09,1157938.429131154
65-74,London,359,0,0,2021-02-09,596507.1213567124
75+,London,359,0,0,2021-02-09,478575.8589277207
1-4,London,360,0,0,2021-02-10,1000070.0276864816
5-14,London,360,0,0,2021-02-10,360209.140770098
15-24,London,360,0,0,2021-02-10,3042422.7340281857
25-44,London,360,0,0,2021-02-10,2078712.0236158592
45-64,London,360,0,0,2021-02-10,1157938.429131154
65-74,London,360,0,0,2021-02-10,596507.1213567124
75+,London,360,0,0,2021-02-10,478575.8589277207
1-4,London,361,0,0,2021-02-11,1000070.0276864816
5-14,London,361,0,0,2021-02-11,360209.140770098
15-24,London,361,0,0,2021-02-11,3042422.7340281857
25-44,London,361,0,0,2021-02-11,2078712.0236158592
45-64,London,361,0,0,2021-02-11,1157938.429131154
65-74,London,361,0,0,2021-02-11,596507.1213567124
75+,London,361,0,0,2021-02-11,478575.8589277207
1-4,London,362,0,0,2021-02-12,1000070.0276864816
5-14,London,362,0,0,2021-02-12,360209.140770098
15-24,London,362,0,0,2021-02-12,3042422.7340281857
25-44,London,362,0,0,2021-02-12,2078712.0236158592
45-64,London,362,0,0,2021-02-12,1157938.429131154
65-74,London,362,0,0,2021-02-12,596507.1213567124
75+,London,362,0,0,2021-02-12,478575.8589277207
1-4,London,363,0,0,2021-02-13,1000070.0276864816
5-14,London,363,0,0,2021-02-13,360209.140770098
15-24,London,363,0,0,2021-02-13,3042422.7340281857
25-44,London,363,0,0,2021-02-13,2078712.0236158592
45-64,London,363,0,0,2021-02-13,1157938.429131154
65-74,London,363,0,0,2021-02-13,596507.1213567124
75+,London,363,0,0,2021-02-13,478575.8589277207
1-4,London,364,0,0,2021-02-14,1000070.0276864816
5-14,London,364,0,0,2021-02-14,360209.140770098
15-24,London,364,0,0,2021-02-14,3042422.7340281857
25-44,London,364,0,0,2021-02-14,2078712.0236158592
45-64,London,364,0,0,2021-02-14,1157938.429131154
65-74,London,364,0,0,2021-02-14,596507.1213567124
75+,London,364,0,0,2021-02-14,478575.8589277207
1-4,London,365,0,0,2021-02-15,1000070.0276864816
5-14,London,365,0,0,2021-02-15,360209.140770098
15-24,London,365,0,0,2021-02-15,3042422.7340281857
25-44,London,365,0,0,2021-02-15,2078712.0236158592
45-64,London,365,0,0,2021-02-15,1157938.429131154
65-74,London,365,0,0,2021-02-15,596507.1213567124
75+,London,365,0,0,2021-02-15,478575.8589277207
1-4,London,366,0,0,2021-02-16,1000070.0276864816
5-14,London,366,0,0,2021-02-16,360209.140770098
15-24,London,366,0,0,2021-02-16,3042422.7340281857
25-44,London,366,0,0,2021-02-16,2078712.0236158592
45-64,London,366,0,0,2021-02-16,1157938.429131154
65-74,London,366,0,0,2021-02-16,596507.1213567124
75+,London,366,0,0,2021-02-16,478575.8589277207
1-4,London,367,0,0,2021-02-17,1000070.0276864816
5-14,London,367,8.017712224000846,0.4412456222106294,2021-02-17,360209.140770098
15-24,London,367,10.473334449548512,0.3817324176273492,2021-02-17,3042422.7340281857
25-44,London,367,9.622855849558546,0.3872816062513991,2021-02-17,2078712.0236158592
45-64,London,367,8.621170456124725,0.40411692250934866,2021-02-17,1157938.429131154
65-74,London,367,8.249185885794503,0.1429973016381598,2021-02-17,596507.1213567124
75+,London,367,7.817938393785905,0.19139343715450247,2021-02-17,478575.8589277207
1-4,London,368,0,0,2021-02-18,1000070.0276864816
5-14,London,368,0,0,2021-02-18,360209.140770098
15-24,London,368,0,0,2021-02-18,3042422.7340281857
25-44,London,368,0,0,2021-02-18,2078712.0236158592
45-64,London,368,0,0,2021-02-18,1157938.429131154
65-74,London,368,0,0,2021-02-18,596507.1213567124
75+,London,368,0,0,2021-02-18,478575.8589277207
1-4,London,369,0,0,2021-02-19,1000070.0276864816
5-14,London,369,0,0,2021-02-19,360209.140770098
15-24,London,369,0,0,2021-02-19,3042422.7340281857
25-44,London,369,0,0,2021-02-19,2078712.0236158592
45-64,London,369,0,0,2021-02-19,1157938.429131154
65-74,London,369,0,0,2021-02-19,596507.1213567124
75+,London,369,0,0,2021-02-19,478575.8589277207
1-4,London,370,0,0,2021-02-20,1000070.0276864816
5-14,London,370,0,0,2021-02-20,360209.140770098
15-24,London,370,0,0,2021-02-20,3042422.7340281857
25-44,London,370,0,0,2021-02-20,2078712.0236158592
45-64,London,370,0,0,2021-02-20,1157938.429131154
65-74,London,370,0,0,2021-02-20,596507.1213567124
75+,London,370,0,0,2021-02-20,478575.8589277207
1-4,London,371,0,0,2021-02-21,1000070.0276864816
5-14,London,371,0,0,2021-02-21,360209.140770098
15-24,London,371,0,0,2021-02-21,3042422.7340281857
25-44,London,371,0,0,2021-02-21,2078712.0236158592
45-64,London,371,0,0,2021-02-21,1157938.429131154
65-74,London,371,0,0,2021-02-21,596507.1213567124
75+,London,371,0,0,2021-02-21,478575.8589277207
1-4,London,372,0,0,2021-02-22,1000070.0276864816
5-14,London,372,0,0,2021-02-22,360209.140770098
15-24,London,372,0,0,2021-02-22,3042422.7340281857
25-44,London,372,0,0,2021-02-22,2078712.0236158592
45-64,London,372,0,0,2021-02-22,1157938.429131154
65-74,London,372,0,0,2021-02-22,596507.1213567124
75+,London,372,0,0,2021-02-22,478575.8589277207
1-4,London,373,0,0,2021-02-23,1000070.0276864816
5-14,London,373,0,0,2021-02-23,360209.140770098
15-24,London,373,0,0,2021-02-23,3042422.7340281857
25-44,London,373,0,0,2021-02-23,2078712.0236158592
45-64,London,373,0,0,2021-02-23,1157938.429131154
65-74,London,373,0,0,2021-02-23,596507.1213567124
75+,London,373,0,0,2021-02-23,478575.8589277207
1-4,London,374,0,0,2021-02-24,1000070.0276864816
5-14,London,374,0,0,2021-02-24,360209.140770098
15-24,London,374,0,0,2021-02-24,3042422.7340281857
25-44,London,374,0,0,2021-02-24,2078712.0236158592
45-64,London,374,0,0,2021-02-24,1157938.429131154
65-74,London,374,0,0,2021-02-24,596507.1213567124
75+,London,374,0,0,2021-02-24,478575.8589277207
1-4,London,375,0,0,2021-02-25,1000070.0276864816
5-14,London,375,0,0,2021-02-25,360209.140770098
15-24,London,375,0,0,2021-02-25,3042422.7340281857
25-44,London,375,0,0,2021-02-25,2078712.0236158592
45-64,London,375,0,0,2021-02-25,1157938.429131154
65-74,London,375,0,0,2021-02-25,596507.1213567124
75+,London,375,0,0,2021-02-25,478575.8589277207
1-4,London,376,0,0,2021-02-26,1000070.0276864816
5-14,London,376,0,0,2021-02-26,360209.140770098
15-24,London,376,0,0,2021-02-26,3042422.7340281857
25-44,London,376,0,0,2021-02-26,2078712.0236158592
45-64,London,376,0,0,2021-02-26,1157938.429131154
65-74,London,376,0,0,2021-02-26,596507.1213567124
75+,London,376,0,0,2021-02-26,478575.8589277207
1-4,London,377,0,0,2021-02-27,1000070.0276864816
5-14,London,377,0,0,2021-02-27,360209.140770098
15-24,London,377,0,0,2021-02-27,3042422.7340281857
25-44,London,377,0,0,2021-02-27,2078712.0236158592
45-64,London,377,0,0,2021-02-27,1157938.429131154
65-74,London,377,0,0,2021-02-27,596507.1213567124
75+,London,377,0,0,2021-02-27,478575.8589277207
1-4,London,378,0,0,2021-02-28,1000070.0276864816
5-14,London,378,0,0,2021-02-28,360209.140770098
15-24,London,378,0,0,2021-02-28,3042422.7340281857
25-44,London,378,0,0,2021-02-28,2078712.0236158592
45-64,London,378,0,0,2021-02-28,1157938.429131154
65-74,London,378,0,0,2021-02-28,596507.1213567124
75+,London,378,0,0,2021-02-28,478575.8589277207
1-4,London,379,0,0,2021-03-01,1000070.0276864816
5-14,London,379,0,0,2021-03-01,360209.140770098
15-24,London,379,0,0,2021-03-01,3042422.7340281857
25-44,London,379,0,0,2021-03-01,2078712.0236158592
45-64,London,379,0,0,2021-03-01,1157938.429131154
65-74,London,379,0,0,2021-03-01,596507.1213567124
75+,London,379,0,0,2021-03-01,478575.8589277207
1-4,London,380,0,0,2021-03-02,1000070.0276864816
5-14,London,380,0,0,2021-03-02,360209.140770098
15-24,London,380,0,0,2021-03-02,3042422.7340281857
25-44,London,380,0,0,2021-03-02,2078712.0236158592
45-64,London,380,0,0,2021-03-02,1157938.429131154
65-74,London,380,0,0,2021-03-02,596507.1213567124
75+,London,380,0,0,2021-03-02,478575.8589277207
1-4,London,381,0,0,2021-03-03,1000070.0276864816
5-14,London,381,7.336131620420372,0.48063518830888496,2021-03-03,360209.140770098
15-24,London,381,9.649872207783591,0.39543926910630545,2021-03-03,3042422.7340281857
25-44,London,381,8.964629868807654,0.3994854411118414,2021-03-03,2078712.0236158592
45-64,London,381,8.107181140035586,0.4215119688526405,2021-03-03,1157938.429131154
65-74,London,381,7.414248407057459,0.1959335446491749,2021-03-03,596507.1213567124
75+,London,381,7.214058567434364,0.23718483516206768,2021-03-03,478575.8589277207
1-4,London,382,0,0,2021-03-04,1000070.0276864816
5-14,London,382,0,0,2021-03-04,360209.140770098
15-24,London,382,0,0,2021-03-04,3042422.7340281857
25-44,London,382,0,0,2021-03-04,2078712.0236158592
45-64,London,382,0,0,2021-03-04,1157938.429131154
65-74,London,382,0,0,2021-03-04,596507.1213567124
75+,London,382,0,0,2021-03-04,478575.8589277207
1-4,London,383,0,0,2021-03-05,1000070.0276864816
5-14,London,383,0,0,2021-03-05,360209.140770098
15-24,London,383,0,0,2021-03-05,3042422.7340281857
25-44,London,383,0,0,2021-03-05,2078712.0236158592
45-64,London,383,0,0,2021-03-05,1157938.429131154
65-74,London,383,0,0,2021-03-05,596507.1213567124
75+,London,383,0,0,2021-03-05,478575.8589277207
1-4,London,384,0,0,2021-03-06,1000070.0276864816
5-14,London,384,0,0,2021-03-06,360209.140770098
15-24,London,384,0,0,2021-03-06,3042422.7340281857
25-44,London,384,0,0,2021-03-06,2078712.0236158592
45-64,London,384,0,0,2021-03-06,1157938.429131154
65-74,London,384,0,0,2021-03-06,596507.1213567124
75+,London,384,0,0,2021-03-06,478575.8589277207
1-4,London,385,0,0,2021-03-07,1000070.0276864816
5-14,London,385,0,0,2021-03-07,360209.140770098
15-24,London,385,0,0,2021-03-07,3042422.7340281857
25-44,London,385,0,0,2021-03-07,2078712.0236158592
45-64,London,385,0,0,2021-03-07,1157938.429131154
65-74,London,385,0,0,2021-03-07,596507.1213567124
75+,London,385,0,0,2021-03-07,478575.8589277207
1-4,London,386,0,0,2021-03-08,1000070.0276864816
5-14,London,386,0,0,2021-03-08,360209.140770098
15-24,London,386,0,0,2021-03-08,3042422.7340281857
25-44,London,386,0,0,2021-03-08,2078712.0236158592
45-64,London,386,0,0,2021-03-08,1157938.429131154
65-74,London,386,0,0,2021-03-08,596507.1213567124
75+,London,386,0,0,2021-03-08,478575.8589277207
1-4,London,387,0,0,2021-03-09,1000070.0276864816
5-14,London,387,0,0,2021-03-09,360209.140770098
15-24,London,387,0,0,2021-03-09,3042422.7340281857
25-44,London,387,0,0,2021-03-09,2078712.0236158592
45-64,London,387,0,0,2021-03-09,1157938.429131154
65-74,London,387,0,0,2021-03-09,596507.1213567124
75+,London,387,0,0,2021-03-09,478575.8589277207
1-4,London,388,0,0,2021-03-10,1000070.0276864816
5-14,London,388,0,0,2021-03-10,360209.140770098
15-24,London,388,0,0,2021-03-10,3042422.7340281857
25-44,London,388,0,0,2021-03-10,2078712.0236158592
45-64,London,388,0,0,2021-03-10,1157938.429131154
65-74,London,388,0,0,2021-03-10,596507.1213567124
75+,London,388,0,0,2021-03-10,478575.8589277207
1-4,London,389,0,0,2021-03-11,1000070.0276864816
5-14,London,389,0,0,2021-03-11,360209.140770098
15-24,London,389,0,0,2021-03-11,3042422.7340281857
25-44,London,389,0,0,2021-03-11,2078712.0236158592
45-64,London,389,0,0,2021-03-11,1157938.429131154
65-74,London,389,0,0,2021-03-11,596507.1213567124
75+,London,389,0,0,2021-03-11,478575.8589277207
1-4,London,390,0,0,2021-03-12,1000070.0276864816
5-14,London,390,0,0,2021-03-12,360209.140770098
15-24,London,390,0,0,2021-03-12,3042422.7340281857
25-44,London,390,0,0,2021-03-12,2078712.0236158592
45-64,London,390,0,0,2021-03-12,1157938.429131154
65-74,London,390,0,0,2021-03-12,596507.1213567124
75+,London,390,0,0,2021-03-12,478575.8589277207
1-4,London,391,0,0,2021-03-13,1000070.0276864816
5-14,London,391,0,0,2021-03-13,360209.140770098
15-24,London,391,0,0,2021-03-13,3042422.7340281857
25-44,London,391,0,0,2021-03-13,2078712.0236158592
45-64,London,391,0,0,2021-03-13,1157938.429131154
65-74,London,391,0,0,2021-03-13,596507.1213567124
75+,London,391,0,0,2021-03-13,478575.8589277207
1-4,London,392,0,0,2021-03-14,1000070.0276864816
5-14,London,392,0,0,2021-03-14,360209.140770098
15-24,London,392,0,0,2021-03-14,3042422.7340281857
25-44,London,392,0,0,2021-03-14,2078712.0236158592
45-64,London,392,0,0,2021-03-14,1157938.429131154
65-74,London,392,0,0,2021-03-14,596507.1213567124
75+,London,392,0,0,2021-03-14,478575.8589277207
1-4,London,393,0,0,2021-03-15,1000070.0276864816
5-14,London,393,0,0,2021-03-15,360209.140770098
15-24,London,393,0,0,2021-03-15,3042422.7340281857
25-44,London,393,0,0,2021-03-15,2078712.0236158592
45-64,London,393,0,0,2021-03-15,1157938.429131154
65-74,London,393,0,0,2021-03-15,596507.1213567124
75+,London,393,0,0,2021-03-15,478575.8589277207
1-4,London,394,0,0,2021-03-16,1000070.0276864816
5-14,London,394,0,0,2021-03-16,360209.140770098
15-24,London,394,0,0,2021-03-16,3042422.7340281857
25-44,London,394,0,0,2021-03-16,2078712.0236158592
45-64,London,394,0,0,2021-03-16,1157938.429131154
65-74,London,394,0,0,2021-03-16,596507.1213567124
75+,London,394,0,0,2021-03-16,478575.8589277207
1-4,London,395,0,0,2021-03-17,1000070.0276864816
5-14,London,395,7.138674268618505,0.6316791243369806,2021-03-17,360209.140770098
15-24,London,395,9.291716186017974,0.417565191015813,2021-03-17,3042422.7340281857
25-44,London,395,8.471162438706234,0.4344940659958942,2021-03-17,2078712.0236158592
45-64,London,395,8.362811120315365,0.4677110681784862,2021-03-17,1157938.429131154
65-74,London,395,7.063688480054872,0.314151216998107,2021-03-17,596507.1213567124
75+,London,395,7.126413979931511,0.36460696282461585,2021-03-17,478575.8589277207
1-4,East_Midlands,75,0,0,2020-05-01,544604.2261578062
5-14,East_Midlands,75,0,0,2020-05-01,164885.1975151702
15-24,East_Midlands,75,0,0,2020-05-01,1185702.9715471738
25-44,East_Midlands,75,0,0,2020-05-01,1277009.2859038296
45-64,East_Midlands,75,0,0,2020-05-01,587008.9113449141
65-74,East_Midlands,75,0,0,2020-05-01,519078.8623548428
75+,East_Midlands,75,0,0,2020-05-01,410895.56292034814
1-4,East_Midlands,76,0,0,2020-05-02,544604.2261578062
5-14,East_Midlands,76,0,0,2020-05-02,164885.1975151702
15-24,East_Midlands,76,0,0,2020-05-02,1185702.9715471738
25-44,East_Midlands,76,0,0,2020-05-02,1277009.2859038296
45-64,East_Midlands,76,0,0,2020-05-02,587008.9113449141
65-74,East_Midlands,76,0,0,2020-05-02,519078.8623548428
75+,East_Midlands,76,0,0,2020-05-02,410895.56292034814
1-4,East_Midlands,77,0,0,2020-05-03,544604.2261578062
5-14,East_Midlands,77,0,0,2020-05-03,164885.1975151702
15-24,East_Midlands,77,0,0,2020-05-03,1185702.9715471738
25-44,East_Midlands,77,0,0,2020-05-03,1277009.2859038296
45-64,East_Midlands,77,0,0,2020-05-03,587008.9113449141
65-74,East_Midlands,77,0,0,2020-05-03,519078.8623548428
75+,East_Midlands,77,0,0,2020-05-03,410895.56292034814
1-4,East_Midlands,78,0,0,2020-05-04,544604.2261578062
5-14,East_Midlands,78,0,0,2020-05-04,164885.1975151702
15-24,East_Midlands,78,0,0,2020-05-04,1185702.9715471738
25-44,East_Midlands,78,0,0,2020-05-04,1277009.2859038296
45-64,East_Midlands,78,0,0,2020-05-04,587008.9113449141
65-74,East_Midlands,78,0,0,2020-05-04,519078.8623548428
75+,East_Midlands,78,0,0,2020-05-04,410895.56292034814
1-4,East_Midlands,79,0,0,2020-05-05,544604.2261578062
5-14,East_Midlands,79,0,0,2020-05-05,164885.1975151702
15-24,East_Midlands,79,0,0,2020-05-05,1185702.9715471738
25-44,East_Midlands,79,0,0,2020-05-05,1277009.2859038296
45-64,East_Midlands,79,0,0,2020-05-05,587008.9113449141
65-74,East_Midlands,79,0,0,2020-05-05,519078.8623548428
75+,East_Midlands,79,0,0,2020-05-05,410895.56292034814
1-4,East_Midlands,80,0,0,2020-05-06,544604.2261578062
5-14,East_Midlands,80,0,0,2020-05-06,164885.1975151702
15-24,East_Midlands,80,0,0,2020-05-06,1185702.9715471738
25-44,East_Midlands,80,0,0,2020-05-06,1277009.2859038296
45-64,East_Midlands,80,0,0,2020-05-06,587008.9113449141
65-74,East_Midlands,80,0,0,2020-05-06,519078.8623548428
75+,East_Midlands,80,0,0,2020-05-06,410895.56292034814
1-4,East_Midlands,81,0,0,2020-05-07,544604.2261578062
5-14,East_Midlands,81,0,0,2020-05-07,164885.1975151702
15-24,East_Midlands,81,0,0,2020-05-07,1185702.9715471738
25-44,East_Midlands,81,0,0,2020-05-07,1277009.2859038296
45-64,East_Midlands,81,0,0,2020-05-07,587008.9113449141
65-74,East_Midlands,81,0,0,2020-05-07,519078.8623548428
75+,East_Midlands,81,0,0,2020-05-07,410895.56292034814
1-4,East_Midlands,82,0,0,2020-05-08,544604.2261578062
5-14,East_Midlands,82,0,0,2020-05-08,164885.1975151702
15-24,East_Midlands,82,0,0,2020-05-08,1185702.9715471738
25-44,East_Midlands,82,0,0,2020-05-08,1277009.2859038296
45-64,East_Midlands,82,0,0,2020-05-08,587008.9113449141
65-74,East_Midlands,82,0,0,2020-05-08,519078.8623548428
75+,East_Midlands,82,0,0,2020-05-08,410895.56292034814
1-4,East_Midlands,83,0,0,2020-05-09,544604.2261578062
5-14,East_Midlands,83,0,0,2020-05-09,164885.1975151702
15-24,East_Midlands,83,0,0,2020-05-09,1185702.9715471738
25-44,East_Midlands,83,0,0,2020-05-09,1277009.2859038296
45-64,East_Midlands,83,0,0,2020-05-09,587008.9113449141
65-74,East_Midlands,83,0,0,2020-05-09,519078.8623548428
75+,East_Midlands,83,0,0,2020-05-09,410895.56292034814
1-4,East_Midlands,84,0,0,2020-05-10,544604.2261578062
5-14,East_Midlands,84,0,0,2020-05-10,164885.1975151702
15-24,East_Midlands,84,0,0,2020-05-10,1185702.9715471738
25-44,East_Midlands,84,0,0,2020-05-10,1277009.2859038296
45-64,East_Midlands,84,0,0,2020-05-10,587008.9113449141
65-74,East_Midlands,84,0,0,2020-05-10,519078.8623548428
75+,East_Midlands,84,0,0,2020-05-10,410895.56292034814
1-4,East_Midlands,85,0,0,2020-05-11,544604.2261578062
5-14,East_Midlands,85,0,0,2020-05-11,164885.1975151702
15-24,East_Midlands,85,0,0,2020-05-11,1185702.9715471738
25-44,East_Midlands,85,0,0,2020-05-11,1277009.2859038296
45-64,East_Midlands,85,0,0,2020-05-11,587008.9113449141
65-74,East_Midlands,85,0,0,2020-05-11,519078.8623548428
75+,East_Midlands,85,0,0,2020-05-11,410895.56292034814
1-4,East_Midlands,86,0,0,2020-05-12,544604.2261578062
5-14,East_Midlands,86,0,0,2020-05-12,164885.1975151702
15-24,East_Midlands,86,0,0,2020-05-12,1185702.9715471738
25-44,East_Midlands,86,0,0,2020-05-12,1277009.2859038296
45-64,East_Midlands,86,0,0,2020-05-12,587008.9113449141
65-74,East_Midlands,86,0,0,2020-05-12,519078.8623548428
75+,East_Midlands,86,0,0,2020-05-12,410895.56292034814
1-4,East_Midlands,87,0,0,2020-05-13,544604.2261578062
5-14,East_Midlands,87,7.883407457561927,0.6844862580517275,2020-05-13,164885.1975151702
15-24,East_Midlands,87,9.576119550533637,0.4816483442438977,2020-05-13,1185702.9715471738
25-44,East_Midlands,87,8.679525065232715,0.49906379192616596,2020-05-13,1277009.2859038296
45-64,East_Midlands,87,8.59472155290246,0.49680696799561375,2020-05-13,587008.9113449141
65-74,East_Midlands,87,7.790315325594292,0.39838593196653976,2020-05-13,519078.8623548428
75+,East_Midlands,87,8.25538270971062,0.48398139607652774,2020-05-13,410895.56292034814
1-4,East_Midlands,88,0,0,2020-05-14,544604.2261578062
5-14,East_Midlands,88,0,0,2020-05-14,164885.1975151702
15-24,East_Midlands,88,0,0,2020-05-14,1185702.9715471738
25-44,East_Midlands,88,0,0,2020-05-14,1277009.2859038296
45-64,East_Midlands,88,0,0,2020-05-14,587008.9113449141
65-74,East_Midlands,88,0,0,2020-05-14,519078.8623548428
75+,East_Midlands,88,0,0,2020-05-14,410895.56292034814
1-4,East_Midlands,89,0,0,2020-05-15,544604.2261578062
5-14,East_Midlands,89,0,0,2020-05-15,164885.1975151702
15-24,East_Midlands,89,0,0,2020-05-15,1185702.9715471738
25-44,East_Midlands,89,0,0,2020-05-15,1277009.2859038296
45-64,East_Midlands,89,0,0,2020-05-15,587008.9113449141
65-74,East_Midlands,89,0,0,2020-05-15,519078.8623548428
75+,East_Midlands,89,0,0,2020-05-15,410895.56292034814
1-4,East_Midlands,90,0,0,2020-05-16,544604.2261578062
5-14,East_Midlands,90,0,0,2020-05-16,164885.1975151702
15-24,East_Midlands,90,0,0,2020-05-16,1185702.9715471738
25-44,East_Midlands,90,0,0,2020-05-16,1277009.2859038296
45-64,East_Midlands,90,0,0,2020-05-16,587008.9113449141
65-74,East_Midlands,90,0,0,2020-05-16,519078.8623548428
75+,East_Midlands,90,0,0,2020-05-16,410895.56292034814
1-4,East_Midlands,91,0,0,2020-05-17,544604.2261578062
5-14,East_Midlands,91,0,0,2020-05-17,164885.1975151702
15-24,East_Midlands,91,0,0,2020-05-17,1185702.9715471738
25-44,East_Midlands,91,0,0,2020-05-17,1277009.2859038296
45-64,East_Midlands,91,0,0,2020-05-17,587008.9113449141
65-74,East_Midlands,91,0,0,2020-05-17,519078.8623548428
75+,East_Midlands,91,0,0,2020-05-17,410895.56292034814
1-4,East_Midlands,92,0,0,2020-05-18,544604.2261578062
5-14,East_Midlands,92,0,0,2020-05-18,164885.1975151702
15-24,East_Midlands,92,0,0,2020-05-18,1185702.9715471738
25-44,East_Midlands,92,0,0,2020-05-18,1277009.2859038296
45-64,East_Midlands,92,0,0,2020-05-18,587008.9113449141
65-74,East_Midlands,92,0,0,2020-05-18,519078.8623548428
75+,East_Midlands,92,0,0,2020-05-18,410895.56292034814
1-4,East_Midlands,93,0,0,2020-05-19,544604.2261578062
5-14,East_Midlands,93,0,0,2020-05-19,164885.1975151702
15-24,East_Midlands,93,0,0,2020-05-19,1185702.9715471738
25-44,East_Midlands,93,0,0,2020-05-19,1277009.2859038296
45-64,East_Midlands,93,0,0,2020-05-19,587008.9113449141
65-74,East_Midlands,93,0,0,2020-05-19,519078.8623548428
75+,East_Midlands,93,0,0,2020-05-19,410895.56292034814
1-4,East_Midlands,94,0,0,2020-05-20,544604.2261578062
5-14,East_Midlands,94,0,0,2020-05-20,164885.1975151702
15-24,East_Midlands,94,0,0,2020-05-20,1185702.9715471738
25-44,East_Midlands,94,0,0,2020-05-20,1277009.2859038296
45-64,East_Midlands,94,0,0,2020-05-20,587008.9113449141
65-74,East_Midlands,94,0,0,2020-05-20,519078.8623548428
75+,East_Midlands,94,0,0,2020-05-20,410895.56292034814
1-4,East_Midlands,95,0,0,2020-05-21,544604.2261578062
5-14,East_Midlands,95,0,0,2020-05-21,164885.1975151702
15-24,East_Midlands,95,0,0,2020-05-21,1185702.9715471738
25-44,East_Midlands,95,0,0,2020-05-21,1277009.2859038296
45-64,East_Midlands,95,0,0,2020-05-21,587008.9113449141
65-74,East_Midlands,95,0,0,2020-05-21,519078.8623548428
75+,East_Midlands,95,0,0,2020-05-21,410895.56292034814
1-4,East_Midlands,96,0,0,2020-05-22,544604.2261578062
5-14,East_Midlands,96,0,0,2020-05-22,164885.1975151702
15-24,East_Midlands,96,0,0,2020-05-22,1185702.9715471738
25-44,East_Midlands,96,0,0,2020-05-22,1277009.2859038296
45-64,East_Midlands,96,0,0,2020-05-22,587008.9113449141
65-74,East_Midlands,96,0,0,2020-05-22,519078.8623548428
75+,East_Midlands,96,0,0,2020-05-22,410895.56292034814
1-4,East_Midlands,97,0,0,2020-05-23,544604.2261578062
5-14,East_Midlands,97,0,0,2020-05-23,164885.1975151702
15-24,East_Midlands,97,0,0,2020-05-23,1185702.9715471738
25-44,East_Midlands,97,0,0,2020-05-23,1277009.2859038296
45-64,East_Midlands,97,0,0,2020-05-23,587008.9113449141
65-74,East_Midlands,97,0,0,2020-05-23,519078.8623548428
75+,East_Midlands,97,0,0,2020-05-23,410895.56292034814
1-4,East_Midlands,98,0,0,2020-05-24,544604.2261578062
5-14,East_Midlands,98,0,0,2020-05-24,164885.1975151702
15-24,East_Midlands,98,0,0,2020-05-24,1185702.9715471738
25-44,East_Midlands,98,0,0,2020-05-24,1277009.2859038296
45-64,East_Midlands,98,0,0,2020-05-24,587008.9113449141
65-74,East_Midlands,98,0,0,2020-05-24,519078.8623548428
75+,East_Midlands,98,0,0,2020-05-24,410895.56292034814
1-4,East_Midlands,99,0,0,2020-05-25,544604.2261578062
5-14,East_Midlands,99,0,0,2020-05-25,164885.1975151702
15-24,East_Midlands,99,0,0,2020-05-25,1185702.9715471738
25-44,East_Midlands,99,0,0,2020-05-25,1277009.2859038296
45-64,East_Midlands,99,0,0,2020-05-25,587008.9113449141
65-74,East_Midlands,99,0,0,2020-05-25,519078.8623548428
75+,East_Midlands,99,0,0,2020-05-25,410895.56292034814
1-4,East_Midlands,100,0,0,2020-05-26,544604.2261578062
5-14,East_Midlands,100,0,0,2020-05-26,164885.1975151702
15-24,East_Midlands,100,0,0,2020-05-26,1185702.9715471738
25-44,East_Midlands,100,0,0,2020-05-26,1277009.2859038296
45-64,East_Midlands,100,0,0,2020-05-26,587008.9113449141
65-74,East_Midlands,100,0,0,2020-05-26,519078.8623548428
75+,East_Midlands,100,0,0,2020-05-26,410895.56292034814
1-4,East_Midlands,101,0,0,2020-05-27,544604.2261578062
5-14,East_Midlands,101,7.77152663381503,0.5584871848668871,2020-05-27,164885.1975151702
15-24,East_Midlands,101,9.237516383800298,0.4614740836913321,2020-05-27,1185702.9715471738
25-44,East_Midlands,101,8.647526479565986,0.4568474974522634,2020-05-27,1277009.2859038296
45-64,East_Midlands,101,8.014031489021294,0.48410771302932076,2020-05-27,587008.9113449141
65-74,East_Midlands,101,7.528682821077435,0.34238182802766776,2020-05-27,519078.8623548428
75+,East_Midlands,101,8.005198813121735,0.39103407107819027,2020-05-27,410895.56292034814
1-4,East_Midlands,102,0,0,2020-05-28,544604.2261578062
5-14,East_Midlands,102,0,0,2020-05-28,164885.1975151702
15-24,East_Midlands,102,0,0,2020-05-28,1185702.9715471738
25-44,East_Midlands,102,0,0,2020-05-28,1277009.2859038296
45-64,East_Midlands,102,0,0,2020-05-28,587008.9113449141
65-74,East_Midlands,102,0,0,2020-05-28,519078.8623548428
75+,East_Midlands,102,0,0,2020-05-28,410895.56292034814
1-4,East_Midlands,103,0,0,2020-05-29,544604.2261578062
5-14,East_Midlands,103,0,0,2020-05-29,164885.1975151702
15-24,East_Midlands,103,0,0,2020-05-29,1185702.9715471738
25-44,East_Midlands,103,0,0,2020-05-29,1277009.2859038296
45-64,East_Midlands,103,0,0,2020-05-29,587008.9113449141
65-74,East_Midlands,103,0,0,2020-05-29,519078.8623548428
75+,East_Midlands,103,0,0,2020-05-29,410895.56292034814
1-4,East_Midlands,104,0,0,2020-05-30,544604.2261578062
5-14,East_Midlands,104,0,0,2020-05-30,164885.1975151702
15-24,East_Midlands,104,0,0,2020-05-30,1185702.9715471738
25-44,East_Midlands,104,0,0,2020-05-30,1277009.2859038296
45-64,East_Midlands,104,0,0,2020-05-30,587008.9113449141
65-74,East_Midlands,104,0,0,2020-05-30,519078.8623548428
75+,East_Midlands,104,0,0,2020-05-30,410895.56292034814
1-4,East_Midlands,105,0,0,2020-05-31,544604.2261578062
5-14,East_Midlands,105,0,0,2020-05-31,164885.1975151702
15-24,East_Midlands,105,0,0,2020-05-31,1185702.9715471738
25-44,East_Midlands,105,0,0,2020-05-31,1277009.2859038296
45-64,East_Midlands,105,0,0,2020-05-31,587008.9113449141
65-74,East_Midlands,105,0,0,2020-05-31,519078.8623548428
75+,East_Midlands,105,0,0,2020-05-31,410895.56292034814
1-4,East_Midlands,106,0,0,2020-06-01,544604.2261578062
5-14,East_Midlands,106,0,0,2020-06-01,164885.1975151702
15-24,East_Midlands,106,0,0,2020-06-01,1185702.9715471738
25-44,East_Midlands,106,0,0,2020-06-01,1277009.2859038296
45-64,East_Midlands,106,0,0,2020-06-01,587008.9113449141
65-74,East_Midlands,106,0,0,2020-06-01,519078.8623548428
75+,East_Midlands,106,0,0,2020-06-01,410895.56292034814
1-4,East_Midlands,107,0,0,2020-06-02,544604.2261578062
5-14,East_Midlands,107,0,0,2020-06-02,164885.1975151702
15-24,East_Midlands,107,0,0,2020-06-02,1185702.9715471738
25-44,East_Midlands,107,0,0,2020-06-02,1277009.2859038296
45-64,East_Midlands,107,0,0,2020-06-02,587008.9113449141
65-74,East_Midlands,107,0,0,2020-06-02,519078.8623548428
75+,East_Midlands,107,0,0,2020-06-02,410895.56292034814
1-4,East_Midlands,108,0,0,2020-06-03,544604.2261578062
5-14,East_Midlands,108,0,0,2020-06-03,164885.1975151702
15-24,East_Midlands,108,0,0,2020-06-03,1185702.9715471738
25-44,East_Midlands,108,0,0,2020-06-03,1277009.2859038296
45-64,East_Midlands,108,0,0,2020-06-03,587008.9113449141
65-74,East_Midlands,108,0,0,2020-06-03,519078.8623548428
75+,East_Midlands,108,0,0,2020-06-03,410895.56292034814
1-4,East_Midlands,109,0,0,2020-06-04,544604.2261578062
5-14,East_Midlands,109,0,0,2020-06-04,164885.1975151702
15-24,East_Midlands,109,0,0,2020-06-04,1185702.9715471738
25-44,East_Midlands,109,0,0,2020-06-04,1277009.2859038296
45-64,East_Midlands,109,0,0,2020-06-04,587008.9113449141
65-74,East_Midlands,109,0,0,2020-06-04,519078.8623548428
75+,East_Midlands,109,0,0,2020-06-04,410895.56292034814
1-4,East_Midlands,110,0,0,2020-06-05,544604.2261578062
5-14,East_Midlands,110,0,0,2020-06-05,164885.1975151702
15-24,East_Midlands,110,0,0,2020-06-05,1185702.9715471738
25-44,East_Midlands,110,0,0,2020-06-05,1277009.2859038296
45-64,East_Midlands,110,0,0,2020-06-05,587008.9113449141
65-74,East_Midlands,110,0,0,2020-06-05,519078.8623548428
75+,East_Midlands,110,0,0,2020-06-05,410895.56292034814
1-4,East_Midlands,111,0,0,2020-06-06,544604.2261578062
5-14,East_Midlands,111,0,0,2020-06-06,164885.1975151702
15-24,East_Midlands,111,0,0,2020-06-06,1185702.9715471738
25-44,East_Midlands,111,0,0,2020-06-06,1277009.2859038296
45-64,East_Midlands,111,0,0,2020-06-06,587008.9113449141
65-74,East_Midlands,111,0,0,2020-06-06,519078.8623548428
75+,East_Midlands,111,0,0,2020-06-06,410895.56292034814
1-4,East_Midlands,112,0,0,2020-06-07,544604.2261578062
5-14,East_Midlands,112,0,0,2020-06-07,164885.1975151702
15-24,East_Midlands,112,0,0,2020-06-07,1185702.9715471738
25-44,East_Midlands,112,0,0,2020-06-07,1277009.2859038296
45-64,East_Midlands,112,0,0,2020-06-07,587008.9113449141
65-74,East_Midlands,112,0,0,2020-06-07,519078.8623548428
75+,East_Midlands,112,0,0,2020-06-07,410895.56292034814
1-4,East_Midlands,113,0,0,2020-06-08,544604.2261578062
5-14,East_Midlands,113,0,0,2020-06-08,164885.1975151702
15-24,East_Midlands,113,0,0,2020-06-08,1185702.9715471738
25-44,East_Midlands,113,0,0,2020-06-08,1277009.2859038296
45-64,East_Midlands,113,0,0,2020-06-08,587008.9113449141
65-74,East_Midlands,113,0,0,2020-06-08,519078.8623548428
75+,East_Midlands,113,0,0,2020-06-08,410895.56292034814
1-4,East_Midlands,114,0,0,2020-06-09,544604.2261578062
5-14,East_Midlands,114,0,0,2020-06-09,164885.1975151702
15-24,East_Midlands,114,0,0,2020-06-09,1185702.9715471738
25-44,East_Midlands,114,0,0,2020-06-09,1277009.2859038296
45-64,East_Midlands,114,0,0,2020-06-09,587008.9113449141
65-74,East_Midlands,114,0,0,2020-06-09,519078.8623548428
75+,East_Midlands,114,0,0,2020-06-09,410895.56292034814
1-4,East_Midlands,115,0,0,2020-06-10,544604.2261578062
5-14,East_Midlands,115,7.751003627611821,0.540490009700288,2020-06-10,164885.1975151702
15-24,East_Midlands,115,8.9724373415595,0.47349569032979616,2020-06-10,1185702.9715471738
25-44,East_Midlands,115,8.590628464857645,0.45459004480612086,2020-06-10,1277009.2859038296
45-64,East_Midlands,115,7.723291656918867,0.5066356642228165,2020-06-10,587008.9113449141
65-74,East_Midlands,115,7.374302146167384,0.3458002245640664,2020-06-10,519078.8623548428
75+,East_Midlands,115,7.830097895451896,0.37213767011986315,2020-06-10,410895.56292034814
1-4,East_Midlands,116,0,0,2020-06-11,544604.2261578062
5-14,East_Midlands,116,0,0,2020-06-11,164885.1975151702
15-24,East_Midlands,116,0,0,2020-06-11,1185702.9715471738
25-44,East_Midlands,116,0,0,2020-06-11,1277009.2859038296
45-64,East_Midlands,116,0,0,2020-06-11,587008.9113449141
65-74,East_Midlands,116,0,0,2020-06-11,519078.8623548428
75+,East_Midlands,116,0,0,2020-06-11,410895.56292034814
1-4,East_Midlands,117,0,0,2020-06-12,544604.2261578062
5-14,East_Midlands,117,0,0,2020-06-12,164885.1975151702
15-24,East_Midlands,117,0,0,2020-06-12,1185702.9715471738
25-44,East_Midlands,117,0,0,2020-06-12,1277009.2859038296
45-64,East_Midlands,117,0,0,2020-06-12,587008.9113449141
65-74,East_Midlands,117,0,0,2020-06-12,519078.8623548428
75+,East_Midlands,117,0,0,2020-06-12,410895.56292034814
1-4,East_Midlands,118,0,0,2020-06-13,544604.2261578062
5-14,East_Midlands,118,0,0,2020-06-13,164885.1975151702
15-24,East_Midlands,118,0,0,2020-06-13,1185702.9715471738
25-44,East_Midlands,118,0,0,2020-06-13,1277009.2859038296
45-64,East_Midlands,118,0,0,2020-06-13,587008.9113449141
65-74,East_Midlands,118,0,0,2020-06-13,519078.8623548428
75+,East_Midlands,118,0,0,2020-06-13,410895.56292034814
1-4,East_Midlands,119,0,0,2020-06-14,544604.2261578062
5-14,East_Midlands,119,0,0,2020-06-14,164885.1975151702
15-24,East_Midlands,119,0,0,2020-06-14,1185702.9715471738
25-44,East_Midlands,119,0,0,2020-06-14,1277009.2859038296
45-64,East_Midlands,119,0,0,2020-06-14,587008.9113449141
65-74,East_Midlands,119,0,0,2020-06-14,519078.8623548428
75+,East_Midlands,119,0,0,2020-06-14,410895.56292034814
1-4,East_Midlands,120,0,0,2020-06-15,544604.2261578062
5-14,East_Midlands,120,0,0,2020-06-15,164885.1975151702
15-24,East_Midlands,120,0,0,2020-06-15,1185702.9715471738
25-44,East_Midlands,120,0,0,2020-06-15,1277009.2859038296
45-64,East_Midlands,120,0,0,2020-06-15,587008.9113449141
65-74,East_Midlands,120,0,0,2020-06-15,519078.8623548428
75+,East_Midlands,120,0,0,2020-06-15,410895.56292034814
1-4,East_Midlands,121,0,0,2020-06-16,544604.2261578062
5-14,East_Midlands,121,0,0,2020-06-16,164885.1975151702
15-24,East_Midlands,121,0,0,2020-06-16,1185702.9715471738
25-44,East_Midlands,121,0,0,2020-06-16,1277009.2859038296
45-64,East_Midlands,121,0,0,2020-06-16,587008.9113449141
65-74,East_Midlands,121,0,0,2020-06-16,519078.8623548428
75+,East_Midlands,121,0,0,2020-06-16,410895.56292034814
1-4,East_Midlands,122,0,0,2020-06-17,544604.2261578062
5-14,East_Midlands,122,0,0,2020-06-17,164885.1975151702
15-24,East_Midlands,122,0,0,2020-06-17,1185702.9715471738
25-44,East_Midlands,122,0,0,2020-06-17,1277009.2859038296
45-64,East_Midlands,122,0,0,2020-06-17,587008.9113449141
65-74,East_Midlands,122,0,0,2020-06-17,519078.8623548428
75+,East_Midlands,122,0,0,2020-06-17,410895.56292034814
1-4,East_Midlands,123,0,0,2020-06-18,544604.2261578062
5-14,East_Midlands,123,0,0,2020-06-18,164885.1975151702
15-24,East_Midlands,123,0,0,2020-06-18,1185702.9715471738
25-44,East_Midlands,123,0,0,2020-06-18,1277009.2859038296
45-64,East_Midlands,123,0,0,2020-06-18,587008.9113449141
65-74,East_Midlands,123,0,0,2020-06-18,519078.8623548428
75+,East_Midlands,123,0,0,2020-06-18,410895.56292034814
1-4,East_Midlands,124,0,0,2020-06-19,544604.2261578062
5-14,East_Midlands,124,0,0,2020-06-19,164885.1975151702
15-24,East_Midlands,124,0,0,2020-06-19,1185702.9715471738
25-44,East_Midlands,124,0,0,2020-06-19,1277009.2859038296
45-64,East_Midlands,124,0,0,2020-06-19,587008.9113449141
65-74,East_Midlands,124,0,0,2020-06-19,519078.8623548428
75+,East_Midlands,124,0,0,2020-06-19,410895.56292034814
1-4,East_Midlands,125,0,0,2020-06-20,544604.2261578062
5-14,East_Midlands,125,0,0,2020-06-20,164885.1975151702
15-24,East_Midlands,125,0,0,2020-06-20,1185702.9715471738
25-44,East_Midlands,125,0,0,2020-06-20,1277009.2859038296
45-64,East_Midlands,125,0,0,2020-06-20,587008.9113449141
65-74,East_Midlands,125,0,0,2020-06-20,519078.8623548428
75+,East_Midlands,125,0,0,2020-06-20,410895.56292034814
1-4,East_Midlands,126,0,0,2020-06-21,544604.2261578062
5-14,East_Midlands,126,0,0,2020-06-21,164885.1975151702
15-24,East_Midlands,126,0,0,2020-06-21,1185702.9715471738
25-44,East_Midlands,126,0,0,2020-06-21,1277009.2859038296
45-64,East_Midlands,126,0,0,2020-06-21,587008.9113449141
65-74,East_Midlands,126,0,0,2020-06-21,519078.8623548428
75+,East_Midlands,126,0,0,2020-06-21,410895.56292034814
1-4,East_Midlands,127,0,0,2020-06-22,544604.2261578062
5-14,East_Midlands,127,0,0,2020-06-22,164885.1975151702
15-24,East_Midlands,127,0,0,2020-06-22,1185702.9715471738
25-44,East_Midlands,127,0,0,2020-06-22,1277009.2859038296
45-64,East_Midlands,127,0,0,2020-06-22,587008.9113449141
65-74,East_Midlands,127,0,0,2020-06-22,519078.8623548428
75+,East_Midlands,127,0,0,2020-06-22,410895.56292034814
1-4,East_Midlands,128,0,0,2020-06-23,544604.2261578062
5-14,East_Midlands,128,0,0,2020-06-23,164885.1975151702
15-24,East_Midlands,128,0,0,2020-06-23,1185702.9715471738
25-44,East_Midlands,128,0,0,2020-06-23,1277009.2859038296
45-64,East_Midlands,128,0,0,2020-06-23,587008.9113449141
65-74,East_Midlands,128,0,0,2020-06-23,519078.8623548428
75+,East_Midlands,128,0,0,2020-06-23,410895.56292034814
1-4,East_Midlands,129,0,0,2020-06-24,544604.2261578062
5-14,East_Midlands,129,7.756994096788326,0.5437666250043953,2020-06-24,164885.1975151702
15-24,East_Midlands,129,8.766690719324814,0.48188799116807723,2020-06-24,1185702.9715471738
25-44,East_Midlands,129,8.432756019862705,0.4576258036179788,2020-06-24,1277009.2859038296
45-64,East_Midlands,129,7.623024156091263,0.5141038167966776,2020-06-24,587008.9113449141
65-74,East_Midlands,129,7.274208134934831,0.3507704066790161,2020-06-24,519078.8623548428
75+,East_Midlands,129,7.660131827748818,0.3527040226349133,2020-06-24,410895.56292034814
1-4,East_Midlands,130,0,0,2020-06-25,544604.2261578062
5-14,East_Midlands,130,0,0,2020-06-25,164885.1975151702
15-24,East_Midlands,130,0,0,2020-06-25,1185702.9715471738
25-44,East_Midlands,130,0,0,2020-06-25,1277009.2859038296
45-64,East_Midlands,130,0,0,2020-06-25,587008.9113449141
65-74,East_Midlands,130,0,0,2020-06-25,519078.8623548428
75+,East_Midlands,130,0,0,2020-06-25,410895.56292034814
1-4,East_Midlands,131,0,0,2020-06-26,544604.2261578062
5-14,East_Midlands,131,0,0,2020-06-26,164885.1975151702
15-24,East_Midlands,131,0,0,2020-06-26,1185702.9715471738
25-44,East_Midlands,131,0,0,2020-06-26,1277009.2859038296
45-64,East_Midlands,131,0,0,2020-06-26,587008.9113449141
65-74,East_Midlands,131,0,0,2020-06-26,519078.8623548428
75+,East_Midlands,131,0,0,2020-06-26,410895.56292034814
1-4,East_Midlands,132,0,0,2020-06-27,544604.2261578062
5-14,East_Midlands,132,0,0,2020-06-27,164885.1975151702
15-24,East_Midlands,132,0,0,2020-06-27,1185702.9715471738
25-44,East_Midlands,132,0,0,2020-06-27,1277009.2859038296
45-64,East_Midlands,132,0,0,2020-06-27,587008.9113449141
65-74,East_Midlands,132,0,0,2020-06-27,519078.8623548428
75+,East_Midlands,132,0,0,2020-06-27,410895.56292034814
1-4,East_Midlands,133,0,0,2020-06-28,544604.2261578062
5-14,East_Midlands,133,0,0,2020-06-28,164885.1975151702
15-24,East_Midlands,133,0,0,2020-06-28,1185702.9715471738
25-44,East_Midlands,133,0,0,2020-06-28,1277009.2859038296
45-64,East_Midlands,133,0,0,2020-06-28,587008.9113449141
65-74,East_Midlands,133,0,0,2020-06-28,519078.8623548428
75+,East_Midlands,133,0,0,2020-06-28,410895.56292034814
1-4,East_Midlands,134,0,0,2020-06-29,544604.2261578062
5-14,East_Midlands,134,0,0,2020-06-29,164885.1975151702
15-24,East_Midlands,134,0,0,2020-06-29,1185702.9715471738
25-44,East_Midlands,134,0,0,2020-06-29,1277009.2859038296
45-64,East_Midlands,134,0,0,2020-06-29,587008.9113449141
65-74,East_Midlands,134,0,0,2020-06-29,519078.8623548428
75+,East_Midlands,134,0,0,2020-06-29,410895.56292034814
1-4,East_Midlands,135,0,0,2020-06-30,544604.2261578062
5-14,East_Midlands,135,0,0,2020-06-30,164885.1975151702
15-24,East_Midlands,135,0,0,2020-06-30,1185702.9715471738
25-44,East_Midlands,135,0,0,2020-06-30,1277009.2859038296
45-64,East_Midlands,135,0,0,2020-06-30,587008.9113449141
65-74,East_Midlands,135,0,0,2020-06-30,519078.8623548428
75+,East_Midlands,135,0,0,2020-06-30,410895.56292034814
1-4,East_Midlands,136,0,0,2020-07-01,544604.2261578062
5-14,East_Midlands,136,0,0,2020-07-01,164885.1975151702
15-24,East_Midlands,136,0,0,2020-07-01,1185702.9715471738
25-44,East_Midlands,136,0,0,2020-07-01,1277009.2859038296
45-64,East_Midlands,136,0,0,2020-07-01,587008.9113449141
65-74,East_Midlands,136,0,0,2020-07-01,519078.8623548428
75+,East_Midlands,136,0,0,2020-07-01,410895.56292034814
1-4,East_Midlands,137,0,0,2020-07-02,544604.2261578062
5-14,East_Midlands,137,0,0,2020-07-02,164885.1975151702
15-24,East_Midlands,137,0,0,2020-07-02,1185702.9715471738
25-44,East_Midlands,137,0,0,2020-07-02,1277009.2859038296
45-64,East_Midlands,137,0,0,2020-07-02,587008.9113449141
65-74,East_Midlands,137,0,0,2020-07-02,519078.8623548428
75+,East_Midlands,137,0,0,2020-07-02,410895.56292034814
1-4,East_Midlands,138,0,0,2020-07-03,544604.2261578062
5-14,East_Midlands,138,0,0,2020-07-03,164885.1975151702
15-24,East_Midlands,138,0,0,2020-07-03,1185702.9715471738
25-44,East_Midlands,138,0,0,2020-07-03,1277009.2859038296
45-64,East_Midlands,138,0,0,2020-07-03,587008.9113449141
65-74,East_Midlands,138,0,0,2020-07-03,519078.8623548428
75+,East_Midlands,138,0,0,2020-07-03,410895.56292034814
1-4,East_Midlands,139,0,0,2020-07-04,544604.2261578062
5-14,East_Midlands,139,0,0,2020-07-04,164885.1975151702
15-24,East_Midlands,139,0,0,2020-07-04,1185702.9715471738
25-44,East_Midlands,139,0,0,2020-07-04,1277009.2859038296
45-64,East_Midlands,139,0,0,2020-07-04,587008.9113449141
65-74,East_Midlands,139,0,0,2020-07-04,519078.8623548428
75+,East_Midlands,139,0,0,2020-07-04,410895.56292034814
1-4,East_Midlands,140,0,0,2020-07-05,544604.2261578062
5-14,East_Midlands,140,0,0,2020-07-05,164885.1975151702
15-24,East_Midlands,140,0,0,2020-07-05,1185702.9715471738
25-44,East_Midlands,140,0,0,2020-07-05,1277009.2859038296
45-64,East_Midlands,140,0,0,2020-07-05,587008.9113449141
65-74,East_Midlands,140,0,0,2020-07-05,519078.8623548428
75+,East_Midlands,140,0,0,2020-07-05,410895.56292034814
1-4,East_Midlands,141,0,0,2020-07-06,544604.2261578062
5-14,East_Midlands,141,0,0,2020-07-06,164885.1975151702
15-24,East_Midlands,141,0,0,2020-07-06,1185702.9715471738
25-44,East_Midlands,141,0,0,2020-07-06,1277009.2859038296
45-64,East_Midlands,141,0,0,2020-07-06,587008.9113449141
65-74,East_Midlands,141,0,0,2020-07-06,519078.8623548428
75+,East_Midlands,141,0,0,2020-07-06,410895.56292034814
1-4,East_Midlands,142,0,0,2020-07-07,544604.2261578062
5-14,East_Midlands,142,0,0,2020-07-07,164885.1975151702
15-24,East_Midlands,142,0,0,2020-07-07,1185702.9715471738
25-44,East_Midlands,142,0,0,2020-07-07,1277009.2859038296
45-64,East_Midlands,142,0,0,2020-07-07,587008.9113449141
65-74,East_Midlands,142,0,0,2020-07-07,519078.8623548428
75+,East_Midlands,142,0,0,2020-07-07,410895.56292034814
1-4,East_Midlands,143,0,0,2020-07-08,544604.2261578062
5-14,East_Midlands,143,7.747251226808174,0.5393931716654738,2020-07-08,164885.1975151702
15-24,East_Midlands,143,8.621494704351942,0.49006822718643495,2020-07-08,1185702.9715471738
25-44,East_Midlands,143,8.191830543669218,0.468901509611155,2020-07-08,1277009.2859038296
45-64,East_Midlands,143,7.630508641827729,0.49992054253843593,2020-07-08,587008.9113449141
65-74,East_Midlands,143,7.218498999191094,0.3530487223924199,2020-07-08,519078.8623548428
75+,East_Midlands,143,7.520121275827631,0.35007700446935586,2020-07-08,410895.56292034814
1-4,East_Midlands,144,0,0,2020-07-09,544604.2261578062
5-14,East_Midlands,144,0,0,2020-07-09,164885.1975151702
15-24,East_Midlands,144,0,0,2020-07-09,1185702.9715471738
25-44,East_Midlands,144,0,0,2020-07-09,1277009.2859038296
45-64,East_Midlands,144,0,0,2020-07-09,587008.9113449141
65-74,East_Midlands,144,0,0,2020-07-09,519078.8623548428
75+,East_Midlands,144,0,0,2020-07-09,410895.56292034814
1-4,East_Midlands,145,0,0,2020-07-10,544604.2261578062
5-14,East_Midlands,145,0,0,2020-07-10,164885.1975151702
15-24,East_Midlands,145,0,0,2020-07-10,1185702.9715471738
25-44,East_Midlands,145,0,0,2020-07-10,1277009.2859038296
45-64,East_Midlands,145,0,0,2020-07-10,587008.9113449141
65-74,East_Midlands,145,0,0,2020-07-10,519078.8623548428
75+,East_Midlands,145,0,0,2020-07-10,410895.56292034814
1-4,East_Midlands,146,0,0,2020-07-11,544604.2261578062
5-14,East_Midlands,146,0,0,2020-07-11,164885.1975151702
15-24,East_Midlands,146,0,0,2020-07-11,1185702.9715471738
25-44,East_Midlands,146,0,0,2020-07-11,1277009.2859038296
45-64,East_Midlands,146,0,0,2020-07-11,587008.9113449141
65-74,East_Midlands,146,0,0,2020-07-11,519078.8623548428
75+,East_Midlands,146,0,0,2020-07-11,410895.56292034814
1-4,East_Midlands,147,0,0,2020-07-12,544604.2261578062
5-14,East_Midlands,147,0,0,2020-07-12,164885.1975151702
15-24,East_Midlands,147,0,0,2020-07-12,1185702.9715471738
25-44,East_Midlands,147,0,0,2020-07-12,1277009.2859038296
45-64,East_Midlands,147,0,0,2020-07-12,587008.9113449141
65-74,East_Midlands,147,0,0,2020-07-12,519078.8623548428
75+,East_Midlands,147,0,0,2020-07-12,410895.56292034814
1-4,East_Midlands,148,0,0,2020-07-13,544604.2261578062
5-14,East_Midlands,148,0,0,2020-07-13,164885.1975151702
15-24,East_Midlands,148,0,0,2020-07-13,1185702.9715471738
25-44,East_Midlands,148,0,0,2020-07-13,1277009.2859038296
45-64,East_Midlands,148,0,0,2020-07-13,587008.9113449141
65-74,East_Midlands,148,0,0,2020-07-13,519078.8623548428
75+,East_Midlands,148,0,0,2020-07-13,410895.56292034814
1-4,East_Midlands,149,0,0,2020-07-14,544604.2261578062
5-14,East_Midlands,149,0,0,2020-07-14,164885.1975151702
15-24,East_Midlands,149,0,0,2020-07-14,1185702.9715471738
25-44,East_Midlands,149,0,0,2020-07-14,1277009.2859038296
45-64,East_Midlands,149,0,0,2020-07-14,587008.9113449141
65-74,East_Midlands,149,0,0,2020-07-14,519078.8623548428
75+,East_Midlands,149,0,0,2020-07-14,410895.56292034814
1-4,East_Midlands,150,0,0,2020-07-15,544604.2261578062
5-14,East_Midlands,150,0,0,2020-07-15,164885.1975151702
15-24,East_Midlands,150,0,0,2020-07-15,1185702.9715471738
25-44,East_Midlands,150,0,0,2020-07-15,1277009.2859038296
45-64,East_Midlands,150,0,0,2020-07-15,587008.9113449141
65-74,East_Midlands,150,0,0,2020-07-15,519078.8623548428
75+,East_Midlands,150,0,0,2020-07-15,410895.56292034814
1-4,East_Midlands,151,0,0,2020-07-16,544604.2261578062
5-14,East_Midlands,151,0,0,2020-07-16,164885.1975151702
15-24,East_Midlands,151,0,0,2020-07-16,1185702.9715471738
25-44,East_Midlands,151,0,0,2020-07-16,1277009.2859038296
45-64,East_Midlands,151,0,0,2020-07-16,587008.9113449141
65-74,East_Midlands,151,0,0,2020-07-16,519078.8623548428
75+,East_Midlands,151,0,0,2020-07-16,410895.56292034814
1-4,East_Midlands,152,0,0,2020-07-17,544604.2261578062
5-14,East_Midlands,152,0,0,2020-07-17,164885.1975151702
15-24,East_Midlands,152,0,0,2020-07-17,1185702.9715471738
25-44,East_Midlands,152,0,0,2020-07-17,1277009.2859038296
45-64,East_Midlands,152,0,0,2020-07-17,587008.9113449141
65-74,East_Midlands,152,0,0,2020-07-17,519078.8623548428
75+,East_Midlands,152,0,0,2020-07-17,410895.56292034814
1-4,East_Midlands,153,0,0,2020-07-18,544604.2261578062
5-14,East_Midlands,153,0,0,2020-07-18,164885.1975151702
15-24,East_Midlands,153,0,0,2020-07-18,1185702.9715471738
25-44,East_Midlands,153,0,0,2020-07-18,1277009.2859038296
45-64,East_Midlands,153,0,0,2020-07-18,587008.9113449141
65-74,East_Midlands,153,0,0,2020-07-18,519078.8623548428
75+,East_Midlands,153,0,0,2020-07-18,410895.56292034814
1-4,East_Midlands,154,0,0,2020-07-19,544604.2261578062
5-14,East_Midlands,154,0,0,2020-07-19,164885.1975151702
15-24,East_Midlands,154,0,0,2020-07-19,1185702.9715471738
25-44,East_Midlands,154,0,0,2020-07-19,1277009.2859038296
45-64,East_Midlands,154,0,0,2020-07-19,587008.9113449141
65-74,East_Midlands,154,0,0,2020-07-19,519078.8623548428
75+,East_Midlands,154,0,0,2020-07-19,410895.56292034814
1-4,East_Midlands,155,0,0,2020-07-20,544604.2261578062
5-14,East_Midlands,155,0,0,2020-07-20,164885.1975151702
15-24,East_Midlands,155,0,0,2020-07-20,1185702.9715471738
25-44,East_Midlands,155,0,0,2020-07-20,1277009.2859038296
45-64,East_Midlands,155,0,0,2020-07-20,587008.9113449141
65-74,East_Midlands,155,0,0,2020-07-20,519078.8623548428
75+,East_Midlands,155,0,0,2020-07-20,410895.56292034814
1-4,East_Midlands,156,0,0,2020-07-21,544604.2261578062
5-14,East_Midlands,156,0,0,2020-07-21,164885.1975151702
15-24,East_Midlands,156,0,0,2020-07-21,1185702.9715471738
25-44,East_Midlands,156,0,0,2020-07-21,1277009.2859038296
45-64,East_Midlands,156,0,0,2020-07-21,587008.9113449141
65-74,East_Midlands,156,0,0,2020-07-21,519078.8623548428
75+,East_Midlands,156,0,0,2020-07-21,410895.56292034814
1-4,East_Midlands,157,0,0,2020-07-22,544604.2261578062
5-14,East_Midlands,157,7.686943619503238,0.5373122287870823,2020-07-22,164885.1975151702
15-24,East_Midlands,157,8.451031398033814,0.4981907712353044,2020-07-22,1185702.9715471738
25-44,East_Midlands,157,7.917223735424857,0.48549708661960855,2020-07-22,1277009.2859038296
45-64,East_Midlands,157,7.668355934831741,0.4911495439453124,2020-07-22,587008.9113449141
65-74,East_Midlands,157,7.183300979432578,0.3528936619493364,2020-07-22,519078.8623548428
75+,East_Midlands,157,7.4277731949318735,0.36277853581426883,2020-07-22,410895.56292034814
1-4,East_Midlands,158,0,0,2020-07-23,544604.2261578062
5-14,East_Midlands,158,0,0,2020-07-23,164885.1975151702
15-24,East_Midlands,158,0,0,2020-07-23,1185702.9715471738
25-44,East_Midlands,158,0,0,2020-07-23,1277009.2859038296
45-64,East_Midlands,158,0,0,2020-07-23,587008.9113449141
65-74,East_Midlands,158,0,0,2020-07-23,519078.8623548428
75+,East_Midlands,158,0,0,2020-07-23,410895.56292034814
1-4,East_Midlands,159,0,0,2020-07-24,544604.2261578062
5-14,East_Midlands,159,0,0,2020-07-24,164885.1975151702
15-24,East_Midlands,159,0,0,2020-07-24,1185702.9715471738
25-44,East_Midlands,159,0,0,2020-07-24,1277009.2859038296
45-64,East_Midlands,159,0,0,2020-07-24,587008.9113449141
65-74,East_Midlands,159,0,0,2020-07-24,519078.8623548428
75+,East_Midlands,159,0,0,2020-07-24,410895.56292034814
1-4,East_Midlands,160,0,0,2020-07-25,544604.2261578062
5-14,East_Midlands,160,0,0,2020-07-25,164885.1975151702
15-24,East_Midlands,160,0,0,2020-07-25,1185702.9715471738
25-44,East_Midlands,160,0,0,2020-07-25,1277009.2859038296
45-64,East_Midlands,160,0,0,2020-07-25,587008.9113449141
65-74,East_Midlands,160,0,0,2020-07-25,519078.8623548428
75+,East_Midlands,160,0,0,2020-07-25,410895.56292034814
1-4,East_Midlands,161,0,0,2020-07-26,544604.2261578062
5-14,East_Midlands,161,0,0,2020-07-26,164885.1975151702
15-24,East_Midlands,161,0,0,2020-07-26,1185702.9715471738
25-44,East_Midlands,161,0,0,2020-07-26,1277009.2859038296
45-64,East_Midlands,161,0,0,2020-07-26,587008.9113449141
65-74,East_Midlands,161,0,0,2020-07-26,519078.8623548428
75+,East_Midlands,161,0,0,2020-07-26,410895.56292034814
1-4,East_Midlands,162,0,0,2020-07-27,544604.2261578062
5-14,East_Midlands,162,0,0,2020-07-27,164885.1975151702
15-24,East_Midlands,162,0,0,2020-07-27,1185702.9715471738
25-44,East_Midlands,162,0,0,2020-07-27,1277009.2859038296
45-64,East_Midlands,162,0,0,2020-07-27,587008.9113449141
65-74,East_Midlands,162,0,0,2020-07-27,519078.8623548428
75+,East_Midlands,162,0,0,2020-07-27,410895.56292034814
1-4,East_Midlands,163,0,0,2020-07-28,544604.2261578062
5-14,East_Midlands,163,0,0,2020-07-28,164885.1975151702
15-24,East_Midlands,163,0,0,2020-07-28,1185702.9715471738
25-44,East_Midlands,163,0,0,2020-07-28,1277009.2859038296
45-64,East_Midlands,163,0,0,2020-07-28,587008.9113449141
65-74,East_Midlands,163,0,0,2020-07-28,519078.8623548428
75+,East_Midlands,163,0,0,2020-07-28,410895.56292034814
1-4,East_Midlands,164,0,0,2020-07-29,544604.2261578062
5-14,East_Midlands,164,0,0,2020-07-29,164885.1975151702
15-24,East_Midlands,164,0,0,2020-07-29,1185702.9715471738
25-44,East_Midlands,164,0,0,2020-07-29,1277009.2859038296
45-64,East_Midlands,164,0,0,2020-07-29,587008.9113449141
65-74,East_Midlands,164,0,0,2020-07-29,519078.8623548428
75+,East_Midlands,164,0,0,2020-07-29,410895.56292034814
1-4,East_Midlands,165,0,0,2020-07-30,544604.2261578062
5-14,East_Midlands,165,0,0,2020-07-30,164885.1975151702
15-24,East_Midlands,165,0,0,2020-07-30,1185702.9715471738
25-44,East_Midlands,165,0,0,2020-07-30,1277009.2859038296
45-64,East_Midlands,165,0,0,2020-07-30,587008.9113449141
65-74,East_Midlands,165,0,0,2020-07-30,519078.8623548428
75+,East_Midlands,165,0,0,2020-07-30,410895.56292034814
1-4,East_Midlands,166,0,0,2020-07-31,544604.2261578062
5-14,East_Midlands,166,0,0,2020-07-31,164885.1975151702
15-24,East_Midlands,166,0,0,2020-07-31,1185702.9715471738
25-44,East_Midlands,166,0,0,2020-07-31,1277009.2859038296
45-64,East_Midlands,166,0,0,2020-07-31,587008.9113449141
65-74,East_Midlands,166,0,0,2020-07-31,519078.8623548428
75+,East_Midlands,166,0,0,2020-07-31,410895.56292034814
1-4,East_Midlands,167,0,0,2020-08-01,544604.2261578062
5-14,East_Midlands,167,0,0,2020-08-01,164885.1975151702
15-24,East_Midlands,167,0,0,2020-08-01,1185702.9715471738
25-44,East_Midlands,167,0,0,2020-08-01,1277009.2859038296
45-64,East_Midlands,167,0,0,2020-08-01,587008.9113449141
65-74,East_Midlands,167,0,0,2020-08-01,519078.8623548428
75+,East_Midlands,167,0,0,2020-08-01,410895.56292034814
1-4,East_Midlands,168,0,0,2020-08-02,544604.2261578062
5-14,East_Midlands,168,0,0,2020-08-02,164885.1975151702
15-24,East_Midlands,168,0,0,2020-08-02,1185702.9715471738
25-44,East_Midlands,168,0,0,2020-08-02,1277009.2859038296
45-64,East_Midlands,168,0,0,2020-08-02,587008.9113449141
65-74,East_Midlands,168,0,0,2020-08-02,519078.8623548428
75+,East_Midlands,168,0,0,2020-08-02,410895.56292034814
1-4,East_Midlands,169,0,0,2020-08-03,544604.2261578062
5-14,East_Midlands,169,0,0,2020-08-03,164885.1975151702
15-24,East_Midlands,169,0,0,2020-08-03,1185702.9715471738
25-44,East_Midlands,169,0,0,2020-08-03,1277009.2859038296
45-64,East_Midlands,169,0,0,2020-08-03,587008.9113449141
65-74,East_Midlands,169,0,0,2020-08-03,519078.8623548428
75+,East_Midlands,169,0,0,2020-08-03,410895.56292034814
1-4,East_Midlands,170,0,0,2020-08-04,544604.2261578062
5-14,East_Midlands,170,0,0,2020-08-04,164885.1975151702
15-24,East_Midlands,170,0,0,2020-08-04,1185702.9715471738
25-44,East_Midlands,170,0,0,2020-08-04,1277009.2859038296
45-64,East_Midlands,170,0,0,2020-08-04,587008.9113449141
65-74,East_Midlands,170,0,0,2020-08-04,519078.8623548428
75+,East_Midlands,170,0,0,2020-08-04,410895.56292034814
1-4,East_Midlands,171,0,0,2020-08-05,544604.2261578062
5-14,East_Midlands,171,7.529884955256371,0.5375654965839913,2020-08-05,164885.1975151702
15-24,East_Midlands,171,8.195176225843104,0.49361773847846424,2020-08-05,1185702.9715471738
25-44,East_Midlands,171,7.631142709676788,0.4899123943666551,2020-08-05,1277009.2859038296
45-64,East_Midlands,171,7.617228336020258,0.4951507085646473,2020-08-05,587008.9113449141
65-74,East_Midlands,171,7.082900445382866,0.34217073256919484,2020-08-05,519078.8623548428
75+,East_Midlands,171,7.3118938704806915,0.36754750214795484,2020-08-05,410895.56292034814
1-4,East_Midlands,172,0,0,2020-08-06,544604.2261578062
5-14,East_Midlands,172,0,0,2020-08-06,164885.1975151702
15-24,East_Midlands,172,0,0,2020-08-06,1185702.9715471738
25-44,East_Midlands,172,0,0,2020-08-06,1277009.2859038296
45-64,East_Midlands,172,0,0,2020-08-06,587008.9113449141
65-74,East_Midlands,172,0,0,2020-08-06,519078.8623548428
75+,East_Midlands,172,0,0,2020-08-06,410895.56292034814
1-4,East_Midlands,173,0,0,2020-08-07,544604.2261578062
5-14,East_Midlands,173,0,0,2020-08-07,164885.1975151702
15-24,East_Midlands,173,0,0,2020-08-07,1185702.9715471738
25-44,East_Midlands,173,0,0,2020-08-07,1277009.2859038296
45-64,East_Midlands,173,0,0,2020-08-07,587008.9113449141
65-74,East_Midlands,173,0,0,2020-08-07,519078.8623548428
75+,East_Midlands,173,0,0,2020-08-07,410895.56292034814
1-4,East_Midlands,174,0,0,2020-08-08,544604.2261578062
5-14,East_Midlands,174,0,0,2020-08-08,164885.1975151702
15-24,East_Midlands,174,0,0,2020-08-08,1185702.9715471738
25-44,East_Midlands,174,0,0,2020-08-08,1277009.2859038296
45-64,East_Midlands,174,0,0,2020-08-08,587008.9113449141
65-74,East_Midlands,174,0,0,2020-08-08,519078.8623548428
75+,East_Midlands,174,0,0,2020-08-08,410895.56292034814
1-4,East_Midlands,175,0,0,2020-08-09,544604.2261578062
5-14,East_Midlands,175,0,0,2020-08-09,164885.1975151702
15-24,East_Midlands,175,0,0,2020-08-09,1185702.9715471738
25-44,East_Midlands,175,0,0,2020-08-09,1277009.2859038296
45-64,East_Midlands,175,0,0,2020-08-09,587008.9113449141
65-74,East_Midlands,175,0,0,2020-08-09,519078.8623548428
75+,East_Midlands,175,0,0,2020-08-09,410895.56292034814
1-4,East_Midlands,176,0,0,2020-08-10,544604.2261578062
5-14,East_Midlands,176,0,0,2020-08-10,164885.1975151702
15-24,East_Midlands,176,0,0,2020-08-10,1185702.9715471738
25-44,East_Midlands,176,0,0,2020-08-10,1277009.2859038296
45-64,East_Midlands,176,0,0,2020-08-10,587008.9113449141
65-74,East_Midlands,176,0,0,2020-08-10,519078.8623548428
75+,East_Midlands,176,0,0,2020-08-10,410895.56292034814
1-4,East_Midlands,177,0,0,2020-08-11,544604.2261578062
5-14,East_Midlands,177,0,0,2020-08-11,164885.1975151702
15-24,East_Midlands,177,0,0,2020-08-11,1185702.9715471738
25-44,East_Midlands,177,0,0,2020-08-11,1277009.2859038296
45-64,East_Midlands,177,0,0,2020-08-11,587008.9113449141
65-74,East_Midlands,177,0,0,2020-08-11,519078.8623548428
75+,East_Midlands,177,0,0,2020-08-11,410895.56292034814
1-4,East_Midlands,178,0,0,2020-08-12,544604.2261578062
5-14,East_Midlands,178,0,0,2020-08-12,164885.1975151702
15-24,East_Midlands,178,0,0,2020-08-12,1185702.9715471738
25-44,East_Midlands,178,0,0,2020-08-12,1277009.2859038296
45-64,East_Midlands,178,0,0,2020-08-12,587008.9113449141
65-74,East_Midlands,178,0,0,2020-08-12,519078.8623548428
75+,East_Midlands,178,0,0,2020-08-12,410895.56292034814
1-4,East_Midlands,179,0,0,2020-08-13,544604.2261578062
5-14,East_Midlands,179,0,0,2020-08-13,164885.1975151702
15-24,East_Midlands,179,0,0,2020-08-13,1185702.9715471738
25-44,East_Midlands,179,0,0,2020-08-13,1277009.2859038296
45-64,East_Midlands,179,0,0,2020-08-13,587008.9113449141
65-74,East_Midlands,179,0,0,2020-08-13,519078.8623548428
75+,East_Midlands,179,0,0,2020-08-13,410895.56292034814
1-4,East_Midlands,180,0,0,2020-08-14,544604.2261578062
5-14,East_Midlands,180,0,0,2020-08-14,164885.1975151702
15-24,East_Midlands,180,0,0,2020-08-14,1185702.9715471738
25-44,East_Midlands,180,0,0,2020-08-14,1277009.2859038296
45-64,East_Midlands,180,0,0,2020-08-14,587008.9113449141
65-74,East_Midlands,180,0,0,2020-08-14,519078.8623548428
75+,East_Midlands,180,0,0,2020-08-14,410895.56292034814
1-4,East_Midlands,181,0,0,2020-08-15,544604.2261578062
5-14,East_Midlands,181,0,0,2020-08-15,164885.1975151702
15-24,East_Midlands,181,0,0,2020-08-15,1185702.9715471738
25-44,East_Midlands,181,0,0,2020-08-15,1277009.2859038296
45-64,East_Midlands,181,0,0,2020-08-15,587008.9113449141
65-74,East_Midlands,181,0,0,2020-08-15,519078.8623548428
75+,East_Midlands,181,0,0,2020-08-15,410895.56292034814
1-4,East_Midlands,182,0,0,2020-08-16,544604.2261578062
5-14,East_Midlands,182,0,0,2020-08-16,164885.1975151702
15-24,East_Midlands,182,0,0,2020-08-16,1185702.9715471738
25-44,East_Midlands,182,0,0,2020-08-16,1277009.2859038296
45-64,East_Midlands,182,0,0,2020-08-16,587008.9113449141
65-74,East_Midlands,182,0,0,2020-08-16,519078.8623548428
75+,East_Midlands,182,0,0,2020-08-16,410895.56292034814
1-4,East_Midlands,183,0,0,2020-08-17,544604.2261578062
5-14,East_Midlands,183,0,0,2020-08-17,164885.1975151702
15-24,East_Midlands,183,0,0,2020-08-17,1185702.9715471738
25-44,East_Midlands,183,0,0,2020-08-17,1277009.2859038296
45-64,East_Midlands,183,0,0,2020-08-17,587008.9113449141
65-74,East_Midlands,183,0,0,2020-08-17,519078.8623548428
75+,East_Midlands,183,0,0,2020-08-17,410895.56292034814
1-4,East_Midlands,184,0,0,2020-08-18,544604.2261578062
5-14,East_Midlands,184,0,0,2020-08-18,164885.1975151702
15-24,East_Midlands,184,0,0,2020-08-18,1185702.9715471738
25-44,East_Midlands,184,0,0,2020-08-18,1277009.2859038296
45-64,East_Midlands,184,0,0,2020-08-18,587008.9113449141
65-74,East_Midlands,184,0,0,2020-08-18,519078.8623548428
75+,East_Midlands,184,0,0,2020-08-18,410895.56292034814
1-4,East_Midlands,185,0,0,2020-08-19,544604.2261578062
5-14,East_Midlands,185,7.305824736451071,0.5360317199497194,2020-08-19,164885.1975151702
15-24,East_Midlands,185,7.994660757796359,0.48853862672096854,2020-08-19,1185702.9715471738
25-44,East_Midlands,185,7.424038355463517,0.4878474972990914,2020-08-19,1277009.2859038296
45-64,East_Midlands,185,7.519612679593439,0.494137703418279,2020-08-19,587008.9113449141
65-74,East_Midlands,185,6.952191462999855,0.32561233797405525,2020-08-19,519078.8623548428
75+,East_Midlands,185,7.16581626497747,0.3535999707060858,2020-08-19,410895.56292034814
1-4,East_Midlands,186,0,0,2020-08-20,544604.2261578062
5-14,East_Midlands,186,0,0,2020-08-20,164885.1975151702
15-24,East_Midlands,186,0,0,2020-08-20,1185702.9715471738
25-44,East_Midlands,186,0,0,2020-08-20,1277009.2859038296
45-64,East_Midlands,186,0,0,2020-08-20,587008.9113449141
65-74,East_Midlands,186,0,0,2020-08-20,519078.8623548428
75+,East_Midlands,186,0,0,2020-08-20,410895.56292034814
1-4,East_Midlands,187,0,0,2020-08-21,544604.2261578062
5-14,East_Midlands,187,0,0,2020-08-21,164885.1975151702
15-24,East_Midlands,187,0,0,2020-08-21,1185702.9715471738
25-44,East_Midlands,187,0,0,2020-08-21,1277009.2859038296
45-64,East_Midlands,187,0,0,2020-08-21,587008.9113449141
65-74,East_Midlands,187,0,0,2020-08-21,519078.8623548428
75+,East_Midlands,187,0,0,2020-08-21,410895.56292034814
1-4,East_Midlands,188,0,0,2020-08-22,544604.2261578062
5-14,East_Midlands,188,0,0,2020-08-22,164885.1975151702
15-24,East_Midlands,188,0,0,2020-08-22,1185702.9715471738
25-44,East_Midlands,188,0,0,2020-08-22,1277009.2859038296
45-64,East_Midlands,188,0,0,2020-08-22,587008.9113449141
65-74,East_Midlands,188,0,0,2020-08-22,519078.8623548428
75+,East_Midlands,188,0,0,2020-08-22,410895.56292034814
1-4,East_Midlands,189,0,0,2020-08-23,544604.2261578062
5-14,East_Midlands,189,0,0,2020-08-23,164885.1975151702
15-24,East_Midlands,189,0,0,2020-08-23,1185702.9715471738
25-44,East_Midlands,189,0,0,2020-08-23,1277009.2859038296
45-64,East_Midlands,189,0,0,2020-08-23,587008.9113449141
65-74,East_Midlands,189,0,0,2020-08-23,519078.8623548428
75+,East_Midlands,189,0,0,2020-08-23,410895.56292034814
1-4,East_Midlands,190,0,0,2020-08-24,544604.2261578062
5-14,East_Midlands,190,0,0,2020-08-24,164885.1975151702
15-24,East_Midlands,190,0,0,2020-08-24,1185702.9715471738
25-44,East_Midlands,190,0,0,2020-08-24,1277009.2859038296
45-64,East_Midlands,190,0,0,2020-08-24,587008.9113449141
65-74,East_Midlands,190,0,0,2020-08-24,519078.8623548428
75+,East_Midlands,190,0,0,2020-08-24,410895.56292034814
1-4,East_Midlands,191,0,0,2020-08-25,544604.2261578062
5-14,East_Midlands,191,0,0,2020-08-25,164885.1975151702
15-24,East_Midlands,191,0,0,2020-08-25,1185702.9715471738
25-44,East_Midlands,191,0,0,2020-08-25,1277009.2859038296
45-64,East_Midlands,191,0,0,2020-08-25,587008.9113449141
65-74,East_Midlands,191,0,0,2020-08-25,519078.8623548428
75+,East_Midlands,191,0,0,2020-08-25,410895.56292034814
1-4,East_Midlands,192,0,0,2020-08-26,544604.2261578062
5-14,East_Midlands,192,0,0,2020-08-26,164885.1975151702
15-24,East_Midlands,192,0,0,2020-08-26,1185702.9715471738
25-44,East_Midlands,192,0,0,2020-08-26,1277009.2859038296
45-64,East_Midlands,192,0,0,2020-08-26,587008.9113449141
65-74,East_Midlands,192,0,0,2020-08-26,519078.8623548428
75+,East_Midlands,192,0,0,2020-08-26,410895.56292034814
1-4,East_Midlands,193,0,0,2020-08-27,544604.2261578062
5-14,East_Midlands,193,0,0,2020-08-27,164885.1975151702
15-24,East_Midlands,193,0,0,2020-08-27,1185702.9715471738
25-44,East_Midlands,193,0,0,2020-08-27,1277009.2859038296
45-64,East_Midlands,193,0,0,2020-08-27,587008.9113449141
65-74,East_Midlands,193,0,0,2020-08-27,519078.8623548428
75+,East_Midlands,193,0,0,2020-08-27,410895.56292034814
1-4,East_Midlands,194,0,0,2020-08-28,544604.2261578062
5-14,East_Midlands,194,0,0,2020-08-28,164885.1975151702
15-24,East_Midlands,194,0,0,2020-08-28,1185702.9715471738
25-44,East_Midlands,194,0,0,2020-08-28,1277009.2859038296
45-64,East_Midlands,194,0,0,2020-08-28,587008.9113449141
65-74,East_Midlands,194,0,0,2020-08-28,519078.8623548428
75+,East_Midlands,194,0,0,2020-08-28,410895.56292034814
1-4,East_Midlands,195,0,0,2020-08-29,544604.2261578062
5-14,East_Midlands,195,0,0,2020-08-29,164885.1975151702
15-24,East_Midlands,195,0,0,2020-08-29,1185702.9715471738
25-44,East_Midlands,195,0,0,2020-08-29,1277009.2859038296
45-64,East_Midlands,195,0,0,2020-08-29,587008.9113449141
65-74,East_Midlands,195,0,0,2020-08-29,519078.8623548428
75+,East_Midlands,195,0,0,2020-08-29,410895.56292034814
1-4,East_Midlands,196,0,0,2020-08-30,544604.2261578062
5-14,East_Midlands,196,0,0,2020-08-30,164885.1975151702
15-24,East_Midlands,196,0,0,2020-08-30,1185702.9715471738
25-44,East_Midlands,196,0,0,2020-08-30,1277009.2859038296
45-64,East_Midlands,196,0,0,2020-08-30,587008.9113449141
65-74,East_Midlands,196,0,0,2020-08-30,519078.8623548428
75+,East_Midlands,196,0,0,2020-08-30,410895.56292034814
1-4,East_Midlands,197,0,0,2020-08-31,544604.2261578062
5-14,East_Midlands,197,0,0,2020-08-31,164885.1975151702
15-24,East_Midlands,197,0,0,2020-08-31,1185702.9715471738
25-44,East_Midlands,197,0,0,2020-08-31,1277009.2859038296
45-64,East_Midlands,197,0,0,2020-08-31,587008.9113449141
65-74,East_Midlands,197,0,0,2020-08-31,519078.8623548428
75+,East_Midlands,197,0,0,2020-08-31,410895.56292034814
1-4,East_Midlands,198,0,0,2020-09-01,544604.2261578062
5-14,East_Midlands,198,0,0,2020-09-01,164885.1975151702
15-24,East_Midlands,198,0,0,2020-09-01,1185702.9715471738
25-44,East_Midlands,198,0,0,2020-09-01,1277009.2859038296
45-64,East_Midlands,198,0,0,2020-09-01,587008.9113449141
65-74,East_Midlands,198,0,0,2020-09-01,519078.8623548428
75+,East_Midlands,198,0,0,2020-09-01,410895.56292034814
1-4,East_Midlands,199,0,0,2020-09-02,544604.2261578062
5-14,East_Midlands,199,7.067084600768633,0.5341690286159582,2020-09-02,164885.1975151702
15-24,East_Midlands,199,7.973229873336884,0.47915209846878165,2020-09-02,1185702.9715471738
25-44,East_Midlands,199,7.377994659806146,0.4740344513195657,2020-09-02,1277009.2859038296
45-64,East_Midlands,199,7.423819404418251,0.4821234875751091,2020-09-02,587008.9113449141
65-74,East_Midlands,199,6.908031730594257,0.29920928424544,2020-09-02,519078.8623548428
75+,East_Midlands,199,7.0373983958823905,0.3308341257950502,2020-09-02,410895.56292034814
1-4,East_Midlands,200,0,0,2020-09-03,544604.2261578062
5-14,East_Midlands,200,0,0,2020-09-03,164885.1975151702
15-24,East_Midlands,200,0,0,2020-09-03,1185702.9715471738
25-44,East_Midlands,200,0,0,2020-09-03,1277009.2859038296
45-64,East_Midlands,200,0,0,2020-09-03,587008.9113449141
65-74,East_Midlands,200,0,0,2020-09-03,519078.8623548428
75+,East_Midlands,200,0,0,2020-09-03,410895.56292034814
1-4,East_Midlands,201,0,0,2020-09-04,544604.2261578062
5-14,East_Midlands,201,0,0,2020-09-04,164885.1975151702
15-24,East_Midlands,201,0,0,2020-09-04,1185702.9715471738
25-44,East_Midlands,201,0,0,2020-09-04,1277009.2859038296
45-64,East_Midlands,201,0,0,2020-09-04,587008.9113449141
65-74,East_Midlands,201,0,0,2020-09-04,519078.8623548428
75+,East_Midlands,201,0,0,2020-09-04,410895.56292034814
1-4,East_Midlands,202,0,0,2020-09-05,544604.2261578062
5-14,East_Midlands,202,0,0,2020-09-05,164885.1975151702
15-24,East_Midlands,202,0,0,2020-09-05,1185702.9715471738
25-44,East_Midlands,202,0,0,2020-09-05,1277009.2859038296
45-64,East_Midlands,202,0,0,2020-09-05,587008.9113449141
65-74,East_Midlands,202,0,0,2020-09-05,519078.8623548428
75+,East_Midlands,202,0,0,2020-09-05,410895.56292034814
1-4,East_Midlands,203,0,0,2020-09-06,544604.2261578062
5-14,East_Midlands,203,0,0,2020-09-06,164885.1975151702
15-24,East_Midlands,203,0,0,2020-09-06,1185702.9715471738
25-44,East_Midlands,203,0,0,2020-09-06,1277009.2859038296
45-64,East_Midlands,203,0,0,2020-09-06,587008.9113449141
65-74,East_Midlands,203,0,0,2020-09-06,519078.8623548428
75+,East_Midlands,203,0,0,2020-09-06,410895.56292034814
1-4,East_Midlands,204,0,0,2020-09-07,544604.2261578062
5-14,East_Midlands,204,0,0,2020-09-07,164885.1975151702
15-24,East_Midlands,204,0,0,2020-09-07,1185702.9715471738
25-44,East_Midlands,204,0,0,2020-09-07,1277009.2859038296
45-64,East_Midlands,204,0,0,2020-09-07,587008.9113449141
65-74,East_Midlands,204,0,0,2020-09-07,519078.8623548428
75+,East_Midlands,204,0,0,2020-09-07,410895.56292034814
1-4,East_Midlands,205,0,0,2020-09-08,544604.2261578062
5-14,East_Midlands,205,0,0,2020-09-08,164885.1975151702
15-24,East_Midlands,205,0,0,2020-09-08,1185702.9715471738
25-44,East_Midlands,205,0,0,2020-09-08,1277009.2859038296
45-64,East_Midlands,205,0,0,2020-09-08,587008.9113449141
65-74,East_Midlands,205,0,0,2020-09-08,519078.8623548428
75+,East_Midlands,205,0,0,2020-09-08,410895.56292034814
1-4,East_Midlands,206,0,0,2020-09-09,544604.2261578062
5-14,East_Midlands,206,0,0,2020-09-09,164885.1975151702
15-24,East_Midlands,206,0,0,2020-09-09,1185702.9715471738
25-44,East_Midlands,206,0,0,2020-09-09,1277009.2859038296
45-64,East_Midlands,206,0,0,2020-09-09,587008.9113449141
65-74,East_Midlands,206,0,0,2020-09-09,519078.8623548428
75+,East_Midlands,206,0,0,2020-09-09,410895.56292034814
1-4,East_Midlands,207,0,0,2020-09-10,544604.2261578062
5-14,East_Midlands,207,0,0,2020-09-10,164885.1975151702
15-24,East_Midlands,207,0,0,2020-09-10,1185702.9715471738
25-44,East_Midlands,207,0,0,2020-09-10,1277009.2859038296
45-64,East_Midlands,207,0,0,2020-09-10,587008.9113449141
65-74,East_Midlands,207,0,0,2020-09-10,519078.8623548428
75+,East_Midlands,207,0,0,2020-09-10,410895.56292034814
1-4,East_Midlands,208,0,0,2020-09-11,544604.2261578062
5-14,East_Midlands,208,0,0,2020-09-11,164885.1975151702
15-24,East_Midlands,208,0,0,2020-09-11,1185702.9715471738
25-44,East_Midlands,208,0,0,2020-09-11,1277009.2859038296
45-64,East_Midlands,208,0,0,2020-09-11,587008.9113449141
65-74,East_Midlands,208,0,0,2020-09-11,519078.8623548428
75+,East_Midlands,208,0,0,2020-09-11,410895.56292034814
1-4,East_Midlands,209,0,0,2020-09-12,544604.2261578062
5-14,East_Midlands,209,0,0,2020-09-12,164885.1975151702
15-24,East_Midlands,209,0,0,2020-09-12,1185702.9715471738
25-44,East_Midlands,209,0,0,2020-09-12,1277009.2859038296
45-64,East_Midlands,209,0,0,2020-09-12,587008.9113449141
65-74,East_Midlands,209,0,0,2020-09-12,519078.8623548428
75+,East_Midlands,209,0,0,2020-09-12,410895.56292034814
1-4,East_Midlands,210,0,0,2020-09-13,544604.2261578062
5-14,East_Midlands,210,0,0,2020-09-13,164885.1975151702
15-24,East_Midlands,210,0,0,2020-09-13,1185702.9715471738
25-44,East_Midlands,210,0,0,2020-09-13,1277009.2859038296
45-64,East_Midlands,210,0,0,2020-09-13,587008.9113449141
65-74,East_Midlands,210,0,0,2020-09-13,519078.8623548428
75+,East_Midlands,210,0,0,2020-09-13,410895.56292034814
1-4,East_Midlands,211,0,0,2020-09-14,544604.2261578062
5-14,East_Midlands,211,0,0,2020-09-14,164885.1975151702
15-24,East_Midlands,211,0,0,2020-09-14,1185702.9715471738
25-44,East_Midlands,211,0,0,2020-09-14,1277009.2859038296
45-64,East_Midlands,211,0,0,2020-09-14,587008.9113449141
65-74,East_Midlands,211,0,0,2020-09-14,519078.8623548428
75+,East_Midlands,211,0,0,2020-09-14,410895.56292034814
1-4,East_Midlands,212,0,0,2020-09-15,544604.2261578062
5-14,East_Midlands,212,0,0,2020-09-15,164885.1975151702
15-24,East_Midlands,212,0,0,2020-09-15,1185702.9715471738
25-44,East_Midlands,212,0,0,2020-09-15,1277009.2859038296
45-64,East_Midlands,212,0,0,2020-09-15,587008.9113449141
65-74,East_Midlands,212,0,0,2020-09-15,519078.8623548428
75+,East_Midlands,212,0,0,2020-09-15,410895.56292034814
1-4,East_Midlands,213,0,0,2020-09-16,544604.2261578062
5-14,East_Midlands,213,6.897319951671367,0.5140984487771364,2020-09-16,164885.1975151702
15-24,East_Midlands,213,8.200583993549868,0.4555133449484483,2020-09-16,1185702.9715471738
25-44,East_Midlands,213,7.643665696649262,0.4439112827557704,2020-09-16,1277009.2859038296
45-64,East_Midlands,213,7.404021386513361,0.45974684828856854,2020-09-16,587008.9113449141
65-74,East_Midlands,213,6.993397597774305,0.26665642177018,2020-09-16,519078.8623548428
75+,East_Midlands,213,6.965181231745636,0.30535668243750624,2020-09-16,410895.56292034814
1-4,East_Midlands,214,0,0,2020-09-17,544604.2261578062
5-14,East_Midlands,214,0,0,2020-09-17,164885.1975151702
15-24,East_Midlands,214,0,0,2020-09-17,1185702.9715471738
25-44,East_Midlands,214,0,0,2020-09-17,1277009.2859038296
45-64,East_Midlands,214,0,0,2020-09-17,587008.9113449141
65-74,East_Midlands,214,0,0,2020-09-17,519078.8623548428
75+,East_Midlands,214,0,0,2020-09-17,410895.56292034814
1-4,East_Midlands,215,0,0,2020-09-18,544604.2261578062
5-14,East_Midlands,215,0,0,2020-09-18,164885.1975151702
15-24,East_Midlands,215,0,0,2020-09-18,1185702.9715471738
25-44,East_Midlands,215,0,0,2020-09-18,1277009.2859038296
45-64,East_Midlands,215,0,0,2020-09-18,587008.9113449141
65-74,East_Midlands,215,0,0,2020-09-18,519078.8623548428
75+,East_Midlands,215,0,0,2020-09-18,410895.56292034814
1-4,East_Midlands,216,0,0,2020-09-19,544604.2261578062
5-14,East_Midlands,216,0,0,2020-09-19,164885.1975151702
15-24,East_Midlands,216,0,0,2020-09-19,1185702.9715471738
25-44,East_Midlands,216,0,0,2020-09-19,1277009.2859038296
45-64,East_Midlands,216,0,0,2020-09-19,587008.9113449141
65-74,East_Midlands,216,0,0,2020-09-19,519078.8623548428
75+,East_Midlands,216,0,0,2020-09-19,410895.56292034814
1-4,East_Midlands,217,0,0,2020-09-20,544604.2261578062
5-14,East_Midlands,217,0,0,2020-09-20,164885.1975151702
15-24,East_Midlands,217,0,0,2020-09-20,1185702.9715471738
25-44,East_Midlands,217,0,0,2020-09-20,1277009.2859038296
45-64,East_Midlands,217,0,0,2020-09-20,587008.9113449141
65-74,East_Midlands,217,0,0,2020-09-20,519078.8623548428
75+,East_Midlands,217,0,0,2020-09-20,410895.56292034814
1-4,East_Midlands,218,0,0,2020-09-21,544604.2261578062
5-14,East_Midlands,218,0,0,2020-09-21,164885.1975151702
15-24,East_Midlands,218,0,0,2020-09-21,1185702.9715471738
25-44,East_Midlands,218,0,0,2020-09-21,1277009.2859038296
45-64,East_Midlands,218,0,0,2020-09-21,587008.9113449141
65-74,East_Midlands,218,0,0,2020-09-21,519078.8623548428
75+,East_Midlands,218,0,0,2020-09-21,410895.56292034814
1-4,East_Midlands,219,0,0,2020-09-22,544604.2261578062
5-14,East_Midlands,219,0,0,2020-09-22,164885.1975151702
15-24,East_Midlands,219,0,0,2020-09-22,1185702.9715471738
25-44,East_Midlands,219,0,0,2020-09-22,1277009.2859038296
45-64,East_Midlands,219,0,0,2020-09-22,587008.9113449141
65-74,East_Midlands,219,0,0,2020-09-22,519078.8623548428
75+,East_Midlands,219,0,0,2020-09-22,410895.56292034814
1-4,East_Midlands,220,0,0,2020-09-23,544604.2261578062
5-14,East_Midlands,220,0,0,2020-09-23,164885.1975151702
15-24,East_Midlands,220,0,0,2020-09-23,1185702.9715471738
25-44,East_Midlands,220,0,0,2020-09-23,1277009.2859038296
45-64,East_Midlands,220,0,0,2020-09-23,587008.9113449141
65-74,East_Midlands,220,0,0,2020-09-23,519078.8623548428
75+,East_Midlands,220,0,0,2020-09-23,410895.56292034814
1-4,East_Midlands,221,0,0,2020-09-24,544604.2261578062
5-14,East_Midlands,221,0,0,2020-09-24,164885.1975151702
15-24,East_Midlands,221,0,0,2020-09-24,1185702.9715471738
25-44,East_Midlands,221,0,0,2020-09-24,1277009.2859038296
45-64,East_Midlands,221,0,0,2020-09-24,587008.9113449141
65-74,East_Midlands,221,0,0,2020-09-24,519078.8623548428
75+,East_Midlands,221,0,0,2020-09-24,410895.56292034814
1-4,East_Midlands,222,0,0,2020-09-25,544604.2261578062
5-14,East_Midlands,222,0,0,2020-09-25,164885.1975151702
15-24,East_Midlands,222,0,0,2020-09-25,1185702.9715471738
25-44,East_Midlands,222,0,0,2020-09-25,1277009.2859038296
45-64,East_Midlands,222,0,0,2020-09-25,587008.9113449141
65-74,East_Midlands,222,0,0,2020-09-25,519078.8623548428
75+,East_Midlands,222,0,0,2020-09-25,410895.56292034814
1-4,East_Midlands,223,0,0,2020-09-26,544604.2261578062
5-14,East_Midlands,223,0,0,2020-09-26,164885.1975151702
15-24,East_Midlands,223,0,0,2020-09-26,1185702.9715471738
25-44,East_Midlands,223,0,0,2020-09-26,1277009.2859038296
45-64,East_Midlands,223,0,0,2020-09-26,587008.9113449141
65-74,East_Midlands,223,0,0,2020-09-26,519078.8623548428
75+,East_Midlands,223,0,0,2020-09-26,410895.56292034814
1-4,East_Midlands,224,0,0,2020-09-27,544604.2261578062
5-14,East_Midlands,224,0,0,2020-09-27,164885.1975151702
15-24,East_Midlands,224,0,0,2020-09-27,1185702.9715471738
25-44,East_Midlands,224,0,0,2020-09-27,1277009.2859038296
45-64,East_Midlands,224,0,0,2020-09-27,587008.9113449141
65-74,East_Midlands,224,0,0,2020-09-27,519078.8623548428
75+,East_Midlands,224,0,0,2020-09-27,410895.56292034814
1-4,East_Midlands,225,0,0,2020-09-28,544604.2261578062
5-14,East_Midlands,225,0,0,2020-09-28,164885.1975151702
15-24,East_Midlands,225,0,0,2020-09-28,1185702.9715471738
25-44,East_Midlands,225,0,0,2020-09-28,1277009.2859038296
45-64,East_Midlands,225,0,0,2020-09-28,587008.9113449141
65-74,East_Midlands,225,0,0,2020-09-28,519078.8623548428
75+,East_Midlands,225,0,0,2020-09-28,410895.56292034814
1-4,East_Midlands,226,0,0,2020-09-29,544604.2261578062
5-14,East_Midlands,226,0,0,2020-09-29,164885.1975151702
15-24,East_Midlands,226,0,0,2020-09-29,1185702.9715471738
25-44,East_Midlands,226,0,0,2020-09-29,1277009.2859038296
45-64,East_Midlands,226,0,0,2020-09-29,587008.9113449141
65-74,East_Midlands,226,0,0,2020-09-29,519078.8623548428
75+,East_Midlands,226,0,0,2020-09-29,410895.56292034814
1-4,East_Midlands,227,0,0,2020-09-30,544604.2261578062
5-14,East_Midlands,227,6.986046720902934,0.4892388498586651,2020-09-30,164885.1975151702
15-24,East_Midlands,227,8.756255369238898,0.42225728082456826,2020-09-30,1185702.9715471738
25-44,East_Midlands,227,8.379880318326062,0.4128774906095332,2020-09-30,1277009.2859038296
45-64,East_Midlands,227,7.615835715809634,0.4332808712958958,2020-09-30,587008.9113449141
65-74,East_Midlands,227,7.343516065083407,0.21241425909807035,2020-09-30,519078.8623548428
75+,East_Midlands,227,7.080555610895362,0.26837367005504426,2020-09-30,410895.56292034814
1-4,East_Midlands,228,0,0,2020-10-01,544604.2261578062
5-14,East_Midlands,228,0,0,2020-10-01,164885.1975151702
15-24,East_Midlands,228,0,0,2020-10-01,1185702.9715471738
25-44,East_Midlands,228,0,0,2020-10-01,1277009.2859038296
45-64,East_Midlands,228,0,0,2020-10-01,587008.9113449141
65-74,East_Midlands,228,0,0,2020-10-01,519078.8623548428
75+,East_Midlands,228,0,0,2020-10-01,410895.56292034814
1-4,East_Midlands,229,0,0,2020-10-02,544604.2261578062
5-14,East_Midlands,229,0,0,2020-10-02,164885.1975151702
15-24,East_Midlands,229,0,0,2020-10-02,1185702.9715471738
25-44,East_Midlands,229,0,0,2020-10-02,1277009.2859038296
45-64,East_Midlands,229,0,0,2020-10-02,587008.9113449141
65-74,East_Midlands,229,0,0,2020-10-02,519078.8623548428
75+,East_Midlands,229,0,0,2020-10-02,410895.56292034814
1-4,East_Midlands,230,0,0,2020-10-03,544604.2261578062
5-14,East_Midlands,230,0,0,2020-10-03,164885.1975151702
15-24,East_Midlands,230,0,0,2020-10-03,1185702.9715471738
25-44,East_Midlands,230,0,0,2020-10-03,1277009.2859038296
45-64,East_Midlands,230,0,0,2020-10-03,587008.9113449141
65-74,East_Midlands,230,0,0,2020-10-03,519078.8623548428
75+,East_Midlands,230,0,0,2020-10-03,410895.56292034814
1-4,East_Midlands,231,0,0,2020-10-04,544604.2261578062
5-14,East_Midlands,231,0,0,2020-10-04,164885.1975151702
15-24,East_Midlands,231,0,0,2020-10-04,1185702.9715471738
25-44,East_Midlands,231,0,0,2020-10-04,1277009.2859038296
45-64,East_Midlands,231,0,0,2020-10-04,587008.9113449141
65-74,East_Midlands,231,0,0,2020-10-04,519078.8623548428
75+,East_Midlands,231,0,0,2020-10-04,410895.56292034814
1-4,East_Midlands,232,0,0,2020-10-05,544604.2261578062
5-14,East_Midlands,232,0,0,2020-10-05,164885.1975151702
15-24,East_Midlands,232,0,0,2020-10-05,1185702.9715471738
25-44,East_Midlands,232,0,0,2020-10-05,1277009.2859038296
45-64,East_Midlands,232,0,0,2020-10-05,587008.9113449141
65-74,East_Midlands,232,0,0,2020-10-05,519078.8623548428
75+,East_Midlands,232,0,0,2020-10-05,410895.56292034814
1-4,East_Midlands,233,0,0,2020-10-06,544604.2261578062
5-14,East_Midlands,233,0,0,2020-10-06,164885.1975151702
15-24,East_Midlands,233,0,0,2020-10-06,1185702.9715471738
25-44,East_Midlands,233,0,0,2020-10-06,1277009.2859038296
45-64,East_Midlands,233,0,0,2020-10-06,587008.9113449141
65-74,East_Midlands,233,0,0,2020-10-06,519078.8623548428
75+,East_Midlands,233,0,0,2020-10-06,410895.56292034814
1-4,East_Midlands,234,0,0,2020-10-07,544604.2261578062
5-14,East_Midlands,234,0,0,2020-10-07,164885.1975151702
15-24,East_Midlands,234,0,0,2020-10-07,1185702.9715471738
25-44,East_Midlands,234,0,0,2020-10-07,1277009.2859038296
45-64,East_Midlands,234,0,0,2020-10-07,587008.9113449141
65-74,East_Midlands,234,0,0,2020-10-07,519078.8623548428
75+,East_Midlands,234,0,0,2020-10-07,410895.56292034814
1-4,East_Midlands,235,0,0,2020-10-08,544604.2261578062
5-14,East_Midlands,235,0,0,2020-10-08,164885.1975151702
15-24,East_Midlands,235,0,0,2020-10-08,1185702.9715471738
25-44,East_Midlands,235,0,0,2020-10-08,1277009.2859038296
45-64,East_Midlands,235,0,0,2020-10-08,587008.9113449141
65-74,East_Midlands,235,0,0,2020-10-08,519078.8623548428
75+,East_Midlands,235,0,0,2020-10-08,410895.56292034814
1-4,East_Midlands,236,0,0,2020-10-09,544604.2261578062
5-14,East_Midlands,236,0,0,2020-10-09,164885.1975151702
15-24,East_Midlands,236,0,0,2020-10-09,1185702.9715471738
25-44,East_Midlands,236,0,0,2020-10-09,1277009.2859038296
45-64,East_Midlands,236,0,0,2020-10-09,587008.9113449141
65-74,East_Midlands,236,0,0,2020-10-09,519078.8623548428
75+,East_Midlands,236,0,0,2020-10-09,410895.56292034814
1-4,East_Midlands,237,0,0,2020-10-10,544604.2261578062
5-14,East_Midlands,237,0,0,2020-10-10,164885.1975151702
15-24,East_Midlands,237,0,0,2020-10-10,1185702.9715471738
25-44,East_Midlands,237,0,0,2020-10-10,1277009.2859038296
45-64,East_Midlands,237,0,0,2020-10-10,587008.9113449141
65-74,East_Midlands,237,0,0,2020-10-10,519078.8623548428
75+,East_Midlands,237,0,0,2020-10-10,410895.56292034814
1-4,East_Midlands,238,0,0,2020-10-11,544604.2261578062
5-14,East_Midlands,238,0,0,2020-10-11,164885.1975151702
15-24,East_Midlands,238,0,0,2020-10-11,1185702.9715471738
25-44,East_Midlands,238,0,0,2020-10-11,1277009.2859038296
45-64,East_Midlands,238,0,0,2020-10-11,587008.9113449141
65-74,East_Midlands,238,0,0,2020-10-11,519078.8623548428
75+,East_Midlands,238,0,0,2020-10-11,410895.56292034814
1-4,East_Midlands,239,0,0,2020-10-12,544604.2261578062
5-14,East_Midlands,239,0,0,2020-10-12,164885.1975151702
15-24,East_Midlands,239,0,0,2020-10-12,1185702.9715471738
25-44,East_Midlands,239,0,0,2020-10-12,1277009.2859038296
45-64,East_Midlands,239,0,0,2020-10-12,587008.9113449141
65-74,East_Midlands,239,0,0,2020-10-12,519078.8623548428
75+,East_Midlands,239,0,0,2020-10-12,410895.56292034814
1-4,East_Midlands,240,0,0,2020-10-13,544604.2261578062
5-14,East_Midlands,240,0,0,2020-10-13,164885.1975151702
15-24,East_Midlands,240,0,0,2020-10-13,1185702.9715471738
25-44,East_Midlands,240,0,0,2020-10-13,1277009.2859038296
45-64,East_Midlands,240,0,0,2020-10-13,587008.9113449141
65-74,East_Midlands,240,0,0,2020-10-13,519078.8623548428
75+,East_Midlands,240,0,0,2020-10-13,410895.56292034814
1-4,East_Midlands,241,0,0,2020-10-14,544604.2261578062
5-14,East_Midlands,241,7.282281017440687,0.47181926131116336,2020-10-14,164885.1975151702
15-24,East_Midlands,241,9.283112132426234,0.4089338508869738,2020-10-14,1185702.9715471738
25-44,East_Midlands,241,9.250795631939104,0.39433417411715455,2020-10-14,1277009.2859038296
45-64,East_Midlands,241,8.05372620767359,0.4173940026266482,2020-10-14,587008.9113449141
65-74,East_Midlands,241,7.827440443840671,0.1720458331929839,2020-10-14,519078.8623548428
75+,East_Midlands,241,7.3201267036579205,0.23620674677577985,2020-10-14,410895.56292034814
1-4,East_Midlands,242,0,0,2020-10-15,544604.2261578062
5-14,East_Midlands,242,0,0,2020-10-15,164885.1975151702
15-24,East_Midlands,242,0,0,2020-10-15,1185702.9715471738
25-44,East_Midlands,242,0,0,2020-10-15,1277009.2859038296
45-64,East_Midlands,242,0,0,2020-10-15,587008.9113449141
65-74,East_Midlands,242,0,0,2020-10-15,519078.8623548428
75+,East_Midlands,242,0,0,2020-10-15,410895.56292034814
1-4,East_Midlands,243,0,0,2020-10-16,544604.2261578062
5-14,East_Midlands,243,0,0,2020-10-16,164885.1975151702
15-24,East_Midlands,243,0,0,2020-10-16,1185702.9715471738
25-44,East_Midlands,243,0,0,2020-10-16,1277009.2859038296
45-64,East_Midlands,243,0,0,2020-10-16,587008.9113449141
65-74,East_Midlands,243,0,0,2020-10-16,519078.8623548428
75+,East_Midlands,243,0,0,2020-10-16,410895.56292034814
1-4,East_Midlands,244,0,0,2020-10-17,544604.2261578062
5-14,East_Midlands,244,0,0,2020-10-17,164885.1975151702
15-24,East_Midlands,244,0,0,2020-10-17,1185702.9715471738
25-44,East_Midlands,244,0,0,2020-10-17,1277009.2859038296
45-64,East_Midlands,244,0,0,2020-10-17,587008.9113449141
65-74,East_Midlands,244,0,0,2020-10-17,519078.8623548428
75+,East_Midlands,244,0,0,2020-10-17,410895.56292034814
1-4,East_Midlands,245,0,0,2020-10-18,544604.2261578062
5-14,East_Midlands,245,0,0,2020-10-18,164885.1975151702
15-24,East_Midlands,245,0,0,2020-10-18,1185702.9715471738
25-44,East_Midlands,245,0,0,2020-10-18,1277009.2859038296
45-64,East_Midlands,245,0,0,2020-10-18,587008.9113449141
65-74,East_Midlands,245,0,0,2020-10-18,519078.8623548428
75+,East_Midlands,245,0,0,2020-10-18,410895.56292034814
1-4,East_Midlands,246,0,0,2020-10-19,544604.2261578062
5-14,East_Midlands,246,0,0,2020-10-19,164885.1975151702
15-24,East_Midlands,246,0,0,2020-10-19,1185702.9715471738
25-44,East_Midlands,246,0,0,2020-10-19,1277009.2859038296
45-64,East_Midlands,246,0,0,2020-10-19,587008.9113449141
65-74,East_Midlands,246,0,0,2020-10-19,519078.8623548428
75+,East_Midlands,246,0,0,2020-10-19,410895.56292034814
1-4,East_Midlands,247,0,0,2020-10-20,544604.2261578062
5-14,East_Midlands,247,0,0,2020-10-20,164885.1975151702
15-24,East_Midlands,247,0,0,2020-10-20,1185702.9715471738
25-44,East_Midlands,247,0,0,2020-10-20,1277009.2859038296
45-64,East_Midlands,247,0,0,2020-10-20,587008.9113449141
65-74,East_Midlands,247,0,0,2020-10-20,519078.8623548428
75+,East_Midlands,247,0,0,2020-10-20,410895.56292034814
1-4,East_Midlands,248,0,0,2020-10-21,544604.2261578062
5-14,East_Midlands,248,0,0,2020-10-21,164885.1975151702
15-24,East_Midlands,248,0,0,2020-10-21,1185702.9715471738
25-44,East_Midlands,248,0,0,2020-10-21,1277009.2859038296
45-64,East_Midlands,248,0,0,2020-10-21,587008.9113449141
65-74,East_Midlands,248,0,0,2020-10-21,519078.8623548428
75+,East_Midlands,248,0,0,2020-10-21,410895.56292034814
1-4,East_Midlands,249,0,0,2020-10-22,544604.2261578062
5-14,East_Midlands,249,0,0,2020-10-22,164885.1975151702
15-24,East_Midlands,249,0,0,2020-10-22,1185702.9715471738
25-44,East_Midlands,249,0,0,2020-10-22,1277009.2859038296
45-64,East_Midlands,249,0,0,2020-10-22,587008.9113449141
65-74,East_Midlands,249,0,0,2020-10-22,519078.8623548428
75+,East_Midlands,249,0,0,2020-10-22,410895.56292034814
1-4,East_Midlands,250,0,0,2020-10-23,544604.2261578062
5-14,East_Midlands,250,0,0,2020-10-23,164885.1975151702
15-24,East_Midlands,250,0,0,2020-10-23,1185702.9715471738
25-44,East_Midlands,250,0,0,2020-10-23,1277009.2859038296
45-64,East_Midlands,250,0,0,2020-10-23,587008.9113449141
65-74,East_Midlands,250,0,0,2020-10-23,519078.8623548428
75+,East_Midlands,250,0,0,2020-10-23,410895.56292034814
1-4,East_Midlands,251,0,0,2020-10-24,544604.2261578062
5-14,East_Midlands,251,0,0,2020-10-24,164885.1975151702
15-24,East_Midlands,251,0,0,2020-10-24,1185702.9715471738
25-44,East_Midlands,251,0,0,2020-10-24,1277009.2859038296
45-64,East_Midlands,251,0,0,2020-10-24,587008.9113449141
65-74,East_Midlands,251,0,0,2020-10-24,519078.8623548428
75+,East_Midlands,251,0,0,2020-10-24,410895.56292034814
1-4,East_Midlands,252,0,0,2020-10-25,544604.2261578062
5-14,East_Midlands,252,0,0,2020-10-25,164885.1975151702
15-24,East_Midlands,252,0,0,2020-10-25,1185702.9715471738
25-44,East_Midlands,252,0,0,2020-10-25,1277009.2859038296
45-64,East_Midlands,252,0,0,2020-10-25,587008.9113449141
65-74,East_Midlands,252,0,0,2020-10-25,519078.8623548428
75+,East_Midlands,252,0,0,2020-10-25,410895.56292034814
1-4,East_Midlands,253,0,0,2020-10-26,544604.2261578062
5-14,East_Midlands,253,0,0,2020-10-26,164885.1975151702
15-24,East_Midlands,253,0,0,2020-10-26,1185702.9715471738
25-44,East_Midlands,253,0,0,2020-10-26,1277009.2859038296
45-64,East_Midlands,253,0,0,2020-10-26,587008.9113449141
65-74,East_Midlands,253,0,0,2020-10-26,519078.8623548428
75+,East_Midlands,253,0,0,2020-10-26,410895.56292034814
1-4,East_Midlands,254,0,0,2020-10-27,544604.2261578062
5-14,East_Midlands,254,0,0,2020-10-27,164885.1975151702
15-24,East_Midlands,254,0,0,2020-10-27,1185702.9715471738
25-44,East_Midlands,254,0,0,2020-10-27,1277009.2859038296
45-64,East_Midlands,254,0,0,2020-10-27,587008.9113449141
65-74,East_Midlands,254,0,0,2020-10-27,519078.8623548428
75+,East_Midlands,254,0,0,2020-10-27,410895.56292034814
1-4,East_Midlands,255,0,0,2020-10-28,544604.2261578062
5-14,East_Midlands,255,7.514592835924232,0.46382357061205093,2020-10-28,164885.1975151702
15-24,East_Midlands,255,9.655242131751644,0.40581832764438147,2020-10-28,1185702.9715471738
25-44,East_Midlands,255,9.877581900411652,0.38876497898571083,2020-10-28,1277009.2859038296
45-64,East_Midlands,255,8.475134371532674,0.4116152354221513,2020-10-28,587008.9113449141
65-74,East_Midlands,255,8.115523708290278,0.1647389369896181,2020-10-28,519078.8623548428
75+,East_Midlands,255,7.535711110540916,0.23140479130859087,2020-10-28,410895.56292034814
1-4,East_Midlands,256,0,0,2020-10-29,544604.2261578062
5-14,East_Midlands,256,0,0,2020-10-29,164885.1975151702
15-24,East_Midlands,256,0,0,2020-10-29,1185702.9715471738
25-44,East_Midlands,256,0,0,2020-10-29,1277009.2859038296
45-64,East_Midlands,256,0,0,2020-10-29,587008.9113449141
65-74,East_Midlands,256,0,0,2020-10-29,519078.8623548428
75+,East_Midlands,256,0,0,2020-10-29,410895.56292034814
1-4,East_Midlands,257,0,0,2020-10-30,544604.2261578062
5-14,East_Midlands,257,0,0,2020-10-30,164885.1975151702
15-24,East_Midlands,257,0,0,2020-10-30,1185702.9715471738
25-44,East_Midlands,257,0,0,2020-10-30,1277009.2859038296
45-64,East_Midlands,257,0,0,2020-10-30,587008.9113449141
65-74,East_Midlands,257,0,0,2020-10-30,519078.8623548428
75+,East_Midlands,257,0,0,2020-10-30,410895.56292034814
1-4,East_Midlands,258,0,0,2020-10-31,544604.2261578062
5-14,East_Midlands,258,0,0,2020-10-31,164885.1975151702
15-24,East_Midlands,258,0,0,2020-10-31,1185702.9715471738
25-44,East_Midlands,258,0,0,2020-10-31,1277009.2859038296
45-64,East_Midlands,258,0,0,2020-10-31,587008.9113449141
65-74,East_Midlands,258,0,0,2020-10-31,519078.8623548428
75+,East_Midlands,258,0,0,2020-10-31,410895.56292034814
1-4,East_Midlands,259,0,0,2020-11-01,544604.2261578062
5-14,East_Midlands,259,0,0,2020-11-01,164885.1975151702
15-24,East_Midlands,259,0,0,2020-11-01,1185702.9715471738
25-44,East_Midlands,259,0,0,2020-11-01,1277009.2859038296
45-64,East_Midlands,259,0,0,2020-11-01,587008.9113449141
65-74,East_Midlands,259,0,0,2020-11-01,519078.8623548428
75+,East_Midlands,259,0,0,2020-11-01,410895.56292034814
1-4,East_Midlands,260,0,0,2020-11-02,544604.2261578062
5-14,East_Midlands,260,0,0,2020-11-02,164885.1975151702
15-24,East_Midlands,260,0,0,2020-11-02,1185702.9715471738
25-44,East_Midlands,260,0,0,2020-11-02,1277009.2859038296
45-64,East_Midlands,260,0,0,2020-11-02,587008.9113449141
65-74,East_Midlands,260,0,0,2020-11-02,519078.8623548428
75+,East_Midlands,260,0,0,2020-11-02,410895.56292034814
1-4,East_Midlands,261,0,0,2020-11-03,544604.2261578062
5-14,East_Midlands,261,0,0,2020-11-03,164885.1975151702
15-24,East_Midlands,261,0,0,2020-11-03,1185702.9715471738
25-44,East_Midlands,261,0,0,2020-11-03,1277009.2859038296
45-64,East_Midlands,261,0,0,2020-11-03,587008.9113449141
65-74,East_Midlands,261,0,0,2020-11-03,519078.8623548428
75+,East_Midlands,261,0,0,2020-11-03,410895.56292034814
1-4,East_Midlands,262,0,0,2020-11-04,544604.2261578062
5-14,East_Midlands,262,0,0,2020-11-04,164885.1975151702
15-24,East_Midlands,262,0,0,2020-11-04,1185702.9715471738
25-44,East_Midlands,262,0,0,2020-11-04,1277009.2859038296
45-64,East_Midlands,262,0,0,2020-11-04,587008.9113449141
65-74,East_Midlands,262,0,0,2020-11-04,519078.8623548428
75+,East_Midlands,262,0,0,2020-11-04,410895.56292034814
1-4,East_Midlands,263,0,0,2020-11-05,544604.2261578062
5-14,East_Midlands,263,0,0,2020-11-05,164885.1975151702
15-24,East_Midlands,263,0,0,2020-11-05,1185702.9715471738
25-44,East_Midlands,263,0,0,2020-11-05,1277009.2859038296
45-64,East_Midlands,263,0,0,2020-11-05,587008.9113449141
65-74,East_Midlands,263,0,0,2020-11-05,519078.8623548428
75+,East_Midlands,263,0,0,2020-11-05,410895.56292034814
1-4,East_Midlands,264,0,0,2020-11-06,544604.2261578062
5-14,East_Midlands,264,0,0,2020-11-06,164885.1975151702
15-24,East_Midlands,264,0,0,2020-11-06,1185702.9715471738
25-44,East_Midlands,264,0,0,2020-11-06,1277009.2859038296
45-64,East_Midlands,264,0,0,2020-11-06,587008.9113449141
65-74,East_Midlands,264,0,0,2020-11-06,519078.8623548428
75+,East_Midlands,264,0,0,2020-11-06,410895.56292034814
1-4,East_Midlands,265,0,0,2020-11-07,544604.2261578062
5-14,East_Midlands,265,0,0,2020-11-07,164885.1975151702
15-24,East_Midlands,265,0,0,2020-11-07,1185702.9715471738
25-44,East_Midlands,265,0,0,2020-11-07,1277009.2859038296
45-64,East_Midlands,265,0,0,2020-11-07,587008.9113449141
65-74,East_Midlands,265,0,0,2020-11-07,519078.8623548428
75+,East_Midlands,265,0,0,2020-11-07,410895.56292034814
1-4,East_Midlands,266,0,0,2020-11-08,544604.2261578062
5-14,East_Midlands,266,0,0,2020-11-08,164885.1975151702
15-24,East_Midlands,266,0,0,2020-11-08,1185702.9715471738
25-44,East_Midlands,266,0,0,2020-11-08,1277009.2859038296
45-64,East_Midlands,266,0,0,2020-11-08,587008.9113449141
65-74,East_Midlands,266,0,0,2020-11-08,519078.8623548428
75+,East_Midlands,266,0,0,2020-11-08,410895.56292034814
1-4,East_Midlands,267,0,0,2020-11-09,544604.2261578062
5-14,East_Midlands,267,0,0,2020-11-09,164885.1975151702
15-24,East_Midlands,267,0,0,2020-11-09,1185702.9715471738
25-44,East_Midlands,267,0,0,2020-11-09,1277009.2859038296
45-64,East_Midlands,267,0,0,2020-11-09,587008.9113449141
65-74,East_Midlands,267,0,0,2020-11-09,519078.8623548428
75+,East_Midlands,267,0,0,2020-11-09,410895.56292034814
1-4,East_Midlands,268,0,0,2020-11-10,544604.2261578062
5-14,East_Midlands,268,0,0,2020-11-10,164885.1975151702
15-24,East_Midlands,268,0,0,2020-11-10,1185702.9715471738
25-44,East_Midlands,268,0,0,2020-11-10,1277009.2859038296
45-64,East_Midlands,268,0,0,2020-11-10,587008.9113449141
65-74,East_Midlands,268,0,0,2020-11-10,519078.8623548428
75+,East_Midlands,268,0,0,2020-11-10,410895.56292034814
1-4,East_Midlands,269,0,0,2020-11-11,544604.2261578062
5-14,East_Midlands,269,7.523797431991296,0.4629266015072586,2020-11-11,164885.1975151702
15-24,East_Midlands,269,9.934013304362463,0.40170808458418483,2020-11-11,1185702.9715471738
25-44,East_Midlands,269,9.953178240794731,0.38737835431754103,2020-11-11,1277009.2859038296
45-64,East_Midlands,269,8.744017055182667,0.40469658887013715,2020-11-11,587008.9113449141
65-74,East_Midlands,269,8.099132448828039,0.1641333705528183,2020-11-11,519078.8623548428
75+,East_Midlands,269,7.639847544151422,0.22147654628870103,2020-11-11,410895.56292034814
1-4,East_Midlands,270,0,0,2020-11-12,544604.2261578062
5-14,East_Midlands,270,0,0,2020-11-12,164885.1975151702
15-24,East_Midlands,270,0,0,2020-11-12,1185702.9715471738
25-44,East_Midlands,270,0,0,2020-11-12,1277009.2859038296
45-64,East_Midlands,270,0,0,2020-11-12,587008.9113449141
65-74,East_Midlands,270,0,0,2020-11-12,519078.8623548428
75+,East_Midlands,270,0,0,2020-11-12,410895.56292034814
1-4,East_Midlands,271,0,0,2020-11-13,544604.2261578062
5-14,East_Midlands,271,0,0,2020-11-13,164885.1975151702
15-24,East_Midlands,271,0,0,2020-11-13,1185702.9715471738
25-44,East_Midlands,271,0,0,2020-11-13,1277009.2859038296
45-64,East_Midlands,271,0,0,2020-11-13,587008.9113449141
65-74,East_Midlands,271,0,0,2020-11-13,519078.8623548428
75+,East_Midlands,271,0,0,2020-11-13,410895.56292034814
1-4,East_Midlands,272,0,0,2020-11-14,544604.2261578062
5-14,East_Midlands,272,0,0,2020-11-14,164885.1975151702
15-24,East_Midlands,272,0,0,2020-11-14,1185702.9715471738
25-44,East_Midlands,272,0,0,2020-11-14,1277009.2859038296
45-64,East_Midlands,272,0,0,2020-11-14,587008.9113449141
65-74,East_Midlands,272,0,0,2020-11-14,519078.8623548428
75+,East_Midlands,272,0,0,2020-11-14,410895.56292034814
1-4,East_Midlands,273,0,0,2020-11-15,544604.2261578062
5-14,East_Midlands,273,0,0,2020-11-15,164885.1975151702
15-24,East_Midlands,273,0,0,2020-11-15,1185702.9715471738
25-44,East_Midlands,273,0,0,2020-11-15,1277009.2859038296
45-64,East_Midlands,273,0,0,2020-11-15,587008.9113449141
65-74,East_Midlands,273,0,0,2020-11-15,519078.8623548428
75+,East_Midlands,273,0,0,2020-11-15,410895.56292034814
1-4,East_Midlands,274,0,0,2020-11-16,544604.2261578062
5-14,East_Midlands,274,0,0,2020-11-16,164885.1975151702
15-24,East_Midlands,274,0,0,2020-11-16,1185702.9715471738
25-44,East_Midlands,274,0,0,2020-11-16,1277009.2859038296
45-64,East_Midlands,274,0,0,2020-11-16,587008.9113449141
65-74,East_Midlands,274,0,0,2020-11-16,519078.8623548428
75+,East_Midlands,274,0,0,2020-11-16,410895.56292034814
1-4,East_Midlands,275,0,0,2020-11-17,544604.2261578062
5-14,East_Midlands,275,0,0,2020-11-17,164885.1975151702
15-24,East_Midlands,275,0,0,2020-11-17,1185702.9715471738
25-44,East_Midlands,275,0,0,2020-11-17,1277009.2859038296
45-64,East_Midlands,275,0,0,2020-11-17,587008.9113449141
65-74,East_Midlands,275,0,0,2020-11-17,519078.8623548428
75+,East_Midlands,275,0,0,2020-11-17,410895.56292034814
1-4,East_Midlands,276,0,0,2020-11-18,544604.2261578062
5-14,East_Midlands,276,0,0,2020-11-18,164885.1975151702
15-24,East_Midlands,276,0,0,2020-11-18,1185702.9715471738
25-44,East_Midlands,276,0,0,2020-11-18,1277009.2859038296
45-64,East_Midlands,276,0,0,2020-11-18,587008.9113449141
65-74,East_Midlands,276,0,0,2020-11-18,519078.8623548428
75+,East_Midlands,276,0,0,2020-11-18,410895.56292034814
1-4,East_Midlands,277,0,0,2020-11-19,544604.2261578062
5-14,East_Midlands,277,0,0,2020-11-19,164885.1975151702
15-24,East_Midlands,277,0,0,2020-11-19,1185702.9715471738
25-44,East_Midlands,277,0,0,2020-11-19,1277009.2859038296
45-64,East_Midlands,277,0,0,2020-11-19,587008.9113449141
65-74,East_Midlands,277,0,0,2020-11-19,519078.8623548428
75+,East_Midlands,277,0,0,2020-11-19,410895.56292034814
1-4,East_Midlands,278,0,0,2020-11-20,544604.2261578062
5-14,East_Midlands,278,0,0,2020-11-20,164885.1975151702
15-24,East_Midlands,278,0,0,2020-11-20,1185702.9715471738
25-44,East_Midlands,278,0,0,2020-11-20,1277009.2859038296
45-64,East_Midlands,278,0,0,2020-11-20,587008.9113449141
65-74,East_Midlands,278,0,0,2020-11-20,519078.8623548428
75+,East_Midlands,278,0,0,2020-11-20,410895.56292034814
1-4,East_Midlands,279,0,0,2020-11-21,544604.2261578062
5-14,East_Midlands,279,0,0,2020-11-21,164885.1975151702
15-24,East_Midlands,279,0,0,2020-11-21,1185702.9715471738
25-44,East_Midlands,279,0,0,2020-11-21,1277009.2859038296
45-64,East_Midlands,279,0,0,2020-11-21,587008.9113449141
65-74,East_Midlands,279,0,0,2020-11-21,519078.8623548428
75+,East_Midlands,279,0,0,2020-11-21,410895.56292034814
1-4,East_Midlands,280,0,0,2020-11-22,544604.2261578062
5-14,East_Midlands,280,0,0,2020-11-22,164885.1975151702
15-24,East_Midlands,280,0,0,2020-11-22,1185702.9715471738
25-44,East_Midlands,280,0,0,2020-11-22,1277009.2859038296
45-64,East_Midlands,280,0,0,2020-11-22,587008.9113449141
65-74,East_Midlands,280,0,0,2020-11-22,519078.8623548428
75+,East_Midlands,280,0,0,2020-11-22,410895.56292034814
1-4,East_Midlands,281,0,0,2020-11-23,544604.2261578062
5-14,East_Midlands,281,0,0,2020-11-23,164885.1975151702
15-24,East_Midlands,281,0,0,2020-11-23,1185702.9715471738
25-44,East_Midlands,281,0,0,2020-11-23,1277009.2859038296
45-64,East_Midlands,281,0,0,2020-11-23,587008.9113449141
65-74,East_Midlands,281,0,0,2020-11-23,519078.8623548428
75+,East_Midlands,281,0,0,2020-11-23,410895.56292034814
1-4,East_Midlands,282,0,0,2020-11-24,544604.2261578062
5-14,East_Midlands,282,0,0,2020-11-24,164885.1975151702
15-24,East_Midlands,282,0,0,2020-11-24,1185702.9715471738
25-44,East_Midlands,282,0,0,2020-11-24,1277009.2859038296
45-64,East_Midlands,282,0,0,2020-11-24,587008.9113449141
65-74,East_Midlands,282,0,0,2020-11-24,519078.8623548428
75+,East_Midlands,282,0,0,2020-11-24,410895.56292034814
1-4,East_Midlands,283,0,0,2020-11-25,544604.2261578062
5-14,East_Midlands,283,7.4213162096259,0.46931435347156464,2020-11-25,164885.1975151702
15-24,East_Midlands,283,10.049623847475399,0.39730751657234537,2020-11-25,1185702.9715471738
25-44,East_Midlands,283,9.789793267581413,0.38982217734720287,2020-11-25,1277009.2859038296
45-64,East_Midlands,283,8.919436420390808,0.40278438353888385,2020-11-25,587008.9113449141
65-74,East_Midlands,283,8.060016366472546,0.16596459875735992,2020-11-25,519078.8623548428
75+,East_Midlands,283,7.8262512506907065,0.21458297008400684,2020-11-25,410895.56292034814
1-4,East_Midlands,284,0,0,2020-11-26,544604.2261578062
5-14,East_Midlands,284,0,0,2020-11-26,164885.1975151702
15-24,East_Midlands,284,0,0,2020-11-26,1185702.9715471738
25-44,East_Midlands,284,0,0,2020-11-26,1277009.2859038296
45-64,East_Midlands,284,0,0,2020-11-26,587008.9113449141
65-74,East_Midlands,284,0,0,2020-11-26,519078.8623548428
75+,East_Midlands,284,0,0,2020-11-26,410895.56292034814
1-4,East_Midlands,285,0,0,2020-11-27,544604.2261578062
5-14,East_Midlands,285,0,0,2020-11-27,164885.1975151702
15-24,East_Midlands,285,0,0,2020-11-27,1185702.9715471738
25-44,East_Midlands,285,0,0,2020-11-27,1277009.2859038296
45-64,East_Midlands,285,0,0,2020-11-27,587008.9113449141
65-74,East_Midlands,285,0,0,2020-11-27,519078.8623548428
75+,East_Midlands,285,0,0,2020-11-27,410895.56292034814
1-4,East_Midlands,286,0,0,2020-11-28,544604.2261578062
5-14,East_Midlands,286,0,0,2020-11-28,164885.1975151702
15-24,East_Midlands,286,0,0,2020-11-28,1185702.9715471738
25-44,East_Midlands,286,0,0,2020-11-28,1277009.2859038296
45-64,East_Midlands,286,0,0,2020-11-28,587008.9113449141
65-74,East_Midlands,286,0,0,2020-11-28,519078.8623548428
75+,East_Midlands,286,0,0,2020-11-28,410895.56292034814
1-4,East_Midlands,287,0,0,2020-11-29,544604.2261578062
5-14,East_Midlands,287,0,0,2020-11-29,164885.1975151702
15-24,East_Midlands,287,0,0,2020-11-29,1185702.9715471738
25-44,East_Midlands,287,0,0,2020-11-29,1277009.2859038296
45-64,East_Midlands,287,0,0,2020-11-29,587008.9113449141
65-74,East_Midlands,287,0,0,2020-11-29,519078.8623548428
75+,East_Midlands,287,0,0,2020-11-29,410895.56292034814
1-4,East_Midlands,288,0,0,2020-11-30,544604.2261578062
5-14,East_Midlands,288,0,0,2020-11-30,164885.1975151702
15-24,East_Midlands,288,0,0,2020-11-30,1185702.9715471738
25-44,East_Midlands,288,0,0,2020-11-30,1277009.2859038296
45-64,East_Midlands,288,0,0,2020-11-30,587008.9113449141
65-74,East_Midlands,288,0,0,2020-11-30,519078.8623548428
75+,East_Midlands,288,0,0,2020-11-30,410895.56292034814
1-4,East_Midlands,289,0,0,2020-12-01,544604.2261578062
5-14,East_Midlands,289,0,0,2020-12-01,164885.1975151702
15-24,East_Midlands,289,0,0,2020-12-01,1185702.9715471738
25-44,East_Midlands,289,0,0,2020-12-01,1277009.2859038296
45-64,East_Midlands,289,0,0,2020-12-01,587008.9113449141
65-74,East_Midlands,289,0,0,2020-12-01,519078.8623548428
75+,East_Midlands,289,0,0,2020-12-01,410895.56292034814
1-4,East_Midlands,290,0,0,2020-12-02,544604.2261578062
5-14,East_Midlands,290,0,0,2020-12-02,164885.1975151702
15-24,East_Midlands,290,0,0,2020-12-02,1185702.9715471738
25-44,East_Midlands,290,0,0,2020-12-02,1277009.2859038296
45-64,East_Midlands,290,0,0,2020-12-02,587008.9113449141
65-74,East_Midlands,290,0,0,2020-12-02,519078.8623548428
75+,East_Midlands,290,0,0,2020-12-02,410895.56292034814
1-4,East_Midlands,291,0,0,2020-12-03,544604.2261578062
5-14,East_Midlands,291,0,0,2020-12-03,164885.1975151702
15-24,East_Midlands,291,0,0,2020-12-03,1185702.9715471738
25-44,East_Midlands,291,0,0,2020-12-03,1277009.2859038296
45-64,East_Midlands,291,0,0,2020-12-03,587008.9113449141
65-74,East_Midlands,291,0,0,2020-12-03,519078.8623548428
75+,East_Midlands,291,0,0,2020-12-03,410895.56292034814
1-4,East_Midlands,292,0,0,2020-12-04,544604.2261578062
5-14,East_Midlands,292,0,0,2020-12-04,164885.1975151702
15-24,East_Midlands,292,0,0,2020-12-04,1185702.9715471738
25-44,East_Midlands,292,0,0,2020-12-04,1277009.2859038296
45-64,East_Midlands,292,0,0,2020-12-04,587008.9113449141
65-74,East_Midlands,292,0,0,2020-12-04,519078.8623548428
75+,East_Midlands,292,0,0,2020-12-04,410895.56292034814
1-4,East_Midlands,293,0,0,2020-12-05,544604.2261578062
5-14,East_Midlands,293,0,0,2020-12-05,164885.1975151702
15-24,East_Midlands,293,0,0,2020-12-05,1185702.9715471738
25-44,East_Midlands,293,0,0,2020-12-05,1277009.2859038296
45-64,East_Midlands,293,0,0,2020-12-05,587008.9113449141
65-74,East_Midlands,293,0,0,2020-12-05,519078.8623548428
75+,East_Midlands,293,0,0,2020-12-05,410895.56292034814
1-4,East_Midlands,294,0,0,2020-12-06,544604.2261578062
5-14,East_Midlands,294,0,0,2020-12-06,164885.1975151702
15-24,East_Midlands,294,0,0,2020-12-06,1185702.9715471738
25-44,East_Midlands,294,0,0,2020-12-06,1277009.2859038296
45-64,East_Midlands,294,0,0,2020-12-06,587008.9113449141
65-74,East_Midlands,294,0,0,2020-12-06,519078.8623548428
75+,East_Midlands,294,0,0,2020-12-06,410895.56292034814
1-4,East_Midlands,295,0,0,2020-12-07,544604.2261578062
5-14,East_Midlands,295,0,0,2020-12-07,164885.1975151702
15-24,East_Midlands,295,0,0,2020-12-07,1185702.9715471738
25-44,East_Midlands,295,0,0,2020-12-07,1277009.2859038296
45-64,East_Midlands,295,0,0,2020-12-07,587008.9113449141
65-74,East_Midlands,295,0,0,2020-12-07,519078.8623548428
75+,East_Midlands,295,0,0,2020-12-07,410895.56292034814
1-4,East_Midlands,296,0,0,2020-12-08,544604.2261578062
5-14,East_Midlands,296,0,0,2020-12-08,164885.1975151702
15-24,East_Midlands,296,0,0,2020-12-08,1185702.9715471738
25-44,East_Midlands,296,0,0,2020-12-08,1277009.2859038296
45-64,East_Midlands,296,0,0,2020-12-08,587008.9113449141
65-74,East_Midlands,296,0,0,2020-12-08,519078.8623548428
75+,East_Midlands,296,0,0,2020-12-08,410895.56292034814
1-4,East_Midlands,297,0,0,2020-12-09,544604.2261578062
5-14,East_Midlands,297,7.37513921647694,0.4800756609853826,2020-12-09,164885.1975151702
15-24,East_Midlands,297,10.01017339842073,0.39799781865471867,2020-12-09,1185702.9715471738
25-44,East_Midlands,297,9.78645808972628,0.39011681861637576,2020-12-09,1277009.2859038296
45-64,East_Midlands,297,9.07711055757017,0.40068676999446656,2020-12-09,587008.9113449141
65-74,East_Midlands,297,8.126330151713175,0.16925330825204668,2020-12-09,519078.8623548428
75+,East_Midlands,297,8.08600505779154,0.2016576498099628,2020-12-09,410895.56292034814
1-4,East_Midlands,298,0,0,2020-12-10,544604.2261578062
5-14,East_Midlands,298,0,0,2020-12-10,164885.1975151702
15-24,East_Midlands,298,0,0,2020-12-10,1185702.9715471738
25-44,East_Midlands,298,0,0,2020-12-10,1277009.2859038296
45-64,East_Midlands,298,0,0,2020-12-10,587008.9113449141
65-74,East_Midlands,298,0,0,2020-12-10,519078.8623548428
75+,East_Midlands,298,0,0,2020-12-10,410895.56292034814
1-4,East_Midlands,299,0,0,2020-12-11,544604.2261578062
5-14,East_Midlands,299,0,0,2020-12-11,164885.1975151702
15-24,East_Midlands,299,0,0,2020-12-11,1185702.9715471738
25-44,East_Midlands,299,0,0,2020-12-11,1277009.2859038296
45-64,East_Midlands,299,0,0,2020-12-11,587008.9113449141
65-74,East_Midlands,299,0,0,2020-12-11,519078.8623548428
75+,East_Midlands,299,0,0,2020-12-11,410895.56292034814
1-4,East_Midlands,300,0,0,2020-12-12,544604.2261578062
5-14,East_Midlands,300,0,0,2020-12-12,164885.1975151702
15-24,East_Midlands,300,0,0,2020-12-12,1185702.9715471738
25-44,East_Midlands,300,0,0,2020-12-12,1277009.2859038296
45-64,East_Midlands,300,0,0,2020-12-12,587008.9113449141
65-74,East_Midlands,300,0,0,2020-12-12,519078.8623548428
75+,East_Midlands,300,0,0,2020-12-12,410895.56292034814
1-4,East_Midlands,301,0,0,2020-12-13,544604.2261578062
5-14,East_Midlands,301,0,0,2020-12-13,164885.1975151702
15-24,East_Midlands,301,0,0,2020-12-13,1185702.9715471738
25-44,East_Midlands,301,0,0,2020-12-13,1277009.2859038296
45-64,East_Midlands,301,0,0,2020-12-13,587008.9113449141
65-74,East_Midlands,301,0,0,2020-12-13,519078.8623548428
75+,East_Midlands,301,0,0,2020-12-13,410895.56292034814
1-4,East_Midlands,302,0,0,2020-12-14,544604.2261578062
5-14,East_Midlands,302,0,0,2020-12-14,164885.1975151702
15-24,East_Midlands,302,0,0,2020-12-14,1185702.9715471738
25-44,East_Midlands,302,0,0,2020-12-14,1277009.2859038296
45-64,East_Midlands,302,0,0,2020-12-14,587008.9113449141
65-74,East_Midlands,302,0,0,2020-12-14,519078.8623548428
75+,East_Midlands,302,0,0,2020-12-14,410895.56292034814
1-4,East_Midlands,303,0,0,2020-12-15,544604.2261578062
5-14,East_Midlands,303,0,0,2020-12-15,164885.1975151702
15-24,East_Midlands,303,0,0,2020-12-15,1185702.9715471738
25-44,East_Midlands,303,0,0,2020-12-15,1277009.2859038296
45-64,East_Midlands,303,0,0,2020-12-15,587008.9113449141
65-74,East_Midlands,303,0,0,2020-12-15,519078.8623548428
75+,East_Midlands,303,0,0,2020-12-15,410895.56292034814
1-4,East_Midlands,304,0,0,2020-12-16,544604.2261578062
5-14,East_Midlands,304,0,0,2020-12-16,164885.1975151702
15-24,East_Midlands,304,0,0,2020-12-16,1185702.9715471738
25-44,East_Midlands,304,0,0,2020-12-16,1277009.2859038296
45-64,East_Midlands,304,0,0,2020-12-16,587008.9113449141
65-74,East_Midlands,304,0,0,2020-12-16,519078.8623548428
75+,East_Midlands,304,0,0,2020-12-16,410895.56292034814
1-4,East_Midlands,305,0,0,2020-12-17,544604.2261578062
5-14,East_Midlands,305,0,0,2020-12-17,164885.1975151702
15-24,East_Midlands,305,0,0,2020-12-17,1185702.9715471738
25-44,East_Midlands,305,0,0,2020-12-17,1277009.2859038296
45-64,East_Midlands,305,0,0,2020-12-17,587008.9113449141
65-74,East_Midlands,305,0,0,2020-12-17,519078.8623548428
75+,East_Midlands,305,0,0,2020-12-17,410895.56292034814
1-4,East_Midlands,306,0,0,2020-12-18,544604.2261578062
5-14,East_Midlands,306,0,0,2020-12-18,164885.1975151702
15-24,East_Midlands,306,0,0,2020-12-18,1185702.9715471738
25-44,East_Midlands,306,0,0,2020-12-18,1277009.2859038296
45-64,East_Midlands,306,0,0,2020-12-18,587008.9113449141
65-74,East_Midlands,306,0,0,2020-12-18,519078.8623548428
75+,East_Midlands,306,0,0,2020-12-18,410895.56292034814
1-4,East_Midlands,307,0,0,2020-12-19,544604.2261578062
5-14,East_Midlands,307,0,0,2020-12-19,164885.1975151702
15-24,East_Midlands,307,0,0,2020-12-19,1185702.9715471738
25-44,East_Midlands,307,0,0,2020-12-19,1277009.2859038296
45-64,East_Midlands,307,0,0,2020-12-19,587008.9113449141
65-74,East_Midlands,307,0,0,2020-12-19,519078.8623548428
75+,East_Midlands,307,0,0,2020-12-19,410895.56292034814
1-4,East_Midlands,308,0,0,2020-12-20,544604.2261578062
5-14,East_Midlands,308,0,0,2020-12-20,164885.1975151702
15-24,East_Midlands,308,0,0,2020-12-20,1185702.9715471738
25-44,East_Midlands,308,0,0,2020-12-20,1277009.2859038296
45-64,East_Midlands,308,0,0,2020-12-20,587008.9113449141
65-74,East_Midlands,308,0,0,2020-12-20,519078.8623548428
75+,East_Midlands,308,0,0,2020-12-20,410895.56292034814
1-4,East_Midlands,309,0,0,2020-12-21,544604.2261578062
5-14,East_Midlands,309,0,0,2020-12-21,164885.1975151702
15-24,East_Midlands,309,0,0,2020-12-21,1185702.9715471738
25-44,East_Midlands,309,0,0,2020-12-21,1277009.2859038296
45-64,East_Midlands,309,0,0,2020-12-21,587008.9113449141
65-74,East_Midlands,309,0,0,2020-12-21,519078.8623548428
75+,East_Midlands,309,0,0,2020-12-21,410895.56292034814
1-4,East_Midlands,310,0,0,2020-12-22,544604.2261578062
5-14,East_Midlands,310,0,0,2020-12-22,164885.1975151702
15-24,East_Midlands,310,0,0,2020-12-22,1185702.9715471738
25-44,East_Midlands,310,0,0,2020-12-22,1277009.2859038296
45-64,East_Midlands,310,0,0,2020-12-22,587008.9113449141
65-74,East_Midlands,310,0,0,2020-12-22,519078.8623548428
75+,East_Midlands,310,0,0,2020-12-22,410895.56292034814
1-4,East_Midlands,311,0,0,2020-12-23,544604.2261578062
5-14,East_Midlands,311,7.464117816238459,0.4879454022864716,2020-12-23,164885.1975151702
15-24,East_Midlands,311,10.101334475478707,0.4018079082911478,2020-12-23,1185702.9715471738
25-44,East_Midlands,311,9.990162587786024,0.3908600998114829,2020-12-23,1277009.2859038296
45-64,East_Midlands,311,9.244706709938264,0.39863647080601383,2020-12-23,587008.9113449141
65-74,East_Midlands,311,8.319444091389704,0.16939933400101972,2020-12-23,519078.8623548428
75+,East_Midlands,311,8.25028045857424,0.19836311893105235,2020-12-23,410895.56292034814
1-4,East_Midlands,312,0,0,2020-12-24,544604.2261578062
5-14,East_Midlands,312,0,0,2020-12-24,164885.1975151702
15-24,East_Midlands,312,0,0,2020-12-24,1185702.9715471738
25-44,East_Midlands,312,0,0,2020-12-24,1277009.2859038296
45-64,East_Midlands,312,0,0,2020-12-24,587008.9113449141
65-74,East_Midlands,312,0,0,2020-12-24,519078.8623548428
75+,East_Midlands,312,0,0,2020-12-24,410895.56292034814
1-4,East_Midlands,313,0,0,2020-12-25,544604.2261578062
5-14,East_Midlands,313,0,0,2020-12-25,164885.1975151702
15-24,East_Midlands,313,0,0,2020-12-25,1185702.9715471738
25-44,East_Midlands,313,0,0,2020-12-25,1277009.2859038296
45-64,East_Midlands,313,0,0,2020-12-25,587008.9113449141
65-74,East_Midlands,313,0,0,2020-12-25,519078.8623548428
75+,East_Midlands,313,0,0,2020-12-25,410895.56292034814
1-4,East_Midlands,314,0,0,2020-12-26,544604.2261578062
5-14,East_Midlands,314,0,0,2020-12-26,164885.1975151702
15-24,East_Midlands,314,0,0,2020-12-26,1185702.9715471738
25-44,East_Midlands,314,0,0,2020-12-26,1277009.2859038296
45-64,East_Midlands,314,0,0,2020-12-26,587008.9113449141
65-74,East_Midlands,314,0,0,2020-12-26,519078.8623548428
75+,East_Midlands,314,0,0,2020-12-26,410895.56292034814
1-4,East_Midlands,315,0,0,2020-12-27,544604.2261578062
5-14,East_Midlands,315,0,0,2020-12-27,164885.1975151702
15-24,East_Midlands,315,0,0,2020-12-27,1185702.9715471738
25-44,East_Midlands,315,0,0,2020-12-27,1277009.2859038296
45-64,East_Midlands,315,0,0,2020-12-27,587008.9113449141
65-74,East_Midlands,315,0,0,2020-12-27,519078.8623548428
75+,East_Midlands,315,0,0,2020-12-27,410895.56292034814
1-4,East_Midlands,316,0,0,2020-12-28,544604.2261578062
5-14,East_Midlands,316,0,0,2020-12-28,164885.1975151702
15-24,East_Midlands,316,0,0,2020-12-28,1185702.9715471738
25-44,East_Midlands,316,0,0,2020-12-28,1277009.2859038296
45-64,East_Midlands,316,0,0,2020-12-28,587008.9113449141
65-74,East_Midlands,316,0,0,2020-12-28,519078.8623548428
75+,East_Midlands,316,0,0,2020-12-28,410895.56292034814
1-4,East_Midlands,317,0,0,2020-12-29,544604.2261578062
5-14,East_Midlands,317,0,0,2020-12-29,164885.1975151702
15-24,East_Midlands,317,0,0,2020-12-29,1185702.9715471738
25-44,East_Midlands,317,0,0,2020-12-29,1277009.2859038296
45-64,East_Midlands,317,0,0,2020-12-29,587008.9113449141
65-74,East_Midlands,317,0,0,2020-12-29,519078.8623548428
75+,East_Midlands,317,0,0,2020-12-29,410895.56292034814
1-4,East_Midlands,318,0,0,2020-12-30,544604.2261578062
5-14,East_Midlands,318,0,0,2020-12-30,164885.1975151702
15-24,East_Midlands,318,0,0,2020-12-30,1185702.9715471738
25-44,East_Midlands,318,0,0,2020-12-30,1277009.2859038296
45-64,East_Midlands,318,0,0,2020-12-30,587008.9113449141
65-74,East_Midlands,318,0,0,2020-12-30,519078.8623548428
75+,East_Midlands,318,0,0,2020-12-30,410895.56292034814
1-4,East_Midlands,319,0,0,2020-12-31,544604.2261578062
5-14,East_Midlands,319,0,0,2020-12-31,164885.1975151702
15-24,East_Midlands,319,0,0,2020-12-31,1185702.9715471738
25-44,East_Midlands,319,0,0,2020-12-31,1277009.2859038296
45-64,East_Midlands,319,0,0,2020-12-31,587008.9113449141
65-74,East_Midlands,319,0,0,2020-12-31,519078.8623548428
75+,East_Midlands,319,0,0,2020-12-31,410895.56292034814
1-4,East_Midlands,320,0,0,2021-01-01,544604.2261578062
5-14,East_Midlands,320,0,0,2021-01-01,164885.1975151702
15-24,East_Midlands,320,0,0,2021-01-01,1185702.9715471738
25-44,East_Midlands,320,0,0,2021-01-01,1277009.2859038296
45-64,East_Midlands,320,0,0,2021-01-01,587008.9113449141
65-74,East_Midlands,320,0,0,2021-01-01,519078.8623548428
75+,East_Midlands,320,0,0,2021-01-01,410895.56292034814
1-4,East_Midlands,321,0,0,2021-01-02,544604.2261578062
5-14,East_Midlands,321,0,0,2021-01-02,164885.1975151702
15-24,East_Midlands,321,0,0,2021-01-02,1185702.9715471738
25-44,East_Midlands,321,0,0,2021-01-02,1277009.2859038296
45-64,East_Midlands,321,0,0,2021-01-02,587008.9113449141
65-74,East_Midlands,321,0,0,2021-01-02,519078.8623548428
75+,East_Midlands,321,0,0,2021-01-02,410895.56292034814
1-4,East_Midlands,322,0,0,2021-01-03,544604.2261578062
5-14,East_Midlands,322,0,0,2021-01-03,164885.1975151702
15-24,East_Midlands,322,0,0,2021-01-03,1185702.9715471738
25-44,East_Midlands,322,0,0,2021-01-03,1277009.2859038296
45-64,East_Midlands,322,0,0,2021-01-03,587008.9113449141
65-74,East_Midlands,322,0,0,2021-01-03,519078.8623548428
75+,East_Midlands,322,0,0,2021-01-03,410895.56292034814
1-4,East_Midlands,323,0,0,2021-01-04,544604.2261578062
5-14,East_Midlands,323,0,0,2021-01-04,164885.1975151702
15-24,East_Midlands,323,0,0,2021-01-04,1185702.9715471738
25-44,East_Midlands,323,0,0,2021-01-04,1277009.2859038296
45-64,East_Midlands,323,0,0,2021-01-04,587008.9113449141
65-74,East_Midlands,323,0,0,2021-01-04,519078.8623548428
75+,East_Midlands,323,0,0,2021-01-04,410895.56292034814
1-4,East_Midlands,324,0,0,2021-01-05,544604.2261578062
5-14,East_Midlands,324,0,0,2021-01-05,164885.1975151702
15-24,East_Midlands,324,0,0,2021-01-05,1185702.9715471738
25-44,East_Midlands,324,0,0,2021-01-05,1277009.2859038296
45-64,East_Midlands,324,0,0,2021-01-05,587008.9113449141
65-74,East_Midlands,324,0,0,2021-01-05,519078.8623548428
75+,East_Midlands,324,0,0,2021-01-05,410895.56292034814
1-4,East_Midlands,325,0,0,2021-01-06,544604.2261578062
5-14,East_Midlands,325,7.605235719062906,0.48564795786814147,2021-01-06,164885.1975151702
15-24,East_Midlands,325,10.24869450137978,0.400757596003025,2021-01-06,1185702.9715471738
25-44,East_Midlands,325,10.130295381039744,0.38824396186369986,2021-01-06,1277009.2859038296
45-64,East_Midlands,325,9.25171789922428,0.399477661833801,2021-01-06,587008.9113449141
65-74,East_Midlands,325,8.569186119815441,0.16018889570382816,2021-01-06,519078.8623548428
75+,East_Midlands,325,8.381942289505352,0.1930826956991015,2021-01-06,410895.56292034814
1-4,East_Midlands,326,0,0,2021-01-07,544604.2261578062
5-14,East_Midlands,326,0,0,2021-01-07,164885.1975151702
15-24,East_Midlands,326,0,0,2021-01-07,1185702.9715471738
25-44,East_Midlands,326,0,0,2021-01-07,1277009.2859038296
45-64,East_Midlands,326,0,0,2021-01-07,587008.9113449141
65-74,East_Midlands,326,0,0,2021-01-07,519078.8623548428
75+,East_Midlands,326,0,0,2021-01-07,410895.56292034814
1-4,East_Midlands,327,0,0,2021-01-08,544604.2261578062
5-14,East_Midlands,327,0,0,2021-01-08,164885.1975151702
15-24,East_Midlands,327,0,0,2021-01-08,1185702.9715471738
25-44,East_Midlands,327,0,0,2021-01-08,1277009.2859038296
45-64,East_Midlands,327,0,0,2021-01-08,587008.9113449141
65-74,East_Midlands,327,0,0,2021-01-08,519078.8623548428
75+,East_Midlands,327,0,0,2021-01-08,410895.56292034814
1-4,East_Midlands,328,0,0,2021-01-09,544604.2261578062
5-14,East_Midlands,328,0,0,2021-01-09,164885.1975151702
15-24,East_Midlands,328,0,0,2021-01-09,1185702.9715471738
25-44,East_Midlands,328,0,0,2021-01-09,1277009.2859038296
45-64,East_Midlands,328,0,0,2021-01-09,587008.9113449141
65-74,East_Midlands,328,0,0,2021-01-09,519078.8623548428
75+,East_Midlands,328,0,0,2021-01-09,410895.56292034814
1-4,East_Midlands,329,0,0,2021-01-10,544604.2261578062
5-14,East_Midlands,329,0,0,2021-01-10,164885.1975151702
15-24,East_Midlands,329,0,0,2021-01-10,1185702.9715471738
25-44,East_Midlands,329,0,0,2021-01-10,1277009.2859038296
45-64,East_Midlands,329,0,0,2021-01-10,587008.9113449141
65-74,East_Midlands,329,0,0,2021-01-10,519078.8623548428
75+,East_Midlands,329,0,0,2021-01-10,410895.56292034814
1-4,East_Midlands,330,0,0,2021-01-11,544604.2261578062
5-14,East_Midlands,330,0,0,2021-01-11,164885.1975151702
15-24,East_Midlands,330,0,0,2021-01-11,1185702.9715471738
25-44,East_Midlands,330,0,0,2021-01-11,1277009.2859038296
45-64,East_Midlands,330,0,0,2021-01-11,587008.9113449141
65-74,East_Midlands,330,0,0,2021-01-11,519078.8623548428
75+,East_Midlands,330,0,0,2021-01-11,410895.56292034814
1-4,East_Midlands,331,0,0,2021-01-12,544604.2261578062
5-14,East_Midlands,331,0,0,2021-01-12,164885.1975151702
15-24,East_Midlands,331,0,0,2021-01-12,1185702.9715471738
25-44,East_Midlands,331,0,0,2021-01-12,1277009.2859038296
45-64,East_Midlands,331,0,0,2021-01-12,587008.9113449141
65-74,East_Midlands,331,0,0,2021-01-12,519078.8623548428
75+,East_Midlands,331,0,0,2021-01-12,410895.56292034814
1-4,East_Midlands,332,0,0,2021-01-13,544604.2261578062
5-14,East_Midlands,332,0,0,2021-01-13,164885.1975151702
15-24,East_Midlands,332,0,0,2021-01-13,1185702.9715471738
25-44,East_Midlands,332,0,0,2021-01-13,1277009.2859038296
45-64,East_Midlands,332,0,0,2021-01-13,587008.9113449141
65-74,East_Midlands,332,0,0,2021-01-13,519078.8623548428
75+,East_Midlands,332,0,0,2021-01-13,410895.56292034814
1-4,East_Midlands,333,0,0,2021-01-14,544604.2261578062
5-14,East_Midlands,333,0,0,2021-01-14,164885.1975151702
15-24,East_Midlands,333,0,0,2021-01-14,1185702.9715471738
25-44,East_Midlands,333,0,0,2021-01-14,1277009.2859038296
45-64,East_Midlands,333,0,0,2021-01-14,587008.9113449141
65-74,East_Midlands,333,0,0,2021-01-14,519078.8623548428
75+,East_Midlands,333,0,0,2021-01-14,410895.56292034814
1-4,East_Midlands,334,0,0,2021-01-15,544604.2261578062
5-14,East_Midlands,334,0,0,2021-01-15,164885.1975151702
15-24,East_Midlands,334,0,0,2021-01-15,1185702.9715471738
25-44,East_Midlands,334,0,0,2021-01-15,1277009.2859038296
45-64,East_Midlands,334,0,0,2021-01-15,587008.9113449141
65-74,East_Midlands,334,0,0,2021-01-15,519078.8623548428
75+,East_Midlands,334,0,0,2021-01-15,410895.56292034814
1-4,East_Midlands,335,0,0,2021-01-16,544604.2261578062
5-14,East_Midlands,335,0,0,2021-01-16,164885.1975151702
15-24,East_Midlands,335,0,0,2021-01-16,1185702.9715471738
25-44,East_Midlands,335,0,0,2021-01-16,1277009.2859038296
45-64,East_Midlands,335,0,0,2021-01-16,587008.9113449141
65-74,East_Midlands,335,0,0,2021-01-16,519078.8623548428
75+,East_Midlands,335,0,0,2021-01-16,410895.56292034814
1-4,East_Midlands,336,0,0,2021-01-17,544604.2261578062
5-14,East_Midlands,336,0,0,2021-01-17,164885.1975151702
15-24,East_Midlands,336,0,0,2021-01-17,1185702.9715471738
25-44,East_Midlands,336,0,0,2021-01-17,1277009.2859038296
45-64,East_Midlands,336,0,0,2021-01-17,587008.9113449141
65-74,East_Midlands,336,0,0,2021-01-17,519078.8623548428
75+,East_Midlands,336,0,0,2021-01-17,410895.56292034814
1-4,East_Midlands,337,0,0,2021-01-18,544604.2261578062
5-14,East_Midlands,337,0,0,2021-01-18,164885.1975151702
15-24,East_Midlands,337,0,0,2021-01-18,1185702.9715471738
25-44,East_Midlands,337,0,0,2021-01-18,1277009.2859038296
45-64,East_Midlands,337,0,0,2021-01-18,587008.9113449141
65-74,East_Midlands,337,0,0,2021-01-18,519078.8623548428
75+,East_Midlands,337,0,0,2021-01-18,410895.56292034814
1-4,East_Midlands,338,0,0,2021-01-19,544604.2261578062
5-14,East_Midlands,338,0,0,2021-01-19,164885.1975151702
15-24,East_Midlands,338,0,0,2021-01-19,1185702.9715471738
25-44,East_Midlands,338,0,0,2021-01-19,1277009.2859038296
45-64,East_Midlands,338,0,0,2021-01-19,587008.9113449141
65-74,East_Midlands,338,0,0,2021-01-19,519078.8623548428
75+,East_Midlands,338,0,0,2021-01-19,410895.56292034814
1-4,East_Midlands,339,0,0,2021-01-20,544604.2261578062
5-14,East_Midlands,339,7.626870546944941,0.48025014901598145,2021-01-20,164885.1975151702
15-24,East_Midlands,339,10.100593603576895,0.40135130145645187,2021-01-20,1185702.9715471738
25-44,East_Midlands,339,10.181103950268632,0.38493884429320735,2021-01-20,1277009.2859038296
45-64,East_Midlands,339,8.820133573978543,0.4075931290029252,2021-01-20,587008.9113449141
65-74,East_Midlands,339,8.458339722185377,0.16068467105420192,2021-01-20,519078.8623548428
75+,East_Midlands,339,8.302499097694422,0.19321962117682995,2021-01-20,410895.56292034814
1-4,East_Midlands,340,0,0,2021-01-21,544604.2261578062
5-14,East_Midlands,340,0,0,2021-01-21,164885.1975151702
15-24,East_Midlands,340,0,0,2021-01-21,1185702.9715471738
25-44,East_Midlands,340,0,0,2021-01-21,1277009.2859038296
45-64,East_Midlands,340,0,0,2021-01-21,587008.9113449141
65-74,East_Midlands,340,0,0,2021-01-21,519078.8623548428
75+,East_Midlands,340,0,0,2021-01-21,410895.56292034814
1-4,East_Midlands,341,0,0,2021-01-22,544604.2261578062
5-14,East_Midlands,341,0,0,2021-01-22,164885.1975151702
15-24,East_Midlands,341,0,0,2021-01-22,1185702.9715471738
25-44,East_Midlands,341,0,0,2021-01-22,1277009.2859038296
45-64,East_Midlands,341,0,0,2021-01-22,587008.9113449141
65-74,East_Midlands,341,0,0,2021-01-22,519078.8623548428
75+,East_Midlands,341,0,0,2021-01-22,410895.56292034814
1-4,East_Midlands,342,0,0,2021-01-23,544604.2261578062
5-14,East_Midlands,342,0,0,2021-01-23,164885.1975151702
15-24,East_Midlands,342,0,0,2021-01-23,1185702.9715471738
25-44,East_Midlands,342,0,0,2021-01-23,1277009.2859038296
45-64,East_Midlands,342,0,0,2021-01-23,587008.9113449141
65-74,East_Midlands,342,0,0,2021-01-23,519078.8623548428
75+,East_Midlands,342,0,0,2021-01-23,410895.56292034814
1-4,East_Midlands,343,0,0,2021-01-24,544604.2261578062
5-14,East_Midlands,343,0,0,2021-01-24,164885.1975151702
15-24,East_Midlands,343,0,0,2021-01-24,1185702.9715471738
25-44,East_Midlands,343,0,0,2021-01-24,1277009.2859038296
45-64,East_Midlands,343,0,0,2021-01-24,587008.9113449141
65-74,East_Midlands,343,0,0,2021-01-24,519078.8623548428
75+,East_Midlands,343,0,0,2021-01-24,410895.56292034814
1-4,East_Midlands,344,0,0,2021-01-25,544604.2261578062
5-14,East_Midlands,344,0,0,2021-01-25,164885.1975151702
15-24,East_Midlands,344,0,0,2021-01-25,1185702.9715471738
25-44,East_Midlands,344,0,0,2021-01-25,1277009.2859038296
45-64,East_Midlands,344,0,0,2021-01-25,587008.9113449141
65-74,East_Midlands,344,0,0,2021-01-25,519078.8623548428
75+,East_Midlands,344,0,0,2021-01-25,410895.56292034814
1-4,East_Midlands,345,0,0,2021-01-26,544604.2261578062
5-14,East_Midlands,345,0,0,2021-01-26,164885.1975151702
15-24,East_Midlands,345,0,0,2021-01-26,1185702.9715471738
25-44,East_Midlands,345,0,0,2021-01-26,1277009.2859038296
45-64,East_Midlands,345,0,0,2021-01-26,587008.9113449141
65-74,East_Midlands,345,0,0,2021-01-26,519078.8623548428
75+,East_Midlands,345,0,0,2021-01-26,410895.56292034814
1-4,East_Midlands,346,0,0,2021-01-27,544604.2261578062
5-14,East_Midlands,346,0,0,2021-01-27,164885.1975151702
15-24,East_Midlands,346,0,0,2021-01-27,1185702.9715471738
25-44,East_Midlands,346,0,0,2021-01-27,1277009.2859038296
45-64,East_Midlands,346,0,0,2021-01-27,587008.9113449141
65-74,East_Midlands,346,0,0,2021-01-27,519078.8623548428
75+,East_Midlands,346,0,0,2021-01-27,410895.56292034814
1-4,East_Midlands,347,0,0,2021-01-28,544604.2261578062
5-14,East_Midlands,347,0,0,2021-01-28,164885.1975151702
15-24,East_Midlands,347,0,0,2021-01-28,1185702.9715471738
25-44,East_Midlands,347,0,0,2021-01-28,1277009.2859038296
45-64,East_Midlands,347,0,0,2021-01-28,587008.9113449141
65-74,East_Midlands,347,0,0,2021-01-28,519078.8623548428
75+,East_Midlands,347,0,0,2021-01-28,410895.56292034814
1-4,East_Midlands,348,0,0,2021-01-29,544604.2261578062
5-14,East_Midlands,348,0,0,2021-01-29,164885.1975151702
15-24,East_Midlands,348,0,0,2021-01-29,1185702.9715471738
25-44,East_Midlands,348,0,0,2021-01-29,1277009.2859038296
45-64,East_Midlands,348,0,0,2021-01-29,587008.9113449141
65-74,East_Midlands,348,0,0,2021-01-29,519078.8623548428
75+,East_Midlands,348,0,0,2021-01-29,410895.56292034814
1-4,East_Midlands,349,0,0,2021-01-30,544604.2261578062
5-14,East_Midlands,349,0,0,2021-01-30,164885.1975151702
15-24,East_Midlands,349,0,0,2021-01-30,1185702.9715471738
25-44,East_Midlands,349,0,0,2021-01-30,1277009.2859038296
45-64,East_Midlands,349,0,0,2021-01-30,587008.9113449141
65-74,East_Midlands,349,0,0,2021-01-30,519078.8623548428
75+,East_Midlands,349,0,0,2021-01-30,410895.56292034814
1-4,East_Midlands,350,0,0,2021-01-31,544604.2261578062
5-14,East_Midlands,350,0,0,2021-01-31,164885.1975151702
15-24,East_Midlands,350,0,0,2021-01-31,1185702.9715471738
25-44,East_Midlands,350,0,0,2021-01-31,1277009.2859038296
45-64,East_Midlands,350,0,0,2021-01-31,587008.9113449141
65-74,East_Midlands,350,0,0,2021-01-31,519078.8623548428
75+,East_Midlands,350,0,0,2021-01-31,410895.56292034814
1-4,East_Midlands,351,0,0,2021-02-01,544604.2261578062
5-14,East_Midlands,351,0,0,2021-02-01,164885.1975151702
15-24,East_Midlands,351,0,0,2021-02-01,1185702.9715471738
25-44,East_Midlands,351,0,0,2021-02-01,1277009.2859038296
45-64,East_Midlands,351,0,0,2021-02-01,587008.9113449141
65-74,East_Midlands,351,0,0,2021-02-01,519078.8623548428
75+,East_Midlands,351,0,0,2021-02-01,410895.56292034814
1-4,East_Midlands,352,0,0,2021-02-02,544604.2261578062
5-14,East_Midlands,352,0,0,2021-02-02,164885.1975151702
15-24,East_Midlands,352,0,0,2021-02-02,1185702.9715471738
25-44,East_Midlands,352,0,0,2021-02-02,1277009.2859038296
45-64,East_Midlands,352,0,0,2021-02-02,587008.9113449141
65-74,East_Midlands,352,0,0,2021-02-02,519078.8623548428
75+,East_Midlands,352,0,0,2021-02-02,410895.56292034814
1-4,East_Midlands,353,0,0,2021-02-03,544604.2261578062
5-14,East_Midlands,353,7.51930005514418,0.4816378939223065,2021-02-03,164885.1975151702
15-24,East_Midlands,353,9.825734721823366,0.4025052613175266,2021-02-03,1185702.9715471738
25-44,East_Midlands,353,10.04429302842062,0.38572973195345656,2021-02-03,1277009.2859038296
45-64,East_Midlands,353,8.260157690714136,0.4196774446763414,2021-02-03,587008.9113449141
65-74,East_Midlands,353,8.0819325631179,0.18450497876323813,2021-02-03,519078.8623548428
75+,East_Midlands,353,8.101241268843644,0.20713357617115172,2021-02-03,410895.56292034814
1-4,East_Midlands,354,0,0,2021-02-04,544604.2261578062
5-14,East_Midlands,354,0,0,2021-02-04,164885.1975151702
15-24,East_Midlands,354,0,0,2021-02-04,1185702.9715471738
25-44,East_Midlands,354,0,0,2021-02-04,1277009.2859038296
45-64,East_Midlands,354,0,0,2021-02-04,587008.9113449141
65-74,East_Midlands,354,0,0,2021-02-04,519078.8623548428
75+,East_Midlands,354,0,0,2021-02-04,410895.56292034814
1-4,East_Midlands,355,0,0,2021-02-05,544604.2261578062
5-14,East_Midlands,355,0,0,2021-02-05,164885.1975151702
15-24,East_Midlands,355,0,0,2021-02-05,1185702.9715471738
25-44,East_Midlands,355,0,0,2021-02-05,1277009.2859038296
45-64,East_Midlands,355,0,0,2021-02-05,587008.9113449141
65-74,East_Midlands,355,0,0,2021-02-05,519078.8623548428
75+,East_Midlands,355,0,0,2021-02-05,410895.56292034814
1-4,East_Midlands,356,0,0,2021-02-06,544604.2261578062
5-14,East_Midlands,356,0,0,2021-02-06,164885.1975151702
15-24,East_Midlands,356,0,0,2021-02-06,1185702.9715471738
25-44,East_Midlands,356,0,0,2021-02-06,1277009.2859038296
45-64,East_Midlands,356,0,0,2021-02-06,587008.9113449141
65-74,East_Midlands,356,0,0,2021-02-06,519078.8623548428
75+,East_Midlands,356,0,0,2021-02-06,410895.56292034814
1-4,East_Midlands,357,0,0,2021-02-07,544604.2261578062
5-14,East_Midlands,357,0,0,2021-02-07,164885.1975151702
15-24,East_Midlands,357,0,0,2021-02-07,1185702.9715471738
25-44,East_Midlands,357,0,0,2021-02-07,1277009.2859038296
45-64,East_Midlands,357,0,0,2021-02-07,587008.9113449141
65-74,East_Midlands,357,0,0,2021-02-07,519078.8623548428
75+,East_Midlands,357,0,0,2021-02-07,410895.56292034814
1-4,East_Midlands,358,0,0,2021-02-08,544604.2261578062
5-14,East_Midlands,358,0,0,2021-02-08,164885.1975151702
15-24,East_Midlands,358,0,0,2021-02-08,1185702.9715471738
25-44,East_Midlands,358,0,0,2021-02-08,1277009.2859038296
45-64,East_Midlands,358,0,0,2021-02-08,587008.9113449141
65-74,East_Midlands,358,0,0,2021-02-08,519078.8623548428
75+,East_Midlands,358,0,0,2021-02-08,410895.56292034814
1-4,East_Midlands,359,0,0,2021-02-09,544604.2261578062
5-14,East_Midlands,359,0,0,2021-02-09,164885.1975151702
15-24,East_Midlands,359,0,0,2021-02-09,1185702.9715471738
25-44,East_Midlands,359,0,0,2021-02-09,1277009.2859038296
45-64,East_Midlands,359,0,0,2021-02-09,587008.9113449141
65-74,East_Midlands,359,0,0,2021-02-09,519078.8623548428
75+,East_Midlands,359,0,0,2021-02-09,410895.56292034814
1-4,East_Midlands,360,0,0,2021-02-10,544604.2261578062
5-14,East_Midlands,360,0,0,2021-02-10,164885.1975151702
15-24,East_Midlands,360,0,0,2021-02-10,1185702.9715471738
25-44,East_Midlands,360,0,0,2021-02-10,1277009.2859038296
45-64,East_Midlands,360,0,0,2021-02-10,587008.9113449141
65-74,East_Midlands,360,0,0,2021-02-10,519078.8623548428
75+,East_Midlands,360,0,0,2021-02-10,410895.56292034814
1-4,East_Midlands,361,0,0,2021-02-11,544604.2261578062
5-14,East_Midlands,361,0,0,2021-02-11,164885.1975151702
15-24,East_Midlands,361,0,0,2021-02-11,1185702.9715471738
25-44,East_Midlands,361,0,0,2021-02-11,1277009.2859038296
45-64,East_Midlands,361,0,0,2021-02-11,587008.9113449141
65-74,East_Midlands,361,0,0,2021-02-11,519078.8623548428
75+,East_Midlands,361,0,0,2021-02-11,410895.56292034814
1-4,East_Midlands,362,0,0,2021-02-12,544604.2261578062
5-14,East_Midlands,362,0,0,2021-02-12,164885.1975151702
15-24,East_Midlands,362,0,0,2021-02-12,1185702.9715471738
25-44,East_Midlands,362,0,0,2021-02-12,1277009.2859038296
45-64,East_Midlands,362,0,0,2021-02-12,587008.9113449141
65-74,East_Midlands,362,0,0,2021-02-12,519078.8623548428
75+,East_Midlands,362,0,0,2021-02-12,410895.56292034814
1-4,East_Midlands,363,0,0,2021-02-13,544604.2261578062
5-14,East_Midlands,363,0,0,2021-02-13,164885.1975151702
15-24,East_Midlands,363,0,0,2021-02-13,1185702.9715471738
25-44,East_Midlands,363,0,0,2021-02-13,1277009.2859038296
45-64,East_Midlands,363,0,0,2021-02-13,587008.9113449141
65-74,East_Midlands,363,0,0,2021-02-13,519078.8623548428
75+,East_Midlands,363,0,0,2021-02-13,410895.56292034814
1-4,East_Midlands,364,0,0,2021-02-14,544604.2261578062
5-14,East_Midlands,364,0,0,2021-02-14,164885.1975151702
15-24,East_Midlands,364,0,0,2021-02-14,1185702.9715471738
25-44,East_Midlands,364,0,0,2021-02-14,1277009.2859038296
45-64,East_Midlands,364,0,0,2021-02-14,587008.9113449141
65-74,East_Midlands,364,0,0,2021-02-14,519078.8623548428
75+,East_Midlands,364,0,0,2021-02-14,410895.56292034814
1-4,East_Midlands,365,0,0,2021-02-15,544604.2261578062
5-14,East_Midlands,365,0,0,2021-02-15,164885.1975151702
15-24,East_Midlands,365,0,0,2021-02-15,1185702.9715471738
25-44,East_Midlands,365,0,0,2021-02-15,1277009.2859038296
45-64,East_Midlands,365,0,0,2021-02-15,587008.9113449141
65-74,East_Midlands,365,0,0,2021-02-15,519078.8623548428
75+,East_Midlands,365,0,0,2021-02-15,410895.56292034814
1-4,East_Midlands,366,0,0,2021-02-16,544604.2261578062
5-14,East_Midlands,366,0,0,2021-02-16,164885.1975151702
15-24,East_Midlands,366,0,0,2021-02-16,1185702.9715471738
25-44,East_Midlands,366,0,0,2021-02-16,1277009.2859038296
45-64,East_Midlands,366,0,0,2021-02-16,587008.9113449141
65-74,East_Midlands,366,0,0,2021-02-16,519078.8623548428
75+,East_Midlands,366,0,0,2021-02-16,410895.56292034814
1-4,East_Midlands,367,0,0,2021-02-17,544604.2261578062
5-14,East_Midlands,367,7.261484588048157,0.49594184314184614,2021-02-17,164885.1975151702
15-24,East_Midlands,367,9.449106713092515,0.41118150623295535,2021-02-17,1185702.9715471738
25-44,East_Midlands,367,9.353705935382402,0.39721081065178687,2021-02-17,1277009.2859038296
45-64,East_Midlands,367,7.892378994136628,0.4316366983443129,2021-02-17,587008.9113449141
65-74,East_Midlands,367,7.517037039565168,0.22238375535333285,2021-02-17,519078.8623548428
75+,East_Midlands,367,7.585337213170802,0.24390886411578303,2021-02-17,410895.56292034814
1-4,East_Midlands,368,0,0,2021-02-18,544604.2261578062
5-14,East_Midlands,368,0,0,2021-02-18,164885.1975151702
15-24,East_Midlands,368,0,0,2021-02-18,1185702.9715471738
25-44,East_Midlands,368,0,0,2021-02-18,1277009.2859038296
45-64,East_Midlands,368,0,0,2021-02-18,587008.9113449141
65-74,East_Midlands,368,0,0,2021-02-18,519078.8623548428
75+,East_Midlands,368,0,0,2021-02-18,410895.56292034814
1-4,East_Midlands,369,0,0,2021-02-19,544604.2261578062
5-14,East_Midlands,369,0,0,2021-02-19,164885.1975151702
15-24,East_Midlands,369,0,0,2021-02-19,1185702.9715471738
25-44,East_Midlands,369,0,0,2021-02-19,1277009.2859038296
45-64,East_Midlands,369,0,0,2021-02-19,587008.9113449141
65-74,East_Midlands,369,0,0,2021-02-19,519078.8623548428
75+,East_Midlands,369,0,0,2021-02-19,410895.56292034814
1-4,East_Midlands,370,0,0,2021-02-20,544604.2261578062
5-14,East_Midlands,370,0,0,2021-02-20,164885.1975151702
15-24,East_Midlands,370,0,0,2021-02-20,1185702.9715471738
25-44,East_Midlands,370,0,0,2021-02-20,1277009.2859038296
45-64,East_Midlands,370,0,0,2021-02-20,587008.9113449141
65-74,East_Midlands,370,0,0,2021-02-20,519078.8623548428
75+,East_Midlands,370,0,0,2021-02-20,410895.56292034814
1-4,East_Midlands,371,0,0,2021-02-21,544604.2261578062
5-14,East_Midlands,371,0,0,2021-02-21,164885.1975151702
15-24,East_Midlands,371,0,0,2021-02-21,1185702.9715471738
25-44,East_Midlands,371,0,0,2021-02-21,1277009.2859038296
45-64,East_Midlands,371,0,0,2021-02-21,587008.9113449141
65-74,East_Midlands,371,0,0,2021-02-21,519078.8623548428
75+,East_Midlands,371,0,0,2021-02-21,410895.56292034814
1-4,East_Midlands,372,0,0,2021-02-22,544604.2261578062
5-14,East_Midlands,372,0,0,2021-02-22,164885.1975151702
15-24,East_Midlands,372,0,0,2021-02-22,1185702.9715471738
25-44,East_Midlands,372,0,0,2021-02-22,1277009.2859038296
45-64,East_Midlands,372,0,0,2021-02-22,587008.9113449141
65-74,East_Midlands,372,0,0,2021-02-22,519078.8623548428
75+,East_Midlands,372,0,0,2021-02-22,410895.56292034814
1-4,East_Midlands,373,0,0,2021-02-23,544604.2261578062
5-14,East_Midlands,373,0,0,2021-02-23,164885.1975151702
15-24,East_Midlands,373,0,0,2021-02-23,1185702.9715471738
25-44,East_Midlands,373,0,0,2021-02-23,1277009.2859038296
45-64,East_Midlands,373,0,0,2021-02-23,587008.9113449141
65-74,East_Midlands,373,0,0,2021-02-23,519078.8623548428
75+,East_Midlands,373,0,0,2021-02-23,410895.56292034814
1-4,East_Midlands,374,0,0,2021-02-24,544604.2261578062
5-14,East_Midlands,374,0,0,2021-02-24,164885.1975151702
15-24,East_Midlands,374,0,0,2021-02-24,1185702.9715471738
25-44,East_Midlands,374,0,0,2021-02-24,1277009.2859038296
45-64,East_Midlands,374,0,0,2021-02-24,587008.9113449141
65-74,East_Midlands,374,0,0,2021-02-24,519078.8623548428
75+,East_Midlands,374,0,0,2021-02-24,410895.56292034814
1-4,East_Midlands,375,0,0,2021-02-25,544604.2261578062
5-14,East_Midlands,375,0,0,2021-02-25,164885.1975151702
15-24,East_Midlands,375,0,0,2021-02-25,1185702.9715471738
25-44,East_Midlands,375,0,0,2021-02-25,1277009.2859038296
45-64,East_Midlands,375,0,0,2021-02-25,587008.9113449141
65-74,East_Midlands,375,0,0,2021-02-25,519078.8623548428
75+,East_Midlands,375,0,0,2021-02-25,410895.56292034814
1-4,East_Midlands,376,0,0,2021-02-26,544604.2261578062
5-14,East_Midlands,376,0,0,2021-02-26,164885.1975151702
15-24,East_Midlands,376,0,0,2021-02-26,1185702.9715471738
25-44,East_Midlands,376,0,0,2021-02-26,1277009.2859038296
45-64,East_Midlands,376,0,0,2021-02-26,587008.9113449141
65-74,East_Midlands,376,0,0,2021-02-26,519078.8623548428
75+,East_Midlands,376,0,0,2021-02-26,410895.56292034814
1-4,East_Midlands,377,0,0,2021-02-27,544604.2261578062
5-14,East_Midlands,377,0,0,2021-02-27,164885.1975151702
15-24,East_Midlands,377,0,0,2021-02-27,1185702.9715471738
25-44,East_Midlands,377,0,0,2021-02-27,1277009.2859038296
45-64,East_Midlands,377,0,0,2021-02-27,587008.9113449141
65-74,East_Midlands,377,0,0,2021-02-27,519078.8623548428
75+,East_Midlands,377,0,0,2021-02-27,410895.56292034814
1-4,East_Midlands,378,0,0,2021-02-28,544604.2261578062
5-14,East_Midlands,378,0,0,2021-02-28,164885.1975151702
15-24,East_Midlands,378,0,0,2021-02-28,1185702.9715471738
25-44,East_Midlands,378,0,0,2021-02-28,1277009.2859038296
45-64,East_Midlands,378,0,0,2021-02-28,587008.9113449141
65-74,East_Midlands,378,0,0,2021-02-28,519078.8623548428
75+,East_Midlands,378,0,0,2021-02-28,410895.56292034814
1-4,East_Midlands,379,0,0,2021-03-01,544604.2261578062
5-14,East_Midlands,379,0,0,2021-03-01,164885.1975151702
15-24,East_Midlands,379,0,0,2021-03-01,1185702.9715471738
25-44,East_Midlands,379,0,0,2021-03-01,1277009.2859038296
45-64,East_Midlands,379,0,0,2021-03-01,587008.9113449141
65-74,East_Midlands,379,0,0,2021-03-01,519078.8623548428
75+,East_Midlands,379,0,0,2021-03-01,410895.56292034814
1-4,East_Midlands,380,0,0,2021-03-02,544604.2261578062
5-14,East_Midlands,380,0,0,2021-03-02,164885.1975151702
15-24,East_Midlands,380,0,0,2021-03-02,1185702.9715471738
25-44,East_Midlands,380,0,0,2021-03-02,1277009.2859038296
45-64,East_Midlands,380,0,0,2021-03-02,587008.9113449141
65-74,East_Midlands,380,0,0,2021-03-02,519078.8623548428
75+,East_Midlands,380,0,0,2021-03-02,410895.56292034814
1-4,East_Midlands,381,0,0,2021-03-03,544604.2261578062
5-14,East_Midlands,381,7.188360491443846,0.528548386946905,2021-03-03,164885.1975151702
15-24,East_Midlands,381,9.178582295560549,0.4201367607271804,2021-03-03,1185702.9715471738
25-44,East_Midlands,381,8.820412305954711,0.41037156749484477,2021-03-03,1277009.2859038296
45-64,East_Midlands,381,7.859564662258546,0.44134441411948,2021-03-03,587008.9113449141
65-74,East_Midlands,381,7.219501292667064,0.2508533357488163,2021-03-03,519078.8623548428
75+,East_Midlands,381,7.226077446603408,0.28163955599009327,2021-03-03,410895.56292034814
1-4,East_Midlands,382,0,0,2021-03-04,544604.2261578062
5-14,East_Midlands,382,0,0,2021-03-04,164885.1975151702
15-24,East_Midlands,382,0,0,2021-03-04,1185702.9715471738
25-44,East_Midlands,382,0,0,2021-03-04,1277009.2859038296
45-64,East_Midlands,382,0,0,2021-03-04,587008.9113449141
65-74,East_Midlands,382,0,0,2021-03-04,519078.8623548428
75+,East_Midlands,382,0,0,2021-03-04,410895.56292034814
1-4,East_Midlands,383,0,0,2021-03-05,544604.2261578062
5-14,East_Midlands,383,0,0,2021-03-05,164885.1975151702
15-24,East_Midlands,383,0,0,2021-03-05,1185702.9715471738
25-44,East_Midlands,383,0,0,2021-03-05,1277009.2859038296
45-64,East_Midlands,383,0,0,2021-03-05,587008.9113449141
65-74,East_Midlands,383,0,0,2021-03-05,519078.8623548428
75+,East_Midlands,383,0,0,2021-03-05,410895.56292034814
1-4,East_Midlands,384,0,0,2021-03-06,544604.2261578062
5-14,East_Midlands,384,0,0,2021-03-06,164885.1975151702
15-24,East_Midlands,384,0,0,2021-03-06,1185702.9715471738
25-44,East_Midlands,384,0,0,2021-03-06,1277009.2859038296
45-64,East_Midlands,384,0,0,2021-03-06,587008.9113449141
65-74,East_Midlands,384,0,0,2021-03-06,519078.8623548428
75+,East_Midlands,384,0,0,2021-03-06,410895.56292034814
1-4,East_Midlands,385,0,0,2021-03-07,544604.2261578062
5-14,East_Midlands,385,0,0,2021-03-07,164885.1975151702
15-24,East_Midlands,385,0,0,2021-03-07,1185702.9715471738
25-44,East_Midlands,385,0,0,2021-03-07,1277009.2859038296
45-64,East_Midlands,385,0,0,2021-03-07,587008.9113449141
65-74,East_Midlands,385,0,0,2021-03-07,519078.8623548428
75+,East_Midlands,385,0,0,2021-03-07,410895.56292034814
1-4,East_Midlands,386,0,0,2021-03-08,544604.2261578062
5-14,East_Midlands,386,0,0,2021-03-08,164885.1975151702
15-24,East_Midlands,386,0,0,2021-03-08,1185702.9715471738
25-44,East_Midlands,386,0,0,2021-03-08,1277009.2859038296
45-64,East_Midlands,386,0,0,2021-03-08,587008.9113449141
65-74,East_Midlands,386,0,0,2021-03-08,519078.8623548428
75+,East_Midlands,386,0,0,2021-03-08,410895.56292034814
1-4,East_Midlands,387,0,0,2021-03-09,544604.2261578062
5-14,East_Midlands,387,0,0,2021-03-09,164885.1975151702
15-24,East_Midlands,387,0,0,2021-03-09,1185702.9715471738
25-44,East_Midlands,387,0,0,2021-03-09,1277009.2859038296
45-64,East_Midlands,387,0,0,2021-03-09,587008.9113449141
65-74,East_Midlands,387,0,0,2021-03-09,519078.8623548428
75+,East_Midlands,387,0,0,2021-03-09,410895.56292034814
1-4,East_Midlands,388,0,0,2021-03-10,544604.2261578062
5-14,East_Midlands,388,0,0,2021-03-10,164885.1975151702
15-24,East_Midlands,388,0,0,2021-03-10,1185702.9715471738
25-44,East_Midlands,388,0,0,2021-03-10,1277009.2859038296
45-64,East_Midlands,388,0,0,2021-03-10,587008.9113449141
65-74,East_Midlands,388,0,0,2021-03-10,519078.8623548428
75+,East_Midlands,388,0,0,2021-03-10,410895.56292034814
1-4,East_Midlands,389,0,0,2021-03-11,544604.2261578062
5-14,East_Midlands,389,0,0,2021-03-11,164885.1975151702
15-24,East_Midlands,389,0,0,2021-03-11,1185702.9715471738
25-44,East_Midlands,389,0,0,2021-03-11,1277009.2859038296
45-64,East_Midlands,389,0,0,2021-03-11,587008.9113449141
65-74,East_Midlands,389,0,0,2021-03-11,519078.8623548428
75+,East_Midlands,389,0,0,2021-03-11,410895.56292034814
1-4,East_Midlands,390,0,0,2021-03-12,544604.2261578062
5-14,East_Midlands,390,0,0,2021-03-12,164885.1975151702
15-24,East_Midlands,390,0,0,2021-03-12,1185702.9715471738
25-44,East_Midlands,390,0,0,2021-03-12,1277009.2859038296
45-64,East_Midlands,390,0,0,2021-03-12,587008.9113449141
65-74,East_Midlands,390,0,0,2021-03-12,519078.8623548428
75+,East_Midlands,390,0,0,2021-03-12,410895.56292034814
1-4,East_Midlands,391,0,0,2021-03-13,544604.2261578062
5-14,East_Midlands,391,0,0,2021-03-13,164885.1975151702
15-24,East_Midlands,391,0,0,2021-03-13,1185702.9715471738
25-44,East_Midlands,391,0,0,2021-03-13,1277009.2859038296
45-64,East_Midlands,391,0,0,2021-03-13,587008.9113449141
65-74,East_Midlands,391,0,0,2021-03-13,519078.8623548428
75+,East_Midlands,391,0,0,2021-03-13,410895.56292034814
1-4,East_Midlands,392,0,0,2021-03-14,544604.2261578062
5-14,East_Midlands,392,0,0,2021-03-14,164885.1975151702
15-24,East_Midlands,392,0,0,2021-03-14,1185702.9715471738
25-44,East_Midlands,392,0,0,2021-03-14,1277009.2859038296
45-64,East_Midlands,392,0,0,2021-03-14,587008.9113449141
65-74,East_Midlands,392,0,0,2021-03-14,519078.8623548428
75+,East_Midlands,392,0,0,2021-03-14,410895.56292034814
1-4,East_Midlands,393,0,0,2021-03-15,544604.2261578062
5-14,East_Midlands,393,0,0,2021-03-15,164885.1975151702
15-24,East_Midlands,393,0,0,2021-03-15,1185702.9715471738
25-44,East_Midlands,393,0,0,2021-03-15,1277009.2859038296
45-64,East_Midlands,393,0,0,2021-03-15,587008.9113449141
65-74,East_Midlands,393,0,0,2021-03-15,519078.8623548428
75+,East_Midlands,393,0,0,2021-03-15,410895.56292034814
1-4,East_Midlands,394,0,0,2021-03-16,544604.2261578062
5-14,East_Midlands,394,0,0,2021-03-16,164885.1975151702
15-24,East_Midlands,394,0,0,2021-03-16,1185702.9715471738
25-44,East_Midlands,394,0,0,2021-03-16,1277009.2859038296
45-64,East_Midlands,394,0,0,2021-03-16,587008.9113449141
65-74,East_Midlands,394,0,0,2021-03-16,519078.8623548428
75+,East_Midlands,394,0,0,2021-03-16,410895.56292034814
1-4,East_Midlands,395,0,0,2021-03-17,544604.2261578062
5-14,East_Midlands,395,7.253972546886296,0.6956170403791163,2021-03-17,164885.1975151702
15-24,East_Midlands,395,9.05334027468306,0.4678629121800254,2021-03-17,1185702.9715471738
25-44,East_Midlands,395,8.529068381958593,0.4604736278363119,2021-03-17,1277009.2859038296
45-64,East_Midlands,395,7.884437465039843,0.5319454185009996,2021-03-17,587008.9113449141
65-74,East_Midlands,395,7.068632587975507,0.39037187078788194,2021-03-17,519078.8623548428
75+,East_Midlands,395,7.14035311292507,0.44165658333199465,2021-03-17,410895.56292034814
1-4,North_West,75,0,0,2020-05-01,409786.83166856377
5-14,North_West,75,0,0,2020-05-01,126012.98925118081
15-24,North_West,75,0,0,2020-05-01,907076.3523664868
25-44,North_West,75,0,0,2020-05-01,1052792.0028804548
45-64,North_West,75,0,0,2020-05-01,448078.4101480759
65-74,North_West,75,0,0,2020-05-01,442037.6500971675
75+,North_West,75,0,0,2020-05-01,357769.91320740373
1-4,North_West,76,0,0,2020-05-02,409786.83166856377
5-14,North_West,76,0,0,2020-05-02,126012.98925118081
15-24,North_West,76,0,0,2020-05-02,907076.3523664868
25-44,North_West,76,0,0,2020-05-02,1052792.0028804548
45-64,North_West,76,0,0,2020-05-02,448078.4101480759
65-74,North_West,76,0,0,2020-05-02,442037.6500971675
75+,North_West,76,0,0,2020-05-02,357769.91320740373
1-4,North_West,77,0,0,2020-05-03,409786.83166856377
5-14,North_West,77,0,0,2020-05-03,126012.98925118081
15-24,North_West,77,0,0,2020-05-03,907076.3523664868
25-44,North_West,77,0,0,2020-05-03,1052792.0028804548
45-64,North_West,77,0,0,2020-05-03,448078.4101480759
65-74,North_West,77,0,0,2020-05-03,442037.6500971675
75+,North_West,77,0,0,2020-05-03,357769.91320740373
1-4,North_West,78,0,0,2020-05-04,409786.83166856377
5-14,North_West,78,0,0,2020-05-04,126012.98925118081
15-24,North_West,78,0,0,2020-05-04,907076.3523664868
25-44,North_West,78,0,0,2020-05-04,1052792.0028804548
45-64,North_West,78,0,0,2020-05-04,448078.4101480759
65-74,North_West,78,0,0,2020-05-04,442037.6500971675
75+,North_West,78,0,0,2020-05-04,357769.91320740373
1-4,North_West,79,0,0,2020-05-05,409786.83166856377
5-14,North_West,79,0,0,2020-05-05,126012.98925118081
15-24,North_West,79,0,0,2020-05-05,907076.3523664868
25-44,North_West,79,0,0,2020-05-05,1052792.0028804548
45-64,North_West,79,0,0,2020-05-05,448078.4101480759
65-74,North_West,79,0,0,2020-05-05,442037.6500971675
75+,North_West,79,0,0,2020-05-05,357769.91320740373
1-4,North_West,80,0,0,2020-05-06,409786.83166856377
5-14,North_West,80,0,0,2020-05-06,126012.98925118081
15-24,North_West,80,0,0,2020-05-06,907076.3523664868
25-44,North_West,80,0,0,2020-05-06,1052792.0028804548
45-64,North_West,80,0,0,2020-05-06,448078.4101480759
65-74,North_West,80,0,0,2020-05-06,442037.6500971675
75+,North_West,80,0,0,2020-05-06,357769.91320740373
1-4,North_West,81,0,0,2020-05-07,409786.83166856377
5-14,North_West,81,0,0,2020-05-07,126012.98925118081
15-24,North_West,81,0,0,2020-05-07,907076.3523664868
25-44,North_West,81,0,0,2020-05-07,1052792.0028804548
45-64,North_West,81,0,0,2020-05-07,448078.4101480759
65-74,North_West,81,0,0,2020-05-07,442037.6500971675
75+,North_West,81,0,0,2020-05-07,357769.91320740373
1-4,North_West,82,0,0,2020-05-08,409786.83166856377
5-14,North_West,82,0,0,2020-05-08,126012.98925118081
15-24,North_West,82,0,0,2020-05-08,907076.3523664868
25-44,North_West,82,0,0,2020-05-08,1052792.0028804548
45-64,North_West,82,0,0,2020-05-08,448078.4101480759
65-74,North_West,82,0,0,2020-05-08,442037.6500971675
75+,North_West,82,0,0,2020-05-08,357769.91320740373
1-4,North_West,83,0,0,2020-05-09,409786.83166856377
5-14,North_West,83,0,0,2020-05-09,126012.98925118081
15-24,North_West,83,0,0,2020-05-09,907076.3523664868
25-44,North_West,83,0,0,2020-05-09,1052792.0028804548
45-64,North_West,83,0,0,2020-05-09,448078.4101480759
65-74,North_West,83,0,0,2020-05-09,442037.6500971675
75+,North_West,83,0,0,2020-05-09,357769.91320740373
1-4,North_West,84,0,0,2020-05-10,409786.83166856377
5-14,North_West,84,0,0,2020-05-10,126012.98925118081
15-24,North_West,84,0,0,2020-05-10,907076.3523664868
25-44,North_West,84,0,0,2020-05-10,1052792.0028804548
45-64,North_West,84,0,0,2020-05-10,448078.4101480759
65-74,North_West,84,0,0,2020-05-10,442037.6500971675
75+,North_West,84,0,0,2020-05-10,357769.91320740373
1-4,North_West,85,0,0,2020-05-11,409786.83166856377
5-14,North_West,85,0,0,2020-05-11,126012.98925118081
15-24,North_West,85,0,0,2020-05-11,907076.3523664868
25-44,North_West,85,0,0,2020-05-11,1052792.0028804548
45-64,North_West,85,0,0,2020-05-11,448078.4101480759
65-74,North_West,85,0,0,2020-05-11,442037.6500971675
75+,North_West,85,0,0,2020-05-11,357769.91320740373
1-4,North_West,86,0,0,2020-05-12,409786.83166856377
5-14,North_West,86,0,0,2020-05-12,126012.98925118081
15-24,North_West,86,0,0,2020-05-12,907076.3523664868
25-44,North_West,86,0,0,2020-05-12,1052792.0028804548
45-64,North_West,86,0,0,2020-05-12,448078.4101480759
65-74,North_West,86,0,0,2020-05-12,442037.6500971675
75+,North_West,86,0,0,2020-05-12,357769.91320740373
1-4,North_West,87,0,0,2020-05-13,409786.83166856377
5-14,North_West,87,7.7555165506734465,0.619841558396922,2020-05-13,126012.98925118081
15-24,North_West,87,8.972504174045536,0.4748366200877238,2020-05-13,907076.3523664868
25-44,North_West,87,8.384331095325573,0.5080362810808025,2020-05-13,1052792.0028804548
45-64,North_West,87,7.905475333762467,0.5380804521714232,2020-05-13,448078.4101480759
65-74,North_West,87,7.278085832246207,0.4164009225352093,2020-05-13,442037.6500971675
75+,North_West,87,8.504868722592908,0.4618916049380093,2020-05-13,357769.91320740373
1-4,North_West,88,0,0,2020-05-14,409786.83166856377
5-14,North_West,88,0,0,2020-05-14,126012.98925118081
15-24,North_West,88,0,0,2020-05-14,907076.3523664868
25-44,North_West,88,0,0,2020-05-14,1052792.0028804548
45-64,North_West,88,0,0,2020-05-14,448078.4101480759
65-74,North_West,88,0,0,2020-05-14,442037.6500971675
75+,North_West,88,0,0,2020-05-14,357769.91320740373
1-4,North_West,89,0,0,2020-05-15,409786.83166856377
5-14,North_West,89,0,0,2020-05-15,126012.98925118081
15-24,North_West,89,0,0,2020-05-15,907076.3523664868
25-44,North_West,89,0,0,2020-05-15,1052792.0028804548
45-64,North_West,89,0,0,2020-05-15,448078.4101480759
65-74,North_West,89,0,0,2020-05-15,442037.6500971675
75+,North_West,89,0,0,2020-05-15,357769.91320740373
1-4,North_West,90,0,0,2020-05-16,409786.83166856377
5-14,North_West,90,0,0,2020-05-16,126012.98925118081
15-24,North_West,90,0,0,2020-05-16,907076.3523664868
25-44,North_West,90,0,0,2020-05-16,1052792.0028804548
45-64,North_West,90,0,0,2020-05-16,448078.4101480759
65-74,North_West,90,0,0,2020-05-16,442037.6500971675
75+,North_West,90,0,0,2020-05-16,357769.91320740373
1-4,North_West,91,0,0,2020-05-17,409786.83166856377
5-14,North_West,91,0,0,2020-05-17,126012.98925118081
15-24,North_West,91,0,0,2020-05-17,907076.3523664868
25-44,North_West,91,0,0,2020-05-17,1052792.0028804548
45-64,North_West,91,0,0,2020-05-17,448078.4101480759
65-74,North_West,91,0,0,2020-05-17,442037.6500971675
75+,North_West,91,0,0,2020-05-17,357769.91320740373
1-4,North_West,92,0,0,2020-05-18,409786.83166856377
5-14,North_West,92,0,0,2020-05-18,126012.98925118081
15-24,North_West,92,0,0,2020-05-18,907076.3523664868
25-44,North_West,92,0,0,2020-05-18,1052792.0028804548
45-64,North_West,92,0,0,2020-05-18,448078.4101480759
65-74,North_West,92,0,0,2020-05-18,442037.6500971675
75+,North_West,92,0,0,2020-05-18,357769.91320740373
1-4,North_West,93,0,0,2020-05-19,409786.83166856377
5-14,North_West,93,0,0,2020-05-19,126012.98925118081
15-24,North_West,93,0,0,2020-05-19,907076.3523664868
25-44,North_West,93,0,0,2020-05-19,1052792.0028804548
45-64,North_West,93,0,0,2020-05-19,448078.4101480759
65-74,North_West,93,0,0,2020-05-19,442037.6500971675
75+,North_West,93,0,0,2020-05-19,357769.91320740373
1-4,North_West,94,0,0,2020-05-20,409786.83166856377
5-14,North_West,94,0,0,2020-05-20,126012.98925118081
15-24,North_West,94,0,0,2020-05-20,907076.3523664868
25-44,North_West,94,0,0,2020-05-20,1052792.0028804548
45-64,North_West,94,0,0,2020-05-20,448078.4101480759
65-74,North_West,94,0,0,2020-05-20,442037.6500971675
75+,North_West,94,0,0,2020-05-20,357769.91320740373
1-4,North_West,95,0,0,2020-05-21,409786.83166856377
5-14,North_West,95,0,0,2020-05-21,126012.98925118081
15-24,North_West,95,0,0,2020-05-21,907076.3523664868
25-44,North_West,95,0,0,2020-05-21,1052792.0028804548
45-64,North_West,95,0,0,2020-05-21,448078.4101480759
65-74,North_West,95,0,0,2020-05-21,442037.6500971675
75+,North_West,95,0,0,2020-05-21,357769.91320740373
1-4,North_West,96,0,0,2020-05-22,409786.83166856377
5-14,North_West,96,0,0,2020-05-22,126012.98925118081
15-24,North_West,96,0,0,2020-05-22,907076.3523664868
25-44,North_West,96,0,0,2020-05-22,1052792.0028804548
45-64,North_West,96,0,0,2020-05-22,448078.4101480759
65-74,North_West,96,0,0,2020-05-22,442037.6500971675
75+,North_West,96,0,0,2020-05-22,357769.91320740373
1-4,North_West,97,0,0,2020-05-23,409786.83166856377
5-14,North_West,97,0,0,2020-05-23,126012.98925118081
15-24,North_West,97,0,0,2020-05-23,907076.3523664868
25-44,North_West,97,0,0,2020-05-23,1052792.0028804548
45-64,North_West,97,0,0,2020-05-23,448078.4101480759
65-74,North_West,97,0,0,2020-05-23,442037.6500971675
75+,North_West,97,0,0,2020-05-23,357769.91320740373
1-4,North_West,98,0,0,2020-05-24,409786.83166856377
5-14,North_West,98,0,0,2020-05-24,126012.98925118081
15-24,North_West,98,0,0,2020-05-24,907076.3523664868
25-44,North_West,98,0,0,2020-05-24,1052792.0028804548
45-64,North_West,98,0,0,2020-05-24,448078.4101480759
65-74,North_West,98,0,0,2020-05-24,442037.6500971675
75+,North_West,98,0,0,2020-05-24,357769.91320740373
1-4,North_West,99,0,0,2020-05-25,409786.83166856377
5-14,North_West,99,0,0,2020-05-25,126012.98925118081
15-24,North_West,99,0,0,2020-05-25,907076.3523664868
25-44,North_West,99,0,0,2020-05-25,1052792.0028804548
45-64,North_West,99,0,0,2020-05-25,448078.4101480759
65-74,North_West,99,0,0,2020-05-25,442037.6500971675
75+,North_West,99,0,0,2020-05-25,357769.91320740373
1-4,North_West,100,0,0,2020-05-26,409786.83166856377
5-14,North_West,100,0,0,2020-05-26,126012.98925118081
15-24,North_West,100,0,0,2020-05-26,907076.3523664868
25-44,North_West,100,0,0,2020-05-26,1052792.0028804548
45-64,North_West,100,0,0,2020-05-26,448078.4101480759
65-74,North_West,100,0,0,2020-05-26,442037.6500971675
75+,North_West,100,0,0,2020-05-26,357769.91320740373
1-4,North_West,101,0,0,2020-05-27,409786.83166856377
5-14,North_West,101,7.60494737530398,0.5103356329381756,2020-05-27,126012.98925118081
15-24,North_West,101,8.769341770213696,0.4482280731599535,2020-05-27,907076.3523664868
25-44,North_West,101,8.042536711267871,0.46999188397710534,2020-05-27,1052792.0028804548
45-64,North_West,101,7.627136355471422,0.47174893257125355,2020-05-27,448078.4101480759
65-74,North_West,101,7.2723686488537105,0.32721064199110345,2020-05-27,442037.6500971675
75+,North_West,101,8.252706363448397,0.36368653701087955,2020-05-27,357769.91320740373
1-4,North_West,102,0,0,2020-05-28,409786.83166856377
5-14,North_West,102,0,0,2020-05-28,126012.98925118081
15-24,North_West,102,0,0,2020-05-28,907076.3523664868
25-44,North_West,102,0,0,2020-05-28,1052792.0028804548
45-64,North_West,102,0,0,2020-05-28,448078.4101480759
65-74,North_West,102,0,0,2020-05-28,442037.6500971675
75+,North_West,102,0,0,2020-05-28,357769.91320740373
1-4,North_West,103,0,0,2020-05-29,409786.83166856377
5-14,North_West,103,0,0,2020-05-29,126012.98925118081
15-24,North_West,103,0,0,2020-05-29,907076.3523664868
25-44,North_West,103,0,0,2020-05-29,1052792.0028804548
45-64,North_West,103,0,0,2020-05-29,448078.4101480759
65-74,North_West,103,0,0,2020-05-29,442037.6500971675
75+,North_West,103,0,0,2020-05-29,357769.91320740373
1-4,North_West,104,0,0,2020-05-30,409786.83166856377
5-14,North_West,104,0,0,2020-05-30,126012.98925118081
15-24,North_West,104,0,0,2020-05-30,907076.3523664868
25-44,North_West,104,0,0,2020-05-30,1052792.0028804548
45-64,North_West,104,0,0,2020-05-30,448078.4101480759
65-74,North_West,104,0,0,2020-05-30,442037.6500971675
75+,North_West,104,0,0,2020-05-30,357769.91320740373
1-4,North_West,105,0,0,2020-05-31,409786.83166856377
5-14,North_West,105,0,0,2020-05-31,126012.98925118081
15-24,North_West,105,0,0,2020-05-31,907076.3523664868
25-44,North_West,105,0,0,2020-05-31,1052792.0028804548
45-64,North_West,105,0,0,2020-05-31,448078.4101480759
65-74,North_West,105,0,0,2020-05-31,442037.6500971675
75+,North_West,105,0,0,2020-05-31,357769.91320740373
1-4,North_West,106,0,0,2020-06-01,409786.83166856377
5-14,North_West,106,0,0,2020-06-01,126012.98925118081
15-24,North_West,106,0,0,2020-06-01,907076.3523664868
25-44,North_West,106,0,0,2020-06-01,1052792.0028804548
45-64,North_West,106,0,0,2020-06-01,448078.4101480759
65-74,North_West,106,0,0,2020-06-01,442037.6500971675
75+,North_West,106,0,0,2020-06-01,357769.91320740373
1-4,North_West,107,0,0,2020-06-02,409786.83166856377
5-14,North_West,107,0,0,2020-06-02,126012.98925118081
15-24,North_West,107,0,0,2020-06-02,907076.3523664868
25-44,North_West,107,0,0,2020-06-02,1052792.0028804548
45-64,North_West,107,0,0,2020-06-02,448078.4101480759
65-74,North_West,107,0,0,2020-06-02,442037.6500971675
75+,North_West,107,0,0,2020-06-02,357769.91320740373
1-4,North_West,108,0,0,2020-06-03,409786.83166856377
5-14,North_West,108,0,0,2020-06-03,126012.98925118081
15-24,North_West,108,0,0,2020-06-03,907076.3523664868
25-44,North_West,108,0,0,2020-06-03,1052792.0028804548
45-64,North_West,108,0,0,2020-06-03,448078.4101480759
65-74,North_West,108,0,0,2020-06-03,442037.6500971675
75+,North_West,108,0,0,2020-06-03,357769.91320740373
1-4,North_West,109,0,0,2020-06-04,409786.83166856377
5-14,North_West,109,0,0,2020-06-04,126012.98925118081
15-24,North_West,109,0,0,2020-06-04,907076.3523664868
25-44,North_West,109,0,0,2020-06-04,1052792.0028804548
45-64,North_West,109,0,0,2020-06-04,448078.4101480759
65-74,North_West,109,0,0,2020-06-04,442037.6500971675
75+,North_West,109,0,0,2020-06-04,357769.91320740373
1-4,North_West,110,0,0,2020-06-05,409786.83166856377
5-14,North_West,110,0,0,2020-06-05,126012.98925118081
15-24,North_West,110,0,0,2020-06-05,907076.3523664868
25-44,North_West,110,0,0,2020-06-05,1052792.0028804548
45-64,North_West,110,0,0,2020-06-05,448078.4101480759
65-74,North_West,110,0,0,2020-06-05,442037.6500971675
75+,North_West,110,0,0,2020-06-05,357769.91320740373
1-4,North_West,111,0,0,2020-06-06,409786.83166856377
5-14,North_West,111,0,0,2020-06-06,126012.98925118081
15-24,North_West,111,0,0,2020-06-06,907076.3523664868
25-44,North_West,111,0,0,2020-06-06,1052792.0028804548
45-64,North_West,111,0,0,2020-06-06,448078.4101480759
65-74,North_West,111,0,0,2020-06-06,442037.6500971675
75+,North_West,111,0,0,2020-06-06,357769.91320740373
1-4,North_West,112,0,0,2020-06-07,409786.83166856377
5-14,North_West,112,0,0,2020-06-07,126012.98925118081
15-24,North_West,112,0,0,2020-06-07,907076.3523664868
25-44,North_West,112,0,0,2020-06-07,1052792.0028804548
45-64,North_West,112,0,0,2020-06-07,448078.4101480759
65-74,North_West,112,0,0,2020-06-07,442037.6500971675
75+,North_West,112,0,0,2020-06-07,357769.91320740373
1-4,North_West,113,0,0,2020-06-08,409786.83166856377
5-14,North_West,113,0,0,2020-06-08,126012.98925118081
15-24,North_West,113,0,0,2020-06-08,907076.3523664868
25-44,North_West,113,0,0,2020-06-08,1052792.0028804548
45-64,North_West,113,0,0,2020-06-08,448078.4101480759
65-74,North_West,113,0,0,2020-06-08,442037.6500971675
75+,North_West,113,0,0,2020-06-08,357769.91320740373
1-4,North_West,114,0,0,2020-06-09,409786.83166856377
5-14,North_West,114,0,0,2020-06-09,126012.98925118081
15-24,North_West,114,0,0,2020-06-09,907076.3523664868
25-44,North_West,114,0,0,2020-06-09,1052792.0028804548
45-64,North_West,114,0,0,2020-06-09,448078.4101480759
65-74,North_West,114,0,0,2020-06-09,442037.6500971675
75+,North_West,114,0,0,2020-06-09,357769.91320740373
1-4,North_West,115,0,0,2020-06-10,409786.83166856377
5-14,North_West,115,7.301437655876054,0.5089068010765937,2020-06-10,126012.98925118081
15-24,North_West,115,8.27664986101861,0.4660624896716475,2020-06-10,907076.3523664868
25-44,North_West,115,7.680362540223475,0.47936492369412215,2020-06-10,1052792.0028804548
45-64,North_West,115,7.215935741663333,0.48601393014871086,2020-06-10,448078.4101480759
65-74,North_West,115,7.12766267254853,0.3228563148058559,2020-06-10,442037.6500971675
75+,North_West,115,7.855272178856998,0.3471464476406963,2020-06-10,357769.91320740373
1-4,North_West,116,0,0,2020-06-11,409786.83166856377
5-14,North_West,116,0,0,2020-06-11,126012.98925118081
15-24,North_West,116,0,0,2020-06-11,907076.3523664868
25-44,North_West,116,0,0,2020-06-11,1052792.0028804548
45-64,North_West,116,0,0,2020-06-11,448078.4101480759
65-74,North_West,116,0,0,2020-06-11,442037.6500971675
75+,North_West,116,0,0,2020-06-11,357769.91320740373
1-4,North_West,117,0,0,2020-06-12,409786.83166856377
5-14,North_West,117,0,0,2020-06-12,126012.98925118081
15-24,North_West,117,0,0,2020-06-12,907076.3523664868
25-44,North_West,117,0,0,2020-06-12,1052792.0028804548
45-64,North_West,117,0,0,2020-06-12,448078.4101480759
65-74,North_West,117,0,0,2020-06-12,442037.6500971675
75+,North_West,117,0,0,2020-06-12,357769.91320740373
1-4,North_West,118,0,0,2020-06-13,409786.83166856377
5-14,North_West,118,0,0,2020-06-13,126012.98925118081
15-24,North_West,118,0,0,2020-06-13,907076.3523664868
25-44,North_West,118,0,0,2020-06-13,1052792.0028804548
45-64,North_West,118,0,0,2020-06-13,448078.4101480759
65-74,North_West,118,0,0,2020-06-13,442037.6500971675
75+,North_West,118,0,0,2020-06-13,357769.91320740373
1-4,North_West,119,0,0,2020-06-14,409786.83166856377
5-14,North_West,119,0,0,2020-06-14,126012.98925118081
15-24,North_West,119,0,0,2020-06-14,907076.3523664868
25-44,North_West,119,0,0,2020-06-14,1052792.0028804548
45-64,North_West,119,0,0,2020-06-14,448078.4101480759
65-74,North_West,119,0,0,2020-06-14,442037.6500971675
75+,North_West,119,0,0,2020-06-14,357769.91320740373
1-4,North_West,120,0,0,2020-06-15,409786.83166856377
5-14,North_West,120,0,0,2020-06-15,126012.98925118081
15-24,North_West,120,0,0,2020-06-15,907076.3523664868
25-44,North_West,120,0,0,2020-06-15,1052792.0028804548
45-64,North_West,120,0,0,2020-06-15,448078.4101480759
65-74,North_West,120,0,0,2020-06-15,442037.6500971675
75+,North_West,120,0,0,2020-06-15,357769.91320740373
1-4,North_West,121,0,0,2020-06-16,409786.83166856377
5-14,North_West,121,0,0,2020-06-16,126012.98925118081
15-24,North_West,121,0,0,2020-06-16,907076.3523664868
25-44,North_West,121,0,0,2020-06-16,1052792.0028804548
45-64,North_West,121,0,0,2020-06-16,448078.4101480759
65-74,North_West,121,0,0,2020-06-16,442037.6500971675
75+,North_West,121,0,0,2020-06-16,357769.91320740373
1-4,North_West,122,0,0,2020-06-17,409786.83166856377
5-14,North_West,122,0,0,2020-06-17,126012.98925118081
15-24,North_West,122,0,0,2020-06-17,907076.3523664868
25-44,North_West,122,0,0,2020-06-17,1052792.0028804548
45-64,North_West,122,0,0,2020-06-17,448078.4101480759
65-74,North_West,122,0,0,2020-06-17,442037.6500971675
75+,North_West,122,0,0,2020-06-17,357769.91320740373
1-4,North_West,123,0,0,2020-06-18,409786.83166856377
5-14,North_West,123,0,0,2020-06-18,126012.98925118081
15-24,North_West,123,0,0,2020-06-18,907076.3523664868
25-44,North_West,123,0,0,2020-06-18,1052792.0028804548
45-64,North_West,123,0,0,2020-06-18,448078.4101480759
65-74,North_West,123,0,0,2020-06-18,442037.6500971675
75+,North_West,123,0,0,2020-06-18,357769.91320740373
1-4,North_West,124,0,0,2020-06-19,409786.83166856377
5-14,North_West,124,0,0,2020-06-19,126012.98925118081
15-24,North_West,124,0,0,2020-06-19,907076.3523664868
25-44,North_West,124,0,0,2020-06-19,1052792.0028804548
45-64,North_West,124,0,0,2020-06-19,448078.4101480759
65-74,North_West,124,0,0,2020-06-19,442037.6500971675
75+,North_West,124,0,0,2020-06-19,357769.91320740373
1-4,North_West,125,0,0,2020-06-20,409786.83166856377
5-14,North_West,125,0,0,2020-06-20,126012.98925118081
15-24,North_West,125,0,0,2020-06-20,907076.3523664868
25-44,North_West,125,0,0,2020-06-20,1052792.0028804548
45-64,North_West,125,0,0,2020-06-20,448078.4101480759
65-74,North_West,125,0,0,2020-06-20,442037.6500971675
75+,North_West,125,0,0,2020-06-20,357769.91320740373
1-4,North_West,126,0,0,2020-06-21,409786.83166856377
5-14,North_West,126,0,0,2020-06-21,126012.98925118081
15-24,North_West,126,0,0,2020-06-21,907076.3523664868
25-44,North_West,126,0,0,2020-06-21,1052792.0028804548
45-64,North_West,126,0,0,2020-06-21,448078.4101480759
65-74,North_West,126,0,0,2020-06-21,442037.6500971675
75+,North_West,126,0,0,2020-06-21,357769.91320740373
1-4,North_West,127,0,0,2020-06-22,409786.83166856377
5-14,North_West,127,0,0,2020-06-22,126012.98925118081
15-24,North_West,127,0,0,2020-06-22,907076.3523664868
25-44,North_West,127,0,0,2020-06-22,1052792.0028804548
45-64,North_West,127,0,0,2020-06-22,448078.4101480759
65-74,North_West,127,0,0,2020-06-22,442037.6500971675
75+,North_West,127,0,0,2020-06-22,357769.91320740373
1-4,North_West,128,0,0,2020-06-23,409786.83166856377
5-14,North_West,128,0,0,2020-06-23,126012.98925118081
15-24,North_West,128,0,0,2020-06-23,907076.3523664868
25-44,North_West,128,0,0,2020-06-23,1052792.0028804548
45-64,North_West,128,0,0,2020-06-23,448078.4101480759
65-74,North_West,128,0,0,2020-06-23,442037.6500971675
75+,North_West,128,0,0,2020-06-23,357769.91320740373
1-4,North_West,129,0,0,2020-06-24,409786.83166856377
5-14,North_West,129,7.1072090349114045,0.5252929548451997,2020-06-24,126012.98925118081
15-24,North_West,129,7.948629854606591,0.47644832892552974,2020-06-24,907076.3523664868
25-44,North_West,129,7.557375102112597,0.4877146758042146,2020-06-24,1052792.0028804548
45-64,North_West,129,6.985510230132416,0.4964004361768237,2020-06-24,448078.4101480759
65-74,North_West,129,6.9958543013798975,0.32863350219449555,2020-06-24,442037.6500971675
75+,North_West,129,7.493698975649868,0.3452207465729389,2020-06-24,357769.91320740373
1-4,North_West,130,0,0,2020-06-25,409786.83166856377
5-14,North_West,130,0,0,2020-06-25,126012.98925118081
15-24,North_West,130,0,0,2020-06-25,907076.3523664868
25-44,North_West,130,0,0,2020-06-25,1052792.0028804548
45-64,North_West,130,0,0,2020-06-25,448078.4101480759
65-74,North_West,130,0,0,2020-06-25,442037.6500971675
75+,North_West,130,0,0,2020-06-25,357769.91320740373
1-4,North_West,131,0,0,2020-06-26,409786.83166856377
5-14,North_West,131,0,0,2020-06-26,126012.98925118081
15-24,North_West,131,0,0,2020-06-26,907076.3523664868
25-44,North_West,131,0,0,2020-06-26,1052792.0028804548
45-64,North_West,131,0,0,2020-06-26,448078.4101480759
65-74,North_West,131,0,0,2020-06-26,442037.6500971675
75+,North_West,131,0,0,2020-06-26,357769.91320740373
1-4,North_West,132,0,0,2020-06-27,409786.83166856377
5-14,North_West,132,0,0,2020-06-27,126012.98925118081
15-24,North_West,132,0,0,2020-06-27,907076.3523664868
25-44,North_West,132,0,0,2020-06-27,1052792.0028804548
45-64,North_West,132,0,0,2020-06-27,448078.4101480759
65-74,North_West,132,0,0,2020-06-27,442037.6500971675
75+,North_West,132,0,0,2020-06-27,357769.91320740373
1-4,North_West,133,0,0,2020-06-28,409786.83166856377
5-14,North_West,133,0,0,2020-06-28,126012.98925118081
15-24,North_West,133,0,0,2020-06-28,907076.3523664868
25-44,North_West,133,0,0,2020-06-28,1052792.0028804548
45-64,North_West,133,0,0,2020-06-28,448078.4101480759
65-74,North_West,133,0,0,2020-06-28,442037.6500971675
75+,North_West,133,0,0,2020-06-28,357769.91320740373
1-4,North_West,134,0,0,2020-06-29,409786.83166856377
5-14,North_West,134,0,0,2020-06-29,126012.98925118081
15-24,North_West,134,0,0,2020-06-29,907076.3523664868
25-44,North_West,134,0,0,2020-06-29,1052792.0028804548
45-64,North_West,134,0,0,2020-06-29,448078.4101480759
65-74,North_West,134,0,0,2020-06-29,442037.6500971675
75+,North_West,134,0,0,2020-06-29,357769.91320740373
1-4,North_West,135,0,0,2020-06-30,409786.83166856377
5-14,North_West,135,0,0,2020-06-30,126012.98925118081
15-24,North_West,135,0,0,2020-06-30,907076.3523664868
25-44,North_West,135,0,0,2020-06-30,1052792.0028804548
45-64,North_West,135,0,0,2020-06-30,448078.4101480759
65-74,North_West,135,0,0,2020-06-30,442037.6500971675
75+,North_West,135,0,0,2020-06-30,357769.91320740373
1-4,North_West,136,0,0,2020-07-01,409786.83166856377
5-14,North_West,136,0,0,2020-07-01,126012.98925118081
15-24,North_West,136,0,0,2020-07-01,907076.3523664868
25-44,North_West,136,0,0,2020-07-01,1052792.0028804548
45-64,North_West,136,0,0,2020-07-01,448078.4101480759
65-74,North_West,136,0,0,2020-07-01,442037.6500971675
75+,North_West,136,0,0,2020-07-01,357769.91320740373
1-4,North_West,137,0,0,2020-07-02,409786.83166856377
5-14,North_West,137,0,0,2020-07-02,126012.98925118081
15-24,North_West,137,0,0,2020-07-02,907076.3523664868
25-44,North_West,137,0,0,2020-07-02,1052792.0028804548
45-64,North_West,137,0,0,2020-07-02,448078.4101480759
65-74,North_West,137,0,0,2020-07-02,442037.6500971675
75+,North_West,137,0,0,2020-07-02,357769.91320740373
1-4,North_West,138,0,0,2020-07-03,409786.83166856377
5-14,North_West,138,0,0,2020-07-03,126012.98925118081
15-24,North_West,138,0,0,2020-07-03,907076.3523664868
25-44,North_West,138,0,0,2020-07-03,1052792.0028804548
45-64,North_West,138,0,0,2020-07-03,448078.4101480759
65-74,North_West,138,0,0,2020-07-03,442037.6500971675
75+,North_West,138,0,0,2020-07-03,357769.91320740373
1-4,North_West,139,0,0,2020-07-04,409786.83166856377
5-14,North_West,139,0,0,2020-07-04,126012.98925118081
15-24,North_West,139,0,0,2020-07-04,907076.3523664868
25-44,North_West,139,0,0,2020-07-04,1052792.0028804548
45-64,North_West,139,0,0,2020-07-04,448078.4101480759
65-74,North_West,139,0,0,2020-07-04,442037.6500971675
75+,North_West,139,0,0,2020-07-04,357769.91320740373
1-4,North_West,140,0,0,2020-07-05,409786.83166856377
5-14,North_West,140,0,0,2020-07-05,126012.98925118081
15-24,North_West,140,0,0,2020-07-05,907076.3523664868
25-44,North_West,140,0,0,2020-07-05,1052792.0028804548
45-64,North_West,140,0,0,2020-07-05,448078.4101480759
65-74,North_West,140,0,0,2020-07-05,442037.6500971675
75+,North_West,140,0,0,2020-07-05,357769.91320740373
1-4,North_West,141,0,0,2020-07-06,409786.83166856377
5-14,North_West,141,0,0,2020-07-06,126012.98925118081
15-24,North_West,141,0,0,2020-07-06,907076.3523664868
25-44,North_West,141,0,0,2020-07-06,1052792.0028804548
45-64,North_West,141,0,0,2020-07-06,448078.4101480759
65-74,North_West,141,0,0,2020-07-06,442037.6500971675
75+,North_West,141,0,0,2020-07-06,357769.91320740373
1-4,North_West,142,0,0,2020-07-07,409786.83166856377
5-14,North_West,142,0,0,2020-07-07,126012.98925118081
15-24,North_West,142,0,0,2020-07-07,907076.3523664868
25-44,North_West,142,0,0,2020-07-07,1052792.0028804548
45-64,North_West,142,0,0,2020-07-07,448078.4101480759
65-74,North_West,142,0,0,2020-07-07,442037.6500971675
75+,North_West,142,0,0,2020-07-07,357769.91320740373
1-4,North_West,143,0,0,2020-07-08,409786.83166856377
5-14,North_West,143,7.004668042644733,0.5219621339859545,2020-07-08,126012.98925118081
15-24,North_West,143,7.831564743654773,0.4755380419705205,2020-07-08,907076.3523664868
25-44,North_West,143,7.596678462360937,0.47924824324210097,2020-07-08,1052792.0028804548
45-64,North_West,143,6.92461550603649,0.49102868301953784,2020-07-08,448078.4101480759
65-74,North_West,143,6.88786249387565,0.32080325653429953,2020-07-08,442037.6500971675
75+,North_West,143,7.250714582601751,0.34180284557888435,2020-07-08,357769.91320740373
1-4,North_West,144,0,0,2020-07-09,409786.83166856377
5-14,North_West,144,0,0,2020-07-09,126012.98925118081
15-24,North_West,144,0,0,2020-07-09,907076.3523664868
25-44,North_West,144,0,0,2020-07-09,1052792.0028804548
45-64,North_West,144,0,0,2020-07-09,448078.4101480759
65-74,North_West,144,0,0,2020-07-09,442037.6500971675
75+,North_West,144,0,0,2020-07-09,357769.91320740373
1-4,North_West,145,0,0,2020-07-10,409786.83166856377
5-14,North_West,145,0,0,2020-07-10,126012.98925118081
15-24,North_West,145,0,0,2020-07-10,907076.3523664868
25-44,North_West,145,0,0,2020-07-10,1052792.0028804548
45-64,North_West,145,0,0,2020-07-10,448078.4101480759
65-74,North_West,145,0,0,2020-07-10,442037.6500971675
75+,North_West,145,0,0,2020-07-10,357769.91320740373
1-4,North_West,146,0,0,2020-07-11,409786.83166856377
5-14,North_West,146,0,0,2020-07-11,126012.98925118081
15-24,North_West,146,0,0,2020-07-11,907076.3523664868
25-44,North_West,146,0,0,2020-07-11,1052792.0028804548
45-64,North_West,146,0,0,2020-07-11,448078.4101480759
65-74,North_West,146,0,0,2020-07-11,442037.6500971675
75+,North_West,146,0,0,2020-07-11,357769.91320740373
1-4,North_West,147,0,0,2020-07-12,409786.83166856377
5-14,North_West,147,0,0,2020-07-12,126012.98925118081
15-24,North_West,147,0,0,2020-07-12,907076.3523664868
25-44,North_West,147,0,0,2020-07-12,1052792.0028804548
45-64,North_West,147,0,0,2020-07-12,448078.4101480759
65-74,North_West,147,0,0,2020-07-12,442037.6500971675
75+,North_West,147,0,0,2020-07-12,357769.91320740373
1-4,North_West,148,0,0,2020-07-13,409786.83166856377
5-14,North_West,148,0,0,2020-07-13,126012.98925118081
15-24,North_West,148,0,0,2020-07-13,907076.3523664868
25-44,North_West,148,0,0,2020-07-13,1052792.0028804548
45-64,North_West,148,0,0,2020-07-13,448078.4101480759
65-74,North_West,148,0,0,2020-07-13,442037.6500971675
75+,North_West,148,0,0,2020-07-13,357769.91320740373
1-4,North_West,149,0,0,2020-07-14,409786.83166856377
5-14,North_West,149,0,0,2020-07-14,126012.98925118081
15-24,North_West,149,0,0,2020-07-14,907076.3523664868
25-44,North_West,149,0,0,2020-07-14,1052792.0028804548
45-64,North_West,149,0,0,2020-07-14,448078.4101480759
65-74,North_West,149,0,0,2020-07-14,442037.6500971675
75+,North_West,149,0,0,2020-07-14,357769.91320740373
1-4,North_West,150,0,0,2020-07-15,409786.83166856377
5-14,North_West,150,0,0,2020-07-15,126012.98925118081
15-24,North_West,150,0,0,2020-07-15,907076.3523664868
25-44,North_West,150,0,0,2020-07-15,1052792.0028804548
45-64,North_West,150,0,0,2020-07-15,448078.4101480759
65-74,North_West,150,0,0,2020-07-15,442037.6500971675
75+,North_West,150,0,0,2020-07-15,357769.91320740373
1-4,North_West,151,0,0,2020-07-16,409786.83166856377
5-14,North_West,151,0,0,2020-07-16,126012.98925118081
15-24,North_West,151,0,0,2020-07-16,907076.3523664868
25-44,North_West,151,0,0,2020-07-16,1052792.0028804548
45-64,North_West,151,0,0,2020-07-16,448078.4101480759
65-74,North_West,151,0,0,2020-07-16,442037.6500971675
75+,North_West,151,0,0,2020-07-16,357769.91320740373
1-4,North_West,152,0,0,2020-07-17,409786.83166856377
5-14,North_West,152,0,0,2020-07-17,126012.98925118081
15-24,North_West,152,0,0,2020-07-17,907076.3523664868
25-44,North_West,152,0,0,2020-07-17,1052792.0028804548
45-64,North_West,152,0,0,2020-07-17,448078.4101480759
65-74,North_West,152,0,0,2020-07-17,442037.6500971675
75+,North_West,152,0,0,2020-07-17,357769.91320740373
1-4,North_West,153,0,0,2020-07-18,409786.83166856377
5-14,North_West,153,0,0,2020-07-18,126012.98925118081
15-24,North_West,153,0,0,2020-07-18,907076.3523664868
25-44,North_West,153,0,0,2020-07-18,1052792.0028804548
45-64,North_West,153,0,0,2020-07-18,448078.4101480759
65-74,North_West,153,0,0,2020-07-18,442037.6500971675
75+,North_West,153,0,0,2020-07-18,357769.91320740373
1-4,North_West,154,0,0,2020-07-19,409786.83166856377
5-14,North_West,154,0,0,2020-07-19,126012.98925118081
15-24,North_West,154,0,0,2020-07-19,907076.3523664868
25-44,North_West,154,0,0,2020-07-19,1052792.0028804548
45-64,North_West,154,0,0,2020-07-19,448078.4101480759
65-74,North_West,154,0,0,2020-07-19,442037.6500971675
75+,North_West,154,0,0,2020-07-19,357769.91320740373
1-4,North_West,155,0,0,2020-07-20,409786.83166856377
5-14,North_West,155,0,0,2020-07-20,126012.98925118081
15-24,North_West,155,0,0,2020-07-20,907076.3523664868
25-44,North_West,155,0,0,2020-07-20,1052792.0028804548
45-64,North_West,155,0,0,2020-07-20,448078.4101480759
65-74,North_West,155,0,0,2020-07-20,442037.6500971675
75+,North_West,155,0,0,2020-07-20,357769.91320740373
1-4,North_West,156,0,0,2020-07-21,409786.83166856377
5-14,North_West,156,0,0,2020-07-21,126012.98925118081
15-24,North_West,156,0,0,2020-07-21,907076.3523664868
25-44,North_West,156,0,0,2020-07-21,1052792.0028804548
45-64,North_West,156,0,0,2020-07-21,448078.4101480759
65-74,North_West,156,0,0,2020-07-21,442037.6500971675
75+,North_West,156,0,0,2020-07-21,357769.91320740373
1-4,North_West,157,0,0,2020-07-22,409786.83166856377
5-14,North_West,157,7.000734410323295,0.5224843155998815,2020-07-22,126012.98925118081
15-24,North_West,157,7.922939261700964,0.47774229988505235,2020-07-22,907076.3523664868
25-44,North_West,157,7.721661455980231,0.47375054234603986,2020-07-22,1052792.0028804548
45-64,North_West,157,7.070837618760154,0.4901704846717286,2020-07-22,448078.4101480759
65-74,North_West,157,6.9132342785699725,0.3219892170001573,2020-07-22,442037.6500971675
75+,North_West,157,7.21590279194456,0.34842844560796904,2020-07-22,357769.91320740373
1-4,North_West,158,0,0,2020-07-23,409786.83166856377
5-14,North_West,158,0,0,2020-07-23,126012.98925118081
15-24,North_West,158,0,0,2020-07-23,907076.3523664868
25-44,North_West,158,0,0,2020-07-23,1052792.0028804548
45-64,North_West,158,0,0,2020-07-23,448078.4101480759
65-74,North_West,158,0,0,2020-07-23,442037.6500971675
75+,North_West,158,0,0,2020-07-23,357769.91320740373
1-4,North_West,159,0,0,2020-07-24,409786.83166856377
5-14,North_West,159,0,0,2020-07-24,126012.98925118081
15-24,North_West,159,0,0,2020-07-24,907076.3523664868
25-44,North_West,159,0,0,2020-07-24,1052792.0028804548
45-64,North_West,159,0,0,2020-07-24,448078.4101480759
65-74,North_West,159,0,0,2020-07-24,442037.6500971675
75+,North_West,159,0,0,2020-07-24,357769.91320740373
1-4,North_West,160,0,0,2020-07-25,409786.83166856377
5-14,North_West,160,0,0,2020-07-25,126012.98925118081
15-24,North_West,160,0,0,2020-07-25,907076.3523664868
25-44,North_West,160,0,0,2020-07-25,1052792.0028804548
45-64,North_West,160,0,0,2020-07-25,448078.4101480759
65-74,North_West,160,0,0,2020-07-25,442037.6500971675
75+,North_West,160,0,0,2020-07-25,357769.91320740373
1-4,North_West,161,0,0,2020-07-26,409786.83166856377
5-14,North_West,161,0,0,2020-07-26,126012.98925118081
15-24,North_West,161,0,0,2020-07-26,907076.3523664868
25-44,North_West,161,0,0,2020-07-26,1052792.0028804548
45-64,North_West,161,0,0,2020-07-26,448078.4101480759
65-74,North_West,161,0,0,2020-07-26,442037.6500971675
75+,North_West,161,0,0,2020-07-26,357769.91320740373
1-4,North_West,162,0,0,2020-07-27,409786.83166856377
5-14,North_West,162,0,0,2020-07-27,126012.98925118081
15-24,North_West,162,0,0,2020-07-27,907076.3523664868
25-44,North_West,162,0,0,2020-07-27,1052792.0028804548
45-64,North_West,162,0,0,2020-07-27,448078.4101480759
65-74,North_West,162,0,0,2020-07-27,442037.6500971675
75+,North_West,162,0,0,2020-07-27,357769.91320740373
1-4,North_West,163,0,0,2020-07-28,409786.83166856377
5-14,North_West,163,0,0,2020-07-28,126012.98925118081
15-24,North_West,163,0,0,2020-07-28,907076.3523664868
25-44,North_West,163,0,0,2020-07-28,1052792.0028804548
45-64,North_West,163,0,0,2020-07-28,448078.4101480759
65-74,North_West,163,0,0,2020-07-28,442037.6500971675
75+,North_West,163,0,0,2020-07-28,357769.91320740373
1-4,North_West,164,0,0,2020-07-29,409786.83166856377
5-14,North_West,164,0,0,2020-07-29,126012.98925118081
15-24,North_West,164,0,0,2020-07-29,907076.3523664868
25-44,North_West,164,0,0,2020-07-29,1052792.0028804548
45-64,North_West,164,0,0,2020-07-29,448078.4101480759
65-74,North_West,164,0,0,2020-07-29,442037.6500971675
75+,North_West,164,0,0,2020-07-29,357769.91320740373
1-4,North_West,165,0,0,2020-07-30,409786.83166856377
5-14,North_West,165,0,0,2020-07-30,126012.98925118081
15-24,North_West,165,0,0,2020-07-30,907076.3523664868
25-44,North_West,165,0,0,2020-07-30,1052792.0028804548
45-64,North_West,165,0,0,2020-07-30,448078.4101480759
65-74,North_West,165,0,0,2020-07-30,442037.6500971675
75+,North_West,165,0,0,2020-07-30,357769.91320740373
1-4,North_West,166,0,0,2020-07-31,409786.83166856377
5-14,North_West,166,0,0,2020-07-31,126012.98925118081
15-24,North_West,166,0,0,2020-07-31,907076.3523664868
25-44,North_West,166,0,0,2020-07-31,1052792.0028804548
45-64,North_West,166,0,0,2020-07-31,448078.4101480759
65-74,North_West,166,0,0,2020-07-31,442037.6500971675
75+,North_West,166,0,0,2020-07-31,357769.91320740373
1-4,North_West,167,0,0,2020-08-01,409786.83166856377
5-14,North_West,167,0,0,2020-08-01,126012.98925118081
15-24,North_West,167,0,0,2020-08-01,907076.3523664868
25-44,North_West,167,0,0,2020-08-01,1052792.0028804548
45-64,North_West,167,0,0,2020-08-01,448078.4101480759
65-74,North_West,167,0,0,2020-08-01,442037.6500971675
75+,North_West,167,0,0,2020-08-01,357769.91320740373
1-4,North_West,168,0,0,2020-08-02,409786.83166856377
5-14,North_West,168,0,0,2020-08-02,126012.98925118081
15-24,North_West,168,0,0,2020-08-02,907076.3523664868
25-44,North_West,168,0,0,2020-08-02,1052792.0028804548
45-64,North_West,168,0,0,2020-08-02,448078.4101480759
65-74,North_West,168,0,0,2020-08-02,442037.6500971675
75+,North_West,168,0,0,2020-08-02,357769.91320740373
1-4,North_West,169,0,0,2020-08-03,409786.83166856377
5-14,North_West,169,0,0,2020-08-03,126012.98925118081
15-24,North_West,169,0,0,2020-08-03,907076.3523664868
25-44,North_West,169,0,0,2020-08-03,1052792.0028804548
45-64,North_West,169,0,0,2020-08-03,448078.4101480759
65-74,North_West,169,0,0,2020-08-03,442037.6500971675
75+,North_West,169,0,0,2020-08-03,357769.91320740373
1-4,North_West,170,0,0,2020-08-04,409786.83166856377
5-14,North_West,170,0,0,2020-08-04,126012.98925118081
15-24,North_West,170,0,0,2020-08-04,907076.3523664868
25-44,North_West,170,0,0,2020-08-04,1052792.0028804548
45-64,North_West,170,0,0,2020-08-04,448078.4101480759
65-74,North_West,170,0,0,2020-08-04,442037.6500971675
75+,North_West,170,0,0,2020-08-04,357769.91320740373
1-4,North_West,171,0,0,2020-08-05,409786.83166856377
5-14,North_West,171,6.793717109919407,0.5241131804468945,2020-08-05,126012.98925118081
15-24,North_West,171,7.916948402154163,0.4704809792228882,2020-08-05,907076.3523664868
25-44,North_West,171,7.640923311804324,0.4671206828187592,2020-08-05,1052792.0028804548
45-64,North_West,171,7.150536962536686,0.47428505837315127,2020-08-05,448078.4101480759
65-74,North_West,171,6.807268338822751,0.3223852247430533,2020-08-05,442037.6500971675
75+,North_West,171,7.0622913830941805,0.3500935040934202,2020-08-05,357769.91320740373
1-4,North_West,172,0,0,2020-08-06,409786.83166856377
5-14,North_West,172,0,0,2020-08-06,126012.98925118081
15-24,North_West,172,0,0,2020-08-06,907076.3523664868
25-44,North_West,172,0,0,2020-08-06,1052792.0028804548
45-64,North_West,172,0,0,2020-08-06,448078.4101480759
65-74,North_West,172,0,0,2020-08-06,442037.6500971675
75+,North_West,172,0,0,2020-08-06,357769.91320740373
1-4,North_West,173,0,0,2020-08-07,409786.83166856377
5-14,North_West,173,0,0,2020-08-07,126012.98925118081
15-24,North_West,173,0,0,2020-08-07,907076.3523664868
25-44,North_West,173,0,0,2020-08-07,1052792.0028804548
45-64,North_West,173,0,0,2020-08-07,448078.4101480759
65-74,North_West,173,0,0,2020-08-07,442037.6500971675
75+,North_West,173,0,0,2020-08-07,357769.91320740373
1-4,North_West,174,0,0,2020-08-08,409786.83166856377
5-14,North_West,174,0,0,2020-08-08,126012.98925118081
15-24,North_West,174,0,0,2020-08-08,907076.3523664868
25-44,North_West,174,0,0,2020-08-08,1052792.0028804548
45-64,North_West,174,0,0,2020-08-08,448078.4101480759
65-74,North_West,174,0,0,2020-08-08,442037.6500971675
75+,North_West,174,0,0,2020-08-08,357769.91320740373
1-4,North_West,175,0,0,2020-08-09,409786.83166856377
5-14,North_West,175,0,0,2020-08-09,126012.98925118081
15-24,North_West,175,0,0,2020-08-09,907076.3523664868
25-44,North_West,175,0,0,2020-08-09,1052792.0028804548
45-64,North_West,175,0,0,2020-08-09,448078.4101480759
65-74,North_West,175,0,0,2020-08-09,442037.6500971675
75+,North_West,175,0,0,2020-08-09,357769.91320740373
1-4,North_West,176,0,0,2020-08-10,409786.83166856377
5-14,North_West,176,0,0,2020-08-10,126012.98925118081
15-24,North_West,176,0,0,2020-08-10,907076.3523664868
25-44,North_West,176,0,0,2020-08-10,1052792.0028804548
45-64,North_West,176,0,0,2020-08-10,448078.4101480759
65-74,North_West,176,0,0,2020-08-10,442037.6500971675
75+,North_West,176,0,0,2020-08-10,357769.91320740373
1-4,North_West,177,0,0,2020-08-11,409786.83166856377
5-14,North_West,177,0,0,2020-08-11,126012.98925118081
15-24,North_West,177,0,0,2020-08-11,907076.3523664868
25-44,North_West,177,0,0,2020-08-11,1052792.0028804548
45-64,North_West,177,0,0,2020-08-11,448078.4101480759
65-74,North_West,177,0,0,2020-08-11,442037.6500971675
75+,North_West,177,0,0,2020-08-11,357769.91320740373
1-4,North_West,178,0,0,2020-08-12,409786.83166856377
5-14,North_West,178,0,0,2020-08-12,126012.98925118081
15-24,North_West,178,0,0,2020-08-12,907076.3523664868
25-44,North_West,178,0,0,2020-08-12,1052792.0028804548
45-64,North_West,178,0,0,2020-08-12,448078.4101480759
65-74,North_West,178,0,0,2020-08-12,442037.6500971675
75+,North_West,178,0,0,2020-08-12,357769.91320740373
1-4,North_West,179,0,0,2020-08-13,409786.83166856377
5-14,North_West,179,0,0,2020-08-13,126012.98925118081
15-24,North_West,179,0,0,2020-08-13,907076.3523664868
25-44,North_West,179,0,0,2020-08-13,1052792.0028804548
45-64,North_West,179,0,0,2020-08-13,448078.4101480759
65-74,North_West,179,0,0,2020-08-13,442037.6500971675
75+,North_West,179,0,0,2020-08-13,357769.91320740373
1-4,North_West,180,0,0,2020-08-14,409786.83166856377
5-14,North_West,180,0,0,2020-08-14,126012.98925118081
15-24,North_West,180,0,0,2020-08-14,907076.3523664868
25-44,North_West,180,0,0,2020-08-14,1052792.0028804548
45-64,North_West,180,0,0,2020-08-14,448078.4101480759
65-74,North_West,180,0,0,2020-08-14,442037.6500971675
75+,North_West,180,0,0,2020-08-14,357769.91320740373
1-4,North_West,181,0,0,2020-08-15,409786.83166856377
5-14,North_West,181,0,0,2020-08-15,126012.98925118081
15-24,North_West,181,0,0,2020-08-15,907076.3523664868
25-44,North_West,181,0,0,2020-08-15,1052792.0028804548
45-64,North_West,181,0,0,2020-08-15,448078.4101480759
65-74,North_West,181,0,0,2020-08-15,442037.6500971675
75+,North_West,181,0,0,2020-08-15,357769.91320740373
1-4,North_West,182,0,0,2020-08-16,409786.83166856377
5-14,North_West,182,0,0,2020-08-16,126012.98925118081
15-24,North_West,182,0,0,2020-08-16,907076.3523664868
25-44,North_West,182,0,0,2020-08-16,1052792.0028804548
45-64,North_West,182,0,0,2020-08-16,448078.4101480759
65-74,North_West,182,0,0,2020-08-16,442037.6500971675
75+,North_West,182,0,0,2020-08-16,357769.91320740373
1-4,North_West,183,0,0,2020-08-17,409786.83166856377
5-14,North_West,183,0,0,2020-08-17,126012.98925118081
15-24,North_West,183,0,0,2020-08-17,907076.3523664868
25-44,North_West,183,0,0,2020-08-17,1052792.0028804548
45-64,North_West,183,0,0,2020-08-17,448078.4101480759
65-74,North_West,183,0,0,2020-08-17,442037.6500971675
75+,North_West,183,0,0,2020-08-17,357769.91320740373
1-4,North_West,184,0,0,2020-08-18,409786.83166856377
5-14,North_West,184,0,0,2020-08-18,126012.98925118081
15-24,North_West,184,0,0,2020-08-18,907076.3523664868
25-44,North_West,184,0,0,2020-08-18,1052792.0028804548
45-64,North_West,184,0,0,2020-08-18,448078.4101480759
65-74,North_West,184,0,0,2020-08-18,442037.6500971675
75+,North_West,184,0,0,2020-08-18,357769.91320740373
1-4,North_West,185,0,0,2020-08-19,409786.83166856377
5-14,North_West,185,6.379051208873111,0.5248098356299582,2020-08-19,126012.98925118081
15-24,North_West,185,7.854079586640072,0.4529111287413818,2020-08-19,907076.3523664868
25-44,North_West,185,7.474494371506867,0.45267582079964636,2020-08-19,1052792.0028804548
45-64,North_West,185,7.167669458550428,0.45671220119181666,2020-08-19,448078.4101480759
65-74,North_West,185,6.579421141323929,0.2984189564559497,2020-08-19,442037.6500971675
75+,North_West,185,6.762727050551483,0.3366938399817236,2020-08-19,357769.91320740373
1-4,North_West,186,0,0,2020-08-20,409786.83166856377
5-14,North_West,186,0,0,2020-08-20,126012.98925118081
15-24,North_West,186,0,0,2020-08-20,907076.3523664868
25-44,North_West,186,0,0,2020-08-20,1052792.0028804548
45-64,North_West,186,0,0,2020-08-20,448078.4101480759
65-74,North_West,186,0,0,2020-08-20,442037.6500971675
75+,North_West,186,0,0,2020-08-20,357769.91320740373
1-4,North_West,187,0,0,2020-08-21,409786.83166856377
5-14,North_West,187,0,0,2020-08-21,126012.98925118081
15-24,North_West,187,0,0,2020-08-21,907076.3523664868
25-44,North_West,187,0,0,2020-08-21,1052792.0028804548
45-64,North_West,187,0,0,2020-08-21,448078.4101480759
65-74,North_West,187,0,0,2020-08-21,442037.6500971675
75+,North_West,187,0,0,2020-08-21,357769.91320740373
1-4,North_West,188,0,0,2020-08-22,409786.83166856377
5-14,North_West,188,0,0,2020-08-22,126012.98925118081
15-24,North_West,188,0,0,2020-08-22,907076.3523664868
25-44,North_West,188,0,0,2020-08-22,1052792.0028804548
45-64,North_West,188,0,0,2020-08-22,448078.4101480759
65-74,North_West,188,0,0,2020-08-22,442037.6500971675
75+,North_West,188,0,0,2020-08-22,357769.91320740373
1-4,North_West,189,0,0,2020-08-23,409786.83166856377
5-14,North_West,189,0,0,2020-08-23,126012.98925118081
15-24,North_West,189,0,0,2020-08-23,907076.3523664868
25-44,North_West,189,0,0,2020-08-23,1052792.0028804548
45-64,North_West,189,0,0,2020-08-23,448078.4101480759
65-74,North_West,189,0,0,2020-08-23,442037.6500971675
75+,North_West,189,0,0,2020-08-23,357769.91320740373
1-4,North_West,190,0,0,2020-08-24,409786.83166856377
5-14,North_West,190,0,0,2020-08-24,126012.98925118081
15-24,North_West,190,0,0,2020-08-24,907076.3523664868
25-44,North_West,190,0,0,2020-08-24,1052792.0028804548
45-64,North_West,190,0,0,2020-08-24,448078.4101480759
65-74,North_West,190,0,0,2020-08-24,442037.6500971675
75+,North_West,190,0,0,2020-08-24,357769.91320740373
1-4,North_West,191,0,0,2020-08-25,409786.83166856377
5-14,North_West,191,0,0,2020-08-25,126012.98925118081
15-24,North_West,191,0,0,2020-08-25,907076.3523664868
25-44,North_West,191,0,0,2020-08-25,1052792.0028804548
45-64,North_West,191,0,0,2020-08-25,448078.4101480759
65-74,North_West,191,0,0,2020-08-25,442037.6500971675
75+,North_West,191,0,0,2020-08-25,357769.91320740373
1-4,North_West,192,0,0,2020-08-26,409786.83166856377
5-14,North_West,192,0,0,2020-08-26,126012.98925118081
15-24,North_West,192,0,0,2020-08-26,907076.3523664868
25-44,North_West,192,0,0,2020-08-26,1052792.0028804548
45-64,North_West,192,0,0,2020-08-26,448078.4101480759
65-74,North_West,192,0,0,2020-08-26,442037.6500971675
75+,North_West,192,0,0,2020-08-26,357769.91320740373
1-4,North_West,193,0,0,2020-08-27,409786.83166856377
5-14,North_West,193,0,0,2020-08-27,126012.98925118081
15-24,North_West,193,0,0,2020-08-27,907076.3523664868
25-44,North_West,193,0,0,2020-08-27,1052792.0028804548
45-64,North_West,193,0,0,2020-08-27,448078.4101480759
65-74,North_West,193,0,0,2020-08-27,442037.6500971675
75+,North_West,193,0,0,2020-08-27,357769.91320740373
1-4,North_West,194,0,0,2020-08-28,409786.83166856377
5-14,North_West,194,0,0,2020-08-28,126012.98925118081
15-24,North_West,194,0,0,2020-08-28,907076.3523664868
25-44,North_West,194,0,0,2020-08-28,1052792.0028804548
45-64,North_West,194,0,0,2020-08-28,448078.4101480759
65-74,North_West,194,0,0,2020-08-28,442037.6500971675
75+,North_West,194,0,0,2020-08-28,357769.91320740373
1-4,North_West,195,0,0,2020-08-29,409786.83166856377
5-14,North_West,195,0,0,2020-08-29,126012.98925118081
15-24,North_West,195,0,0,2020-08-29,907076.3523664868
25-44,North_West,195,0,0,2020-08-29,1052792.0028804548
45-64,North_West,195,0,0,2020-08-29,448078.4101480759
65-74,North_West,195,0,0,2020-08-29,442037.6500971675
75+,North_West,195,0,0,2020-08-29,357769.91320740373
1-4,North_West,196,0,0,2020-08-30,409786.83166856377
5-14,North_West,196,0,0,2020-08-30,126012.98925118081
15-24,North_West,196,0,0,2020-08-30,907076.3523664868
25-44,North_West,196,0,0,2020-08-30,1052792.0028804548
45-64,North_West,196,0,0,2020-08-30,448078.4101480759
65-74,North_West,196,0,0,2020-08-30,442037.6500971675
75+,North_West,196,0,0,2020-08-30,357769.91320740373
1-4,North_West,197,0,0,2020-08-31,409786.83166856377
5-14,North_West,197,0,0,2020-08-31,126012.98925118081
15-24,North_West,197,0,0,2020-08-31,907076.3523664868
25-44,North_West,197,0,0,2020-08-31,1052792.0028804548
45-64,North_West,197,0,0,2020-08-31,448078.4101480759
65-74,North_West,197,0,0,2020-08-31,442037.6500971675
75+,North_West,197,0,0,2020-08-31,357769.91320740373
1-4,North_West,198,0,0,2020-09-01,409786.83166856377
5-14,North_West,198,0,0,2020-09-01,126012.98925118081
15-24,North_West,198,0,0,2020-09-01,907076.3523664868
25-44,North_West,198,0,0,2020-09-01,1052792.0028804548
45-64,North_West,198,0,0,2020-09-01,448078.4101480759
65-74,North_West,198,0,0,2020-09-01,442037.6500971675
75+,North_West,198,0,0,2020-09-01,357769.91320740373
1-4,North_West,199,0,0,2020-09-02,409786.83166856377
5-14,North_West,199,6.119365271490203,0.5167678604119015,2020-09-02,126012.98925118081
15-24,North_West,199,8.11344266767884,0.43285323545760646,2020-09-02,907076.3523664868
25-44,North_West,199,7.667922888400025,0.43061832581079107,2020-09-02,1052792.0028804548
45-64,North_West,199,7.417146412504426,0.4330659442569346,2020-09-02,448078.4101480759
65-74,North_West,199,6.684040022796823,0.25635873003483856,2020-09-02,442037.6500971675
75+,North_West,199,6.686284157106545,0.30740040127144225,2020-09-02,357769.91320740373
1-4,North_West,200,0,0,2020-09-03,409786.83166856377
5-14,North_West,200,0,0,2020-09-03,126012.98925118081
15-24,North_West,200,0,0,2020-09-03,907076.3523664868
25-44,North_West,200,0,0,2020-09-03,1052792.0028804548
45-64,North_West,200,0,0,2020-09-03,448078.4101480759
65-74,North_West,200,0,0,2020-09-03,442037.6500971675
75+,North_West,200,0,0,2020-09-03,357769.91320740373
1-4,North_West,201,0,0,2020-09-04,409786.83166856377
5-14,North_West,201,0,0,2020-09-04,126012.98925118081
15-24,North_West,201,0,0,2020-09-04,907076.3523664868
25-44,North_West,201,0,0,2020-09-04,1052792.0028804548
45-64,North_West,201,0,0,2020-09-04,448078.4101480759
65-74,North_West,201,0,0,2020-09-04,442037.6500971675
75+,North_West,201,0,0,2020-09-04,357769.91320740373
1-4,North_West,202,0,0,2020-09-05,409786.83166856377
5-14,North_West,202,0,0,2020-09-05,126012.98925118081
15-24,North_West,202,0,0,2020-09-05,907076.3523664868
25-44,North_West,202,0,0,2020-09-05,1052792.0028804548
45-64,North_West,202,0,0,2020-09-05,448078.4101480759
65-74,North_West,202,0,0,2020-09-05,442037.6500971675
75+,North_West,202,0,0,2020-09-05,357769.91320740373
1-4,North_West,203,0,0,2020-09-06,409786.83166856377
5-14,North_West,203,0,0,2020-09-06,126012.98925118081
15-24,North_West,203,0,0,2020-09-06,907076.3523664868
25-44,North_West,203,0,0,2020-09-06,1052792.0028804548
45-64,North_West,203,0,0,2020-09-06,448078.4101480759
65-74,North_West,203,0,0,2020-09-06,442037.6500971675
75+,North_West,203,0,0,2020-09-06,357769.91320740373
1-4,North_West,204,0,0,2020-09-07,409786.83166856377
5-14,North_West,204,0,0,2020-09-07,126012.98925118081
15-24,North_West,204,0,0,2020-09-07,907076.3523664868
25-44,North_West,204,0,0,2020-09-07,1052792.0028804548
45-64,North_West,204,0,0,2020-09-07,448078.4101480759
65-74,North_West,204,0,0,2020-09-07,442037.6500971675
75+,North_West,204,0,0,2020-09-07,357769.91320740373
1-4,North_West,205,0,0,2020-09-08,409786.83166856377
5-14,North_West,205,0,0,2020-09-08,126012.98925118081
15-24,North_West,205,0,0,2020-09-08,907076.3523664868
25-44,North_West,205,0,0,2020-09-08,1052792.0028804548
45-64,North_West,205,0,0,2020-09-08,448078.4101480759
65-74,North_West,205,0,0,2020-09-08,442037.6500971675
75+,North_West,205,0,0,2020-09-08,357769.91320740373
1-4,North_West,206,0,0,2020-09-09,409786.83166856377
5-14,North_West,206,0,0,2020-09-09,126012.98925118081
15-24,North_West,206,0,0,2020-09-09,907076.3523664868
25-44,North_West,206,0,0,2020-09-09,1052792.0028804548
45-64,North_West,206,0,0,2020-09-09,448078.4101480759
65-74,North_West,206,0,0,2020-09-09,442037.6500971675
75+,North_West,206,0,0,2020-09-09,357769.91320740373
1-4,North_West,207,0,0,2020-09-10,409786.83166856377
5-14,North_West,207,0,0,2020-09-10,126012.98925118081
15-24,North_West,207,0,0,2020-09-10,907076.3523664868
25-44,North_West,207,0,0,2020-09-10,1052792.0028804548
45-64,North_West,207,0,0,2020-09-10,448078.4101480759
65-74,North_West,207,0,0,2020-09-10,442037.6500971675
75+,North_West,207,0,0,2020-09-10,357769.91320740373
1-4,North_West,208,0,0,2020-09-11,409786.83166856377
5-14,North_West,208,0,0,2020-09-11,126012.98925118081
15-24,North_West,208,0,0,2020-09-11,907076.3523664868
25-44,North_West,208,0,0,2020-09-11,1052792.0028804548
45-64,North_West,208,0,0,2020-09-11,448078.4101480759
65-74,North_West,208,0,0,2020-09-11,442037.6500971675
75+,North_West,208,0,0,2020-09-11,357769.91320740373
1-4,North_West,209,0,0,2020-09-12,409786.83166856377
5-14,North_West,209,0,0,2020-09-12,126012.98925118081
15-24,North_West,209,0,0,2020-09-12,907076.3523664868
25-44,North_West,209,0,0,2020-09-12,1052792.0028804548
45-64,North_West,209,0,0,2020-09-12,448078.4101480759
65-74,North_West,209,0,0,2020-09-12,442037.6500971675
75+,North_West,209,0,0,2020-09-12,357769.91320740373
1-4,North_West,210,0,0,2020-09-13,409786.83166856377
5-14,North_West,210,0,0,2020-09-13,126012.98925118081
15-24,North_West,210,0,0,2020-09-13,907076.3523664868
25-44,North_West,210,0,0,2020-09-13,1052792.0028804548
45-64,North_West,210,0,0,2020-09-13,448078.4101480759
65-74,North_West,210,0,0,2020-09-13,442037.6500971675
75+,North_West,210,0,0,2020-09-13,357769.91320740373
1-4,North_West,211,0,0,2020-09-14,409786.83166856377
5-14,North_West,211,0,0,2020-09-14,126012.98925118081
15-24,North_West,211,0,0,2020-09-14,907076.3523664868
25-44,North_West,211,0,0,2020-09-14,1052792.0028804548
45-64,North_West,211,0,0,2020-09-14,448078.4101480759
65-74,North_West,211,0,0,2020-09-14,442037.6500971675
75+,North_West,211,0,0,2020-09-14,357769.91320740373
1-4,North_West,212,0,0,2020-09-15,409786.83166856377
5-14,North_West,212,0,0,2020-09-15,126012.98925118081
15-24,North_West,212,0,0,2020-09-15,907076.3523664868
25-44,North_West,212,0,0,2020-09-15,1052792.0028804548
45-64,North_West,212,0,0,2020-09-15,448078.4101480759
65-74,North_West,212,0,0,2020-09-15,442037.6500971675
75+,North_West,212,0,0,2020-09-15,357769.91320740373
1-4,North_West,213,0,0,2020-09-16,409786.83166856377
5-14,North_West,213,6.138297041306401,0.49370878714240074,2020-09-16,126012.98925118081
15-24,North_West,213,8.693714133135302,0.40442610645151106,2020-09-16,907076.3523664868
25-44,North_West,213,8.367791488272742,0.4052251826500397,2020-09-16,1052792.0028804548
45-64,North_West,213,7.829635678371573,0.40932718753824454,2020-09-16,448078.4101480759
65-74,North_West,213,7.207395790255966,0.1902285413904557,2020-09-16,442037.6500971675
75+,North_West,213,6.918363594521742,0.250736971533441,2020-09-16,357769.91320740373
1-4,North_West,214,0,0,2020-09-17,409786.83166856377
5-14,North_West,214,0,0,2020-09-17,126012.98925118081
15-24,North_West,214,0,0,2020-09-17,907076.3523664868
25-44,North_West,214,0,0,2020-09-17,1052792.0028804548
45-64,North_West,214,0,0,2020-09-17,448078.4101480759
65-74,North_West,214,0,0,2020-09-17,442037.6500971675
75+,North_West,214,0,0,2020-09-17,357769.91320740373
1-4,North_West,215,0,0,2020-09-18,409786.83166856377
5-14,North_West,215,0,0,2020-09-18,126012.98925118081
15-24,North_West,215,0,0,2020-09-18,907076.3523664868
25-44,North_West,215,0,0,2020-09-18,1052792.0028804548
45-64,North_West,215,0,0,2020-09-18,448078.4101480759
65-74,North_West,215,0,0,2020-09-18,442037.6500971675
75+,North_West,215,0,0,2020-09-18,357769.91320740373
1-4,North_West,216,0,0,2020-09-19,409786.83166856377
5-14,North_West,216,0,0,2020-09-19,126012.98925118081
15-24,North_West,216,0,0,2020-09-19,907076.3523664868
25-44,North_West,216,0,0,2020-09-19,1052792.0028804548
45-64,North_West,216,0,0,2020-09-19,448078.4101480759
65-74,North_West,216,0,0,2020-09-19,442037.6500971675
75+,North_West,216,0,0,2020-09-19,357769.91320740373
1-4,North_West,217,0,0,2020-09-20,409786.83166856377
5-14,North_West,217,0,0,2020-09-20,126012.98925118081
15-24,North_West,217,0,0,2020-09-20,907076.3523664868
25-44,North_West,217,0,0,2020-09-20,1052792.0028804548
45-64,North_West,217,0,0,2020-09-20,448078.4101480759
65-74,North_West,217,0,0,2020-09-20,442037.6500971675
75+,North_West,217,0,0,2020-09-20,357769.91320740373
1-4,North_West,218,0,0,2020-09-21,409786.83166856377
5-14,North_West,218,0,0,2020-09-21,126012.98925118081
15-24,North_West,218,0,0,2020-09-21,907076.3523664868
25-44,North_West,218,0,0,2020-09-21,1052792.0028804548
45-64,North_West,218,0,0,2020-09-21,448078.4101480759
65-74,North_West,218,0,0,2020-09-21,442037.6500971675
75+,North_West,218,0,0,2020-09-21,357769.91320740373
1-4,North_West,219,0,0,2020-09-22,409786.83166856377
5-14,North_West,219,0,0,2020-09-22,126012.98925118081
15-24,North_West,219,0,0,2020-09-22,907076.3523664868
25-44,North_West,219,0,0,2020-09-22,1052792.0028804548
45-64,North_West,219,0,0,2020-09-22,448078.4101480759
65-74,North_West,219,0,0,2020-09-22,442037.6500971675
75+,North_West,219,0,0,2020-09-22,357769.91320740373
1-4,North_West,220,0,0,2020-09-23,409786.83166856377
5-14,North_West,220,0,0,2020-09-23,126012.98925118081
15-24,North_West,220,0,0,2020-09-23,907076.3523664868
25-44,North_West,220,0,0,2020-09-23,1052792.0028804548
45-64,North_West,220,0,0,2020-09-23,448078.4101480759
65-74,North_West,220,0,0,2020-09-23,442037.6500971675
75+,North_West,220,0,0,2020-09-23,357769.91320740373
1-4,North_West,221,0,0,2020-09-24,409786.83166856377
5-14,North_West,221,0,0,2020-09-24,126012.98925118081
15-24,North_West,221,0,0,2020-09-24,907076.3523664868
25-44,North_West,221,0,0,2020-09-24,1052792.0028804548
45-64,North_West,221,0,0,2020-09-24,448078.4101480759
65-74,North_West,221,0,0,2020-09-24,442037.6500971675
75+,North_West,221,0,0,2020-09-24,357769.91320740373
1-4,North_West,222,0,0,2020-09-25,409786.83166856377
5-14,North_West,222,0,0,2020-09-25,126012.98925118081
15-24,North_West,222,0,0,2020-09-25,907076.3523664868
25-44,North_West,222,0,0,2020-09-25,1052792.0028804548
45-64,North_West,222,0,0,2020-09-25,448078.4101480759
65-74,North_West,222,0,0,2020-09-25,442037.6500971675
75+,North_West,222,0,0,2020-09-25,357769.91320740373
1-4,North_West,223,0,0,2020-09-26,409786.83166856377
5-14,North_West,223,0,0,2020-09-26,126012.98925118081
15-24,North_West,223,0,0,2020-09-26,907076.3523664868
25-44,North_West,223,0,0,2020-09-26,1052792.0028804548
45-64,North_West,223,0,0,2020-09-26,448078.4101480759
65-74,North_West,223,0,0,2020-09-26,442037.6500971675
75+,North_West,223,0,0,2020-09-26,357769.91320740373
1-4,North_West,224,0,0,2020-09-27,409786.83166856377
5-14,North_West,224,0,0,2020-09-27,126012.98925118081
15-24,North_West,224,0,0,2020-09-27,907076.3523664868
25-44,North_West,224,0,0,2020-09-27,1052792.0028804548
45-64,North_West,224,0,0,2020-09-27,448078.4101480759
65-74,North_West,224,0,0,2020-09-27,442037.6500971675
75+,North_West,224,0,0,2020-09-27,357769.91320740373
1-4,North_West,225,0,0,2020-09-28,409786.83166856377
5-14,North_West,225,0,0,2020-09-28,126012.98925118081
15-24,North_West,225,0,0,2020-09-28,907076.3523664868
25-44,North_West,225,0,0,2020-09-28,1052792.0028804548
45-64,North_West,225,0,0,2020-09-28,448078.4101480759
65-74,North_West,225,0,0,2020-09-28,442037.6500971675
75+,North_West,225,0,0,2020-09-28,357769.91320740373
1-4,North_West,226,0,0,2020-09-29,409786.83166856377
5-14,North_West,226,0,0,2020-09-29,126012.98925118081
15-24,North_West,226,0,0,2020-09-29,907076.3523664868
25-44,North_West,226,0,0,2020-09-29,1052792.0028804548
45-64,North_West,226,0,0,2020-09-29,448078.4101480759
65-74,North_West,226,0,0,2020-09-29,442037.6500971675
75+,North_West,226,0,0,2020-09-29,357769.91320740373
1-4,North_West,227,0,0,2020-09-30,409786.83166856377
5-14,North_West,227,6.390372594561561,0.46697510121876035,2020-09-30,126012.98925118081
15-24,North_West,227,9.301682667539016,0.3894809514756808,2020-09-30,907076.3523664868
25-44,North_West,227,9.265452966204453,0.3832714343374006,2020-09-30,1052792.0028804548
45-64,North_West,227,8.248951638835592,0.3922097487911599,2020-09-30,448078.4101480759
65-74,North_West,227,7.861523205633074,0.13273884855038476,2020-09-30,442037.6500971675
75+,North_West,227,7.323428405051575,0.19228332696695916,2020-09-30,357769.91320740373
1-4,North_West,228,0,0,2020-10-01,409786.83166856377
5-14,North_West,228,0,0,2020-10-01,126012.98925118081
15-24,North_West,228,0,0,2020-10-01,907076.3523664868
25-44,North_West,228,0,0,2020-10-01,1052792.0028804548
45-64,North_West,228,0,0,2020-10-01,448078.4101480759
65-74,North_West,228,0,0,2020-10-01,442037.6500971675
75+,North_West,228,0,0,2020-10-01,357769.91320740373
1-4,North_West,229,0,0,2020-10-02,409786.83166856377
5-14,North_West,229,0,0,2020-10-02,126012.98925118081
15-24,North_West,229,0,0,2020-10-02,907076.3523664868
25-44,North_West,229,0,0,2020-10-02,1052792.0028804548
45-64,North_West,229,0,0,2020-10-02,448078.4101480759
65-74,North_West,229,0,0,2020-10-02,442037.6500971675
75+,North_West,229,0,0,2020-10-02,357769.91320740373
1-4,North_West,230,0,0,2020-10-03,409786.83166856377
5-14,North_West,230,0,0,2020-10-03,126012.98925118081
15-24,North_West,230,0,0,2020-10-03,907076.3523664868
25-44,North_West,230,0,0,2020-10-03,1052792.0028804548
45-64,North_West,230,0,0,2020-10-03,448078.4101480759
65-74,North_West,230,0,0,2020-10-03,442037.6500971675
75+,North_West,230,0,0,2020-10-03,357769.91320740373
1-4,North_West,231,0,0,2020-10-04,409786.83166856377
5-14,North_West,231,0,0,2020-10-04,126012.98925118081
15-24,North_West,231,0,0,2020-10-04,907076.3523664868
25-44,North_West,231,0,0,2020-10-04,1052792.0028804548
45-64,North_West,231,0,0,2020-10-04,448078.4101480759
65-74,North_West,231,0,0,2020-10-04,442037.6500971675
75+,North_West,231,0,0,2020-10-04,357769.91320740373
1-4,North_West,232,0,0,2020-10-05,409786.83166856377
5-14,North_West,232,0,0,2020-10-05,126012.98925118081
15-24,North_West,232,0,0,2020-10-05,907076.3523664868
25-44,North_West,232,0,0,2020-10-05,1052792.0028804548
45-64,North_West,232,0,0,2020-10-05,448078.4101480759
65-74,North_West,232,0,0,2020-10-05,442037.6500971675
75+,North_West,232,0,0,2020-10-05,357769.91320740373
1-4,North_West,233,0,0,2020-10-06,409786.83166856377
5-14,North_West,233,0,0,2020-10-06,126012.98925118081
15-24,North_West,233,0,0,2020-10-06,907076.3523664868
25-44,North_West,233,0,0,2020-10-06,1052792.0028804548
45-64,North_West,233,0,0,2020-10-06,448078.4101480759
65-74,North_West,233,0,0,2020-10-06,442037.6500971675
75+,North_West,233,0,0,2020-10-06,357769.91320740373
1-4,North_West,234,0,0,2020-10-07,409786.83166856377
5-14,North_West,234,0,0,2020-10-07,126012.98925118081
15-24,North_West,234,0,0,2020-10-07,907076.3523664868
25-44,North_West,234,0,0,2020-10-07,1052792.0028804548
45-64,North_West,234,0,0,2020-10-07,448078.4101480759
65-74,North_West,234,0,0,2020-10-07,442037.6500971675
75+,North_West,234,0,0,2020-10-07,357769.91320740373
1-4,North_West,235,0,0,2020-10-08,409786.83166856377
5-14,North_West,235,0,0,2020-10-08,126012.98925118081
15-24,North_West,235,0,0,2020-10-08,907076.3523664868
25-44,North_West,235,0,0,2020-10-08,1052792.0028804548
45-64,North_West,235,0,0,2020-10-08,448078.4101480759
65-74,North_West,235,0,0,2020-10-08,442037.6500971675
75+,North_West,235,0,0,2020-10-08,357769.91320740373
1-4,North_West,236,0,0,2020-10-09,409786.83166856377
5-14,North_West,236,0,0,2020-10-09,126012.98925118081
15-24,North_West,236,0,0,2020-10-09,907076.3523664868
25-44,North_West,236,0,0,2020-10-09,1052792.0028804548
45-64,North_West,236,0,0,2020-10-09,448078.4101480759
65-74,North_West,236,0,0,2020-10-09,442037.6500971675
75+,North_West,236,0,0,2020-10-09,357769.91320740373
1-4,North_West,237,0,0,2020-10-10,409786.83166856377
5-14,North_West,237,0,0,2020-10-10,126012.98925118081
15-24,North_West,237,0,0,2020-10-10,907076.3523664868
25-44,North_West,237,0,0,2020-10-10,1052792.0028804548
45-64,North_West,237,0,0,2020-10-10,448078.4101480759
65-74,North_West,237,0,0,2020-10-10,442037.6500971675
75+,North_West,237,0,0,2020-10-10,357769.91320740373
1-4,North_West,238,0,0,2020-10-11,409786.83166856377
5-14,North_West,238,0,0,2020-10-11,126012.98925118081
15-24,North_West,238,0,0,2020-10-11,907076.3523664868
25-44,North_West,238,0,0,2020-10-11,1052792.0028804548
45-64,North_West,238,0,0,2020-10-11,448078.4101480759
65-74,North_West,238,0,0,2020-10-11,442037.6500971675
75+,North_West,238,0,0,2020-10-11,357769.91320740373
1-4,North_West,239,0,0,2020-10-12,409786.83166856377
5-14,North_West,239,0,0,2020-10-12,126012.98925118081
15-24,North_West,239,0,0,2020-10-12,907076.3523664868
25-44,North_West,239,0,0,2020-10-12,1052792.0028804548
45-64,North_West,239,0,0,2020-10-12,448078.4101480759
65-74,North_West,239,0,0,2020-10-12,442037.6500971675
75+,North_West,239,0,0,2020-10-12,357769.91320740373
1-4,North_West,240,0,0,2020-10-13,409786.83166856377
5-14,North_West,240,0,0,2020-10-13,126012.98925118081
15-24,North_West,240,0,0,2020-10-13,907076.3523664868
25-44,North_West,240,0,0,2020-10-13,1052792.0028804548
45-64,North_West,240,0,0,2020-10-13,448078.4101480759
65-74,North_West,240,0,0,2020-10-13,442037.6500971675
75+,North_West,240,0,0,2020-10-13,357769.91320740373
1-4,North_West,241,0,0,2020-10-14,409786.83166856377
5-14,North_West,241,6.86714293432902,0.4478181876251433,2020-10-14,126012.98925118081
15-24,North_West,241,9.857994832155265,0.37884834022780783,2020-10-14,907076.3523664868
25-44,North_West,241,9.94813070968492,0.3729576147067019,2020-10-14,1052792.0028804548
45-64,North_West,241,8.932707268955994,0.3794183197339126,2020-10-14,448078.4101480759
65-74,North_West,241,8.431584346115658,0.09944086801356486,2020-10-14,442037.6500971675
75+,North_West,241,7.846863223300202,0.151261083412335,2020-10-14,357769.91320740373
1-4,North_West,242,0,0,2020-10-15,409786.83166856377
5-14,North_West,242,0,0,2020-10-15,126012.98925118081
15-24,North_West,242,0,0,2020-10-15,907076.3523664868
25-44,North_West,242,0,0,2020-10-15,1052792.0028804548
45-64,North_West,242,0,0,2020-10-15,448078.4101480759
65-74,North_West,242,0,0,2020-10-15,442037.6500971675
75+,North_West,242,0,0,2020-10-15,357769.91320740373
1-4,North_West,243,0,0,2020-10-16,409786.83166856377
5-14,North_West,243,0,0,2020-10-16,126012.98925118081
15-24,North_West,243,0,0,2020-10-16,907076.3523664868
25-44,North_West,243,0,0,2020-10-16,1052792.0028804548
45-64,North_West,243,0,0,2020-10-16,448078.4101480759
65-74,North_West,243,0,0,2020-10-16,442037.6500971675
75+,North_West,243,0,0,2020-10-16,357769.91320740373
1-4,North_West,244,0,0,2020-10-17,409786.83166856377
5-14,North_West,244,0,0,2020-10-17,126012.98925118081
15-24,North_West,244,0,0,2020-10-17,907076.3523664868
25-44,North_West,244,0,0,2020-10-17,1052792.0028804548
45-64,North_West,244,0,0,2020-10-17,448078.4101480759
65-74,North_West,244,0,0,2020-10-17,442037.6500971675
75+,North_West,244,0,0,2020-10-17,357769.91320740373
1-4,North_West,245,0,0,2020-10-18,409786.83166856377
5-14,North_West,245,0,0,2020-10-18,126012.98925118081
15-24,North_West,245,0,0,2020-10-18,907076.3523664868
25-44,North_West,245,0,0,2020-10-18,1052792.0028804548
45-64,North_West,245,0,0,2020-10-18,448078.4101480759
65-74,North_West,245,0,0,2020-10-18,442037.6500971675
75+,North_West,245,0,0,2020-10-18,357769.91320740373
1-4,North_West,246,0,0,2020-10-19,409786.83166856377
5-14,North_West,246,0,0,2020-10-19,126012.98925118081
15-24,North_West,246,0,0,2020-10-19,907076.3523664868
25-44,North_West,246,0,0,2020-10-19,1052792.0028804548
45-64,North_West,246,0,0,2020-10-19,448078.4101480759
65-74,North_West,246,0,0,2020-10-19,442037.6500971675
75+,North_West,246,0,0,2020-10-19,357769.91320740373
1-4,North_West,247,0,0,2020-10-20,409786.83166856377
5-14,North_West,247,0,0,2020-10-20,126012.98925118081
15-24,North_West,247,0,0,2020-10-20,907076.3523664868
25-44,North_West,247,0,0,2020-10-20,1052792.0028804548
45-64,North_West,247,0,0,2020-10-20,448078.4101480759
65-74,North_West,247,0,0,2020-10-20,442037.6500971675
75+,North_West,247,0,0,2020-10-20,357769.91320740373
1-4,North_West,248,0,0,2020-10-21,409786.83166856377
5-14,North_West,248,0,0,2020-10-21,126012.98925118081
15-24,North_West,248,0,0,2020-10-21,907076.3523664868
25-44,North_West,248,0,0,2020-10-21,1052792.0028804548
45-64,North_West,248,0,0,2020-10-21,448078.4101480759
65-74,North_West,248,0,0,2020-10-21,442037.6500971675
75+,North_West,248,0,0,2020-10-21,357769.91320740373
1-4,North_West,249,0,0,2020-10-22,409786.83166856377
5-14,North_West,249,0,0,2020-10-22,126012.98925118081
15-24,North_West,249,0,0,2020-10-22,907076.3523664868
25-44,North_West,249,0,0,2020-10-22,1052792.0028804548
45-64,North_West,249,0,0,2020-10-22,448078.4101480759
65-74,North_West,249,0,0,2020-10-22,442037.6500971675
75+,North_West,249,0,0,2020-10-22,357769.91320740373
1-4,North_West,250,0,0,2020-10-23,409786.83166856377
5-14,North_West,250,0,0,2020-10-23,126012.98925118081
15-24,North_West,250,0,0,2020-10-23,907076.3523664868
25-44,North_West,250,0,0,2020-10-23,1052792.0028804548
45-64,North_West,250,0,0,2020-10-23,448078.4101480759
65-74,North_West,250,0,0,2020-10-23,442037.6500971675
75+,North_West,250,0,0,2020-10-23,357769.91320740373
1-4,North_West,251,0,0,2020-10-24,409786.83166856377
5-14,North_West,251,0,0,2020-10-24,126012.98925118081
15-24,North_West,251,0,0,2020-10-24,907076.3523664868
25-44,North_West,251,0,0,2020-10-24,1052792.0028804548
45-64,North_West,251,0,0,2020-10-24,448078.4101480759
65-74,North_West,251,0,0,2020-10-24,442037.6500971675
75+,North_West,251,0,0,2020-10-24,357769.91320740373
1-4,North_West,252,0,0,2020-10-25,409786.83166856377
5-14,North_West,252,0,0,2020-10-25,126012.98925118081
15-24,North_West,252,0,0,2020-10-25,907076.3523664868
25-44,North_West,252,0,0,2020-10-25,1052792.0028804548
45-64,North_West,252,0,0,2020-10-25,448078.4101480759
65-74,North_West,252,0,0,2020-10-25,442037.6500971675
75+,North_West,252,0,0,2020-10-25,357769.91320740373
1-4,North_West,253,0,0,2020-10-26,409786.83166856377
5-14,North_West,253,0,0,2020-10-26,126012.98925118081
15-24,North_West,253,0,0,2020-10-26,907076.3523664868
25-44,North_West,253,0,0,2020-10-26,1052792.0028804548
45-64,North_West,253,0,0,2020-10-26,448078.4101480759
65-74,North_West,253,0,0,2020-10-26,442037.6500971675
75+,North_West,253,0,0,2020-10-26,357769.91320740373
1-4,North_West,254,0,0,2020-10-27,409786.83166856377
5-14,North_West,254,0,0,2020-10-27,126012.98925118081
15-24,North_West,254,0,0,2020-10-27,907076.3523664868
25-44,North_West,254,0,0,2020-10-27,1052792.0028804548
45-64,North_West,254,0,0,2020-10-27,448078.4101480759
65-74,North_West,254,0,0,2020-10-27,442037.6500971675
75+,North_West,254,0,0,2020-10-27,357769.91320740373
1-4,North_West,255,0,0,2020-10-28,409786.83166856377
5-14,North_West,255,7.27029570848807,0.4354383762415119,2020-10-28,126012.98925118081
15-24,North_West,255,10.156552328509033,0.3751140976762258,2020-10-28,907076.3523664868
25-44,North_West,255,10.252921843724158,0.3707248504293794,2020-10-28,1052792.0028804548
45-64,North_West,255,9.322618021364246,0.3736553291546771,2020-10-28,448078.4101480759
65-74,North_West,255,8.692430103227046,0.09958420585519963,2020-10-28,442037.6500971675
75+,North_West,255,8.241514124594639,0.1408540618012675,2020-10-28,357769.91320740373
1-4,North_West,256,0,0,2020-10-29,409786.83166856377
5-14,North_West,256,0,0,2020-10-29,126012.98925118081
15-24,North_West,256,0,0,2020-10-29,907076.3523664868
25-44,North_West,256,0,0,2020-10-29,1052792.0028804548
45-64,North_West,256,0,0,2020-10-29,448078.4101480759
65-74,North_West,256,0,0,2020-10-29,442037.6500971675
75+,North_West,256,0,0,2020-10-29,357769.91320740373
1-4,North_West,257,0,0,2020-10-30,409786.83166856377
5-14,North_West,257,0,0,2020-10-30,126012.98925118081
15-24,North_West,257,0,0,2020-10-30,907076.3523664868
25-44,North_West,257,0,0,2020-10-30,1052792.0028804548
45-64,North_West,257,0,0,2020-10-30,448078.4101480759
65-74,North_West,257,0,0,2020-10-30,442037.6500971675
75+,North_West,257,0,0,2020-10-30,357769.91320740373
1-4,North_West,258,0,0,2020-10-31,409786.83166856377
5-14,North_West,258,0,0,2020-10-31,126012.98925118081
15-24,North_West,258,0,0,2020-10-31,907076.3523664868
25-44,North_West,258,0,0,2020-10-31,1052792.0028804548
45-64,North_West,258,0,0,2020-10-31,448078.4101480759
65-74,North_West,258,0,0,2020-10-31,442037.6500971675
75+,North_West,258,0,0,2020-10-31,357769.91320740373
1-4,North_West,259,0,0,2020-11-01,409786.83166856377
5-14,North_West,259,0,0,2020-11-01,126012.98925118081
15-24,North_West,259,0,0,2020-11-01,907076.3523664868
25-44,North_West,259,0,0,2020-11-01,1052792.0028804548
45-64,North_West,259,0,0,2020-11-01,448078.4101480759
65-74,North_West,259,0,0,2020-11-01,442037.6500971675
75+,North_West,259,0,0,2020-11-01,357769.91320740373
1-4,North_West,260,0,0,2020-11-02,409786.83166856377
5-14,North_West,260,0,0,2020-11-02,126012.98925118081
15-24,North_West,260,0,0,2020-11-02,907076.3523664868
25-44,North_West,260,0,0,2020-11-02,1052792.0028804548
45-64,North_West,260,0,0,2020-11-02,448078.4101480759
65-74,North_West,260,0,0,2020-11-02,442037.6500971675
75+,North_West,260,0,0,2020-11-02,357769.91320740373
1-4,North_West,261,0,0,2020-11-03,409786.83166856377
5-14,North_West,261,0,0,2020-11-03,126012.98925118081
15-24,North_West,261,0,0,2020-11-03,907076.3523664868
25-44,North_West,261,0,0,2020-11-03,1052792.0028804548
45-64,North_West,261,0,0,2020-11-03,448078.4101480759
65-74,North_West,261,0,0,2020-11-03,442037.6500971675
75+,North_West,261,0,0,2020-11-03,357769.91320740373
1-4,North_West,262,0,0,2020-11-04,409786.83166856377
5-14,North_West,262,0,0,2020-11-04,126012.98925118081
15-24,North_West,262,0,0,2020-11-04,907076.3523664868
25-44,North_West,262,0,0,2020-11-04,1052792.0028804548
45-64,North_West,262,0,0,2020-11-04,448078.4101480759
65-74,North_West,262,0,0,2020-11-04,442037.6500971675
75+,North_West,262,0,0,2020-11-04,357769.91320740373
1-4,North_West,263,0,0,2020-11-05,409786.83166856377
5-14,North_West,263,0,0,2020-11-05,126012.98925118081
15-24,North_West,263,0,0,2020-11-05,907076.3523664868
25-44,North_West,263,0,0,2020-11-05,1052792.0028804548
45-64,North_West,263,0,0,2020-11-05,448078.4101480759
65-74,North_West,263,0,0,2020-11-05,442037.6500971675
75+,North_West,263,0,0,2020-11-05,357769.91320740373
1-4,North_West,264,0,0,2020-11-06,409786.83166856377
5-14,North_West,264,0,0,2020-11-06,126012.98925118081
15-24,North_West,264,0,0,2020-11-06,907076.3523664868
25-44,North_West,264,0,0,2020-11-06,1052792.0028804548
45-64,North_West,264,0,0,2020-11-06,448078.4101480759
65-74,North_West,264,0,0,2020-11-06,442037.6500971675
75+,North_West,264,0,0,2020-11-06,357769.91320740373
1-4,North_West,265,0,0,2020-11-07,409786.83166856377
5-14,North_West,265,0,0,2020-11-07,126012.98925118081
15-24,North_West,265,0,0,2020-11-07,907076.3523664868
25-44,North_West,265,0,0,2020-11-07,1052792.0028804548
45-64,North_West,265,0,0,2020-11-07,448078.4101480759
65-74,North_West,265,0,0,2020-11-07,442037.6500971675
75+,North_West,265,0,0,2020-11-07,357769.91320740373
1-4,North_West,266,0,0,2020-11-08,409786.83166856377
5-14,North_West,266,0,0,2020-11-08,126012.98925118081
15-24,North_West,266,0,0,2020-11-08,907076.3523664868
25-44,North_West,266,0,0,2020-11-08,1052792.0028804548
45-64,North_West,266,0,0,2020-11-08,448078.4101480759
65-74,North_West,266,0,0,2020-11-08,442037.6500971675
75+,North_West,266,0,0,2020-11-08,357769.91320740373
1-4,North_West,267,0,0,2020-11-09,409786.83166856377
5-14,North_West,267,0,0,2020-11-09,126012.98925118081
15-24,North_West,267,0,0,2020-11-09,907076.3523664868
25-44,North_West,267,0,0,2020-11-09,1052792.0028804548
45-64,North_West,267,0,0,2020-11-09,448078.4101480759
65-74,North_West,267,0,0,2020-11-09,442037.6500971675
75+,North_West,267,0,0,2020-11-09,357769.91320740373
1-4,North_West,268,0,0,2020-11-10,409786.83166856377
5-14,North_West,268,0,0,2020-11-10,126012.98925118081
15-24,North_West,268,0,0,2020-11-10,907076.3523664868
25-44,North_West,268,0,0,2020-11-10,1052792.0028804548
45-64,North_West,268,0,0,2020-11-10,448078.4101480759
65-74,North_West,268,0,0,2020-11-10,442037.6500971675
75+,North_West,268,0,0,2020-11-10,357769.91320740373
1-4,North_West,269,0,0,2020-11-11,409786.83166856377
5-14,North_West,269,7.297468105835048,0.43735435225818653,2020-11-11,126012.98925118081
15-24,North_West,269,10.17617252293699,0.3737024586075224,2020-11-11,907076.3523664868
25-44,North_West,269,10.126480059880855,0.37142982839013905,2020-11-11,1052792.0028804548
45-64,North_West,269,9.200634211300688,0.3761473275031564,2020-11-11,448078.4101480759
65-74,North_West,269,8.529186178937358,0.10655251283767325,2020-11-11,442037.6500971675
75+,North_West,269,8.22904514577996,0.14359954577888764,2020-11-11,357769.91320740373
1-4,North_West,270,0,0,2020-11-12,409786.83166856377
5-14,North_West,270,0,0,2020-11-12,126012.98925118081
15-24,North_West,270,0,0,2020-11-12,907076.3523664868
25-44,North_West,270,0,0,2020-11-12,1052792.0028804548
45-64,North_West,270,0,0,2020-11-12,448078.4101480759
65-74,North_West,270,0,0,2020-11-12,442037.6500971675
75+,North_West,270,0,0,2020-11-12,357769.91320740373
1-4,North_West,271,0,0,2020-11-13,409786.83166856377
5-14,North_West,271,0,0,2020-11-13,126012.98925118081
15-24,North_West,271,0,0,2020-11-13,907076.3523664868
25-44,North_West,271,0,0,2020-11-13,1052792.0028804548
45-64,North_West,271,0,0,2020-11-13,448078.4101480759
65-74,North_West,271,0,0,2020-11-13,442037.6500971675
75+,North_West,271,0,0,2020-11-13,357769.91320740373
1-4,North_West,272,0,0,2020-11-14,409786.83166856377
5-14,North_West,272,0,0,2020-11-14,126012.98925118081
15-24,North_West,272,0,0,2020-11-14,907076.3523664868
25-44,North_West,272,0,0,2020-11-14,1052792.0028804548
45-64,North_West,272,0,0,2020-11-14,448078.4101480759
65-74,North_West,272,0,0,2020-11-14,442037.6500971675
75+,North_West,272,0,0,2020-11-14,357769.91320740373
1-4,North_West,273,0,0,2020-11-15,409786.83166856377
5-14,North_West,273,0,0,2020-11-15,126012.98925118081
15-24,North_West,273,0,0,2020-11-15,907076.3523664868
25-44,North_West,273,0,0,2020-11-15,1052792.0028804548
45-64,North_West,273,0,0,2020-11-15,448078.4101480759
65-74,North_West,273,0,0,2020-11-15,442037.6500971675
75+,North_West,273,0,0,2020-11-15,357769.91320740373
1-4,North_West,274,0,0,2020-11-16,409786.83166856377
5-14,North_West,274,0,0,2020-11-16,126012.98925118081
15-24,North_West,274,0,0,2020-11-16,907076.3523664868
25-44,North_West,274,0,0,2020-11-16,1052792.0028804548
45-64,North_West,274,0,0,2020-11-16,448078.4101480759
65-74,North_West,274,0,0,2020-11-16,442037.6500971675
75+,North_West,274,0,0,2020-11-16,357769.91320740373
1-4,North_West,275,0,0,2020-11-17,409786.83166856377
5-14,North_West,275,0,0,2020-11-17,126012.98925118081
15-24,North_West,275,0,0,2020-11-17,907076.3523664868
25-44,North_West,275,0,0,2020-11-17,1052792.0028804548
45-64,North_West,275,0,0,2020-11-17,448078.4101480759
65-74,North_West,275,0,0,2020-11-17,442037.6500971675
75+,North_West,275,0,0,2020-11-17,357769.91320740373
1-4,North_West,276,0,0,2020-11-18,409786.83166856377
5-14,North_West,276,0,0,2020-11-18,126012.98925118081
15-24,North_West,276,0,0,2020-11-18,907076.3523664868
25-44,North_West,276,0,0,2020-11-18,1052792.0028804548
45-64,North_West,276,0,0,2020-11-18,448078.4101480759
65-74,North_West,276,0,0,2020-11-18,442037.6500971675
75+,North_West,276,0,0,2020-11-18,357769.91320740373
1-4,North_West,277,0,0,2020-11-19,409786.83166856377
5-14,North_West,277,0,0,2020-11-19,126012.98925118081
15-24,North_West,277,0,0,2020-11-19,907076.3523664868
25-44,North_West,277,0,0,2020-11-19,1052792.0028804548
45-64,North_West,277,0,0,2020-11-19,448078.4101480759
65-74,North_West,277,0,0,2020-11-19,442037.6500971675
75+,North_West,277,0,0,2020-11-19,357769.91320740373
1-4,North_West,278,0,0,2020-11-20,409786.83166856377
5-14,North_West,278,0,0,2020-11-20,126012.98925118081
15-24,North_West,278,0,0,2020-11-20,907076.3523664868
25-44,North_West,278,0,0,2020-11-20,1052792.0028804548
45-64,North_West,278,0,0,2020-11-20,448078.4101480759
65-74,North_West,278,0,0,2020-11-20,442037.6500971675
75+,North_West,278,0,0,2020-11-20,357769.91320740373
1-4,North_West,279,0,0,2020-11-21,409786.83166856377
5-14,North_West,279,0,0,2020-11-21,126012.98925118081
15-24,North_West,279,0,0,2020-11-21,907076.3523664868
25-44,North_West,279,0,0,2020-11-21,1052792.0028804548
45-64,North_West,279,0,0,2020-11-21,448078.4101480759
65-74,North_West,279,0,0,2020-11-21,442037.6500971675
75+,North_West,279,0,0,2020-11-21,357769.91320740373
1-4,North_West,280,0,0,2020-11-22,409786.83166856377
5-14,North_West,280,0,0,2020-11-22,126012.98925118081
15-24,North_West,280,0,0,2020-11-22,907076.3523664868
25-44,North_West,280,0,0,2020-11-22,1052792.0028804548
45-64,North_West,280,0,0,2020-11-22,448078.4101480759
65-74,North_West,280,0,0,2020-11-22,442037.6500971675
75+,North_West,280,0,0,2020-11-22,357769.91320740373
1-4,North_West,281,0,0,2020-11-23,409786.83166856377
5-14,North_West,281,0,0,2020-11-23,126012.98925118081
15-24,North_West,281,0,0,2020-11-23,907076.3523664868
25-44,North_West,281,0,0,2020-11-23,1052792.0028804548
45-64,North_West,281,0,0,2020-11-23,448078.4101480759
65-74,North_West,281,0,0,2020-11-23,442037.6500971675
75+,North_West,281,0,0,2020-11-23,357769.91320740373
1-4,North_West,282,0,0,2020-11-24,409786.83166856377
5-14,North_West,282,0,0,2020-11-24,126012.98925118081
15-24,North_West,282,0,0,2020-11-24,907076.3523664868
25-44,North_West,282,0,0,2020-11-24,1052792.0028804548
45-64,North_West,282,0,0,2020-11-24,448078.4101480759
65-74,North_West,282,0,0,2020-11-24,442037.6500971675
75+,North_West,282,0,0,2020-11-24,357769.91320740373
1-4,North_West,283,0,0,2020-11-25,409786.83166856377
5-14,North_West,283,7.118666705313968,0.4446477446542708,2020-11-25,126012.98925118081
15-24,North_West,283,9.985171392525931,0.3800116398453894,2020-11-25,907076.3523664868
25-44,North_West,283,9.789212076406372,0.3783472817979099,2020-11-25,1052792.0028804548
45-64,North_West,283,8.885939608096736,0.38039700694071604,2020-11-25,448078.4101480759
65-74,North_West,283,8.18778693695054,0.12623536319345827,2020-11-25,442037.6500971675
75+,North_West,283,8.112839213245218,0.1547823276457365,2020-11-25,357769.91320740373
1-4,North_West,284,0,0,2020-11-26,409786.83166856377
5-14,North_West,284,0,0,2020-11-26,126012.98925118081
15-24,North_West,284,0,0,2020-11-26,907076.3523664868
25-44,North_West,284,0,0,2020-11-26,1052792.0028804548
45-64,North_West,284,0,0,2020-11-26,448078.4101480759
65-74,North_West,284,0,0,2020-11-26,442037.6500971675
75+,North_West,284,0,0,2020-11-26,357769.91320740373
1-4,North_West,285,0,0,2020-11-27,409786.83166856377
5-14,North_West,285,0,0,2020-11-27,126012.98925118081
15-24,North_West,285,0,0,2020-11-27,907076.3523664868
25-44,North_West,285,0,0,2020-11-27,1052792.0028804548
45-64,North_West,285,0,0,2020-11-27,448078.4101480759
65-74,North_West,285,0,0,2020-11-27,442037.6500971675
75+,North_West,285,0,0,2020-11-27,357769.91320740373
1-4,North_West,286,0,0,2020-11-28,409786.83166856377
5-14,North_West,286,0,0,2020-11-28,126012.98925118081
15-24,North_West,286,0,0,2020-11-28,907076.3523664868
25-44,North_West,286,0,0,2020-11-28,1052792.0028804548
45-64,North_West,286,0,0,2020-11-28,448078.4101480759
65-74,North_West,286,0,0,2020-11-28,442037.6500971675
75+,North_West,286,0,0,2020-11-28,357769.91320740373
1-4,North_West,287,0,0,2020-11-29,409786.83166856377
5-14,North_West,287,0,0,2020-11-29,126012.98925118081
15-24,North_West,287,0,0,2020-11-29,907076.3523664868
25-44,North_West,287,0,0,2020-11-29,1052792.0028804548
45-64,North_West,287,0,0,2020-11-29,448078.4101480759
65-74,North_West,287,0,0,2020-11-29,442037.6500971675
75+,North_West,287,0,0,2020-11-29,357769.91320740373
1-4,North_West,288,0,0,2020-11-30,409786.83166856377
5-14,North_West,288,0,0,2020-11-30,126012.98925118081
15-24,North_West,288,0,0,2020-11-30,907076.3523664868
25-44,North_West,288,0,0,2020-11-30,1052792.0028804548
45-64,North_West,288,0,0,2020-11-30,448078.4101480759
65-74,North_West,288,0,0,2020-11-30,442037.6500971675
75+,North_West,288,0,0,2020-11-30,357769.91320740373
1-4,North_West,289,0,0,2020-12-01,409786.83166856377
5-14,North_West,289,0,0,2020-12-01,126012.98925118081
15-24,North_West,289,0,0,2020-12-01,907076.3523664868
25-44,North_West,289,0,0,2020-12-01,1052792.0028804548
45-64,North_West,289,0,0,2020-12-01,448078.4101480759
65-74,North_West,289,0,0,2020-12-01,442037.6500971675
75+,North_West,289,0,0,2020-12-01,357769.91320740373
1-4,North_West,290,0,0,2020-12-02,409786.83166856377
5-14,North_West,290,0,0,2020-12-02,126012.98925118081
15-24,North_West,290,0,0,2020-12-02,907076.3523664868
25-44,North_West,290,0,0,2020-12-02,1052792.0028804548
45-64,North_West,290,0,0,2020-12-02,448078.4101480759
65-74,North_West,290,0,0,2020-12-02,442037.6500971675
75+,North_West,290,0,0,2020-12-02,357769.91320740373
1-4,North_West,291,0,0,2020-12-03,409786.83166856377
5-14,North_West,291,0,0,2020-12-03,126012.98925118081
15-24,North_West,291,0,0,2020-12-03,907076.3523664868
25-44,North_West,291,0,0,2020-12-03,1052792.0028804548
45-64,North_West,291,0,0,2020-12-03,448078.4101480759
65-74,North_West,291,0,0,2020-12-03,442037.6500971675
75+,North_West,291,0,0,2020-12-03,357769.91320740373
1-4,North_West,292,0,0,2020-12-04,409786.83166856377
5-14,North_West,292,0,0,2020-12-04,126012.98925118081
15-24,North_West,292,0,0,2020-12-04,907076.3523664868
25-44,North_West,292,0,0,2020-12-04,1052792.0028804548
45-64,North_West,292,0,0,2020-12-04,448078.4101480759
65-74,North_West,292,0,0,2020-12-04,442037.6500971675
75+,North_West,292,0,0,2020-12-04,357769.91320740373
1-4,North_West,293,0,0,2020-12-05,409786.83166856377
5-14,North_West,293,0,0,2020-12-05,126012.98925118081
15-24,North_West,293,0,0,2020-12-05,907076.3523664868
25-44,North_West,293,0,0,2020-12-05,1052792.0028804548
45-64,North_West,293,0,0,2020-12-05,448078.4101480759
65-74,North_West,293,0,0,2020-12-05,442037.6500971675
75+,North_West,293,0,0,2020-12-05,357769.91320740373
1-4,North_West,294,0,0,2020-12-06,409786.83166856377
5-14,North_West,294,0,0,2020-12-06,126012.98925118081
15-24,North_West,294,0,0,2020-12-06,907076.3523664868
25-44,North_West,294,0,0,2020-12-06,1052792.0028804548
45-64,North_West,294,0,0,2020-12-06,448078.4101480759
65-74,North_West,294,0,0,2020-12-06,442037.6500971675
75+,North_West,294,0,0,2020-12-06,357769.91320740373
1-4,North_West,295,0,0,2020-12-07,409786.83166856377
5-14,North_West,295,0,0,2020-12-07,126012.98925118081
15-24,North_West,295,0,0,2020-12-07,907076.3523664868
25-44,North_West,295,0,0,2020-12-07,1052792.0028804548
45-64,North_West,295,0,0,2020-12-07,448078.4101480759
65-74,North_West,295,0,0,2020-12-07,442037.6500971675
75+,North_West,295,0,0,2020-12-07,357769.91320740373
1-4,North_West,296,0,0,2020-12-08,409786.83166856377
5-14,North_West,296,0,0,2020-12-08,126012.98925118081
15-24,North_West,296,0,0,2020-12-08,907076.3523664868
25-44,North_West,296,0,0,2020-12-08,1052792.0028804548
45-64,North_West,296,0,0,2020-12-08,448078.4101480759
65-74,North_West,296,0,0,2020-12-08,442037.6500971675
75+,North_West,296,0,0,2020-12-08,357769.91320740373
1-4,North_West,297,0,0,2020-12-09,409786.83166856377
5-14,North_West,297,6.845842949998106,0.45903596687329756,2020-12-09,126012.98925118081
15-24,North_West,297,9.577114850393643,0.38561495834354176,2020-12-09,907076.3523664868
25-44,North_West,297,9.424110928782076,0.38034306024426606,2020-12-09,1052792.0028804548
45-64,North_West,297,8.341489624405092,0.39187969420667507,2020-12-09,448078.4101480759
65-74,North_West,297,7.909616957443447,0.13854753191110109,2020-12-09,442037.6500971675
75+,North_West,297,8.044394220862626,0.15772083976747112,2020-12-09,357769.91320740373
1-4,North_West,298,0,0,2020-12-10,409786.83166856377
5-14,North_West,298,0,0,2020-12-10,126012.98925118081
15-24,North_West,298,0,0,2020-12-10,907076.3523664868
25-44,North_West,298,0,0,2020-12-10,1052792.0028804548
45-64,North_West,298,0,0,2020-12-10,448078.4101480759
65-74,North_West,298,0,0,2020-12-10,442037.6500971675
75+,North_West,298,0,0,2020-12-10,357769.91320740373
1-4,North_West,299,0,0,2020-12-11,409786.83166856377
5-14,North_West,299,0,0,2020-12-11,126012.98925118081
15-24,North_West,299,0,0,2020-12-11,907076.3523664868
25-44,North_West,299,0,0,2020-12-11,1052792.0028804548
45-64,North_West,299,0,0,2020-12-11,448078.4101480759
65-74,North_West,299,0,0,2020-12-11,442037.6500971675
75+,North_West,299,0,0,2020-12-11,357769.91320740373
1-4,North_West,300,0,0,2020-12-12,409786.83166856377
5-14,North_West,300,0,0,2020-12-12,126012.98925118081
15-24,North_West,300,0,0,2020-12-12,907076.3523664868
25-44,North_West,300,0,0,2020-12-12,1052792.0028804548
45-64,North_West,300,0,0,2020-12-12,448078.4101480759
65-74,North_West,300,0,0,2020-12-12,442037.6500971675
75+,North_West,300,0,0,2020-12-12,357769.91320740373
1-4,North_West,301,0,0,2020-12-13,409786.83166856377
5-14,North_West,301,0,0,2020-12-13,126012.98925118081
15-24,North_West,301,0,0,2020-12-13,907076.3523664868
25-44,North_West,301,0,0,2020-12-13,1052792.0028804548
45-64,North_West,301,0,0,2020-12-13,448078.4101480759
65-74,North_West,301,0,0,2020-12-13,442037.6500971675
75+,North_West,301,0,0,2020-12-13,357769.91320740373
1-4,North_West,302,0,0,2020-12-14,409786.83166856377
5-14,North_West,302,0,0,2020-12-14,126012.98925118081
15-24,North_West,302,0,0,2020-12-14,907076.3523664868
25-44,North_West,302,0,0,2020-12-14,1052792.0028804548
45-64,North_West,302,0,0,2020-12-14,448078.4101480759
65-74,North_West,302,0,0,2020-12-14,442037.6500971675
75+,North_West,302,0,0,2020-12-14,357769.91320740373
1-4,North_West,303,0,0,2020-12-15,409786.83166856377
5-14,North_West,303,0,0,2020-12-15,126012.98925118081
15-24,North_West,303,0,0,2020-12-15,907076.3523664868
25-44,North_West,303,0,0,2020-12-15,1052792.0028804548
45-64,North_West,303,0,0,2020-12-15,448078.4101480759
65-74,North_West,303,0,0,2020-12-15,442037.6500971675
75+,North_West,303,0,0,2020-12-15,357769.91320740373
1-4,North_West,304,0,0,2020-12-16,409786.83166856377
5-14,North_West,304,0,0,2020-12-16,126012.98925118081
15-24,North_West,304,0,0,2020-12-16,907076.3523664868
25-44,North_West,304,0,0,2020-12-16,1052792.0028804548
45-64,North_West,304,0,0,2020-12-16,448078.4101480759
65-74,North_West,304,0,0,2020-12-16,442037.6500971675
75+,North_West,304,0,0,2020-12-16,357769.91320740373
1-4,North_West,305,0,0,2020-12-17,409786.83166856377
5-14,North_West,305,0,0,2020-12-17,126012.98925118081
15-24,North_West,305,0,0,2020-12-17,907076.3523664868
25-44,North_West,305,0,0,2020-12-17,1052792.0028804548
45-64,North_West,305,0,0,2020-12-17,448078.4101480759
65-74,North_West,305,0,0,2020-12-17,442037.6500971675
75+,North_West,305,0,0,2020-12-17,357769.91320740373
1-4,North_West,306,0,0,2020-12-18,409786.83166856377
5-14,North_West,306,0,0,2020-12-18,126012.98925118081
15-24,North_West,306,0,0,2020-12-18,907076.3523664868
25-44,North_West,306,0,0,2020-12-18,1052792.0028804548
45-64,North_West,306,0,0,2020-12-18,448078.4101480759
65-74,North_West,306,0,0,2020-12-18,442037.6500971675
75+,North_West,306,0,0,2020-12-18,357769.91320740373
1-4,North_West,307,0,0,2020-12-19,409786.83166856377
5-14,North_West,307,0,0,2020-12-19,126012.98925118081
15-24,North_West,307,0,0,2020-12-19,907076.3523664868
25-44,North_West,307,0,0,2020-12-19,1052792.0028804548
45-64,North_West,307,0,0,2020-12-19,448078.4101480759
65-74,North_West,307,0,0,2020-12-19,442037.6500971675
75+,North_West,307,0,0,2020-12-19,357769.91320740373
1-4,North_West,308,0,0,2020-12-20,409786.83166856377
5-14,North_West,308,0,0,2020-12-20,126012.98925118081
15-24,North_West,308,0,0,2020-12-20,907076.3523664868
25-44,North_West,308,0,0,2020-12-20,1052792.0028804548
45-64,North_West,308,0,0,2020-12-20,448078.4101480759
65-74,North_West,308,0,0,2020-12-20,442037.6500971675
75+,North_West,308,0,0,2020-12-20,357769.91320740373
1-4,North_West,309,0,0,2020-12-21,409786.83166856377
5-14,North_West,309,0,0,2020-12-21,126012.98925118081
15-24,North_West,309,0,0,2020-12-21,907076.3523664868
25-44,North_West,309,0,0,2020-12-21,1052792.0028804548
45-64,North_West,309,0,0,2020-12-21,448078.4101480759
65-74,North_West,309,0,0,2020-12-21,442037.6500971675
75+,North_West,309,0,0,2020-12-21,357769.91320740373
1-4,North_West,310,0,0,2020-12-22,409786.83166856377
5-14,North_West,310,0,0,2020-12-22,126012.98925118081
15-24,North_West,310,0,0,2020-12-22,907076.3523664868
25-44,North_West,310,0,0,2020-12-22,1052792.0028804548
45-64,North_West,310,0,0,2020-12-22,448078.4101480759
65-74,North_West,310,0,0,2020-12-22,442037.6500971675
75+,North_West,310,0,0,2020-12-22,357769.91320740373
1-4,North_West,311,0,0,2020-12-23,409786.83166856377
5-14,North_West,311,7.239864809103406,0.45221807574482087,2020-12-23,126012.98925118081
15-24,North_West,311,9.792061575473772,0.38740062095218675,2020-12-23,907076.3523664868
25-44,North_West,311,9.790396123448447,0.38053227000699225,2020-12-23,1052792.0028804548
45-64,North_West,311,8.620083318757853,0.39278234353992264,2020-12-23,448078.4101480759
65-74,North_West,311,8.231707177534961,0.13649168178829538,2020-12-23,442037.6500971675
75+,North_West,311,8.364185635498638,0.1541650322259926,2020-12-23,357769.91320740373
1-4,North_West,312,0,0,2020-12-24,409786.83166856377
5-14,North_West,312,0,0,2020-12-24,126012.98925118081
15-24,North_West,312,0,0,2020-12-24,907076.3523664868
25-44,North_West,312,0,0,2020-12-24,1052792.0028804548
45-64,North_West,312,0,0,2020-12-24,448078.4101480759
65-74,North_West,312,0,0,2020-12-24,442037.6500971675
75+,North_West,312,0,0,2020-12-24,357769.91320740373
1-4,North_West,313,0,0,2020-12-25,409786.83166856377
5-14,North_West,313,0,0,2020-12-25,126012.98925118081
15-24,North_West,313,0,0,2020-12-25,907076.3523664868
25-44,North_West,313,0,0,2020-12-25,1052792.0028804548
45-64,North_West,313,0,0,2020-12-25,448078.4101480759
65-74,North_West,313,0,0,2020-12-25,442037.6500971675
75+,North_West,313,0,0,2020-12-25,357769.91320740373
1-4,North_West,314,0,0,2020-12-26,409786.83166856377
5-14,North_West,314,0,0,2020-12-26,126012.98925118081
15-24,North_West,314,0,0,2020-12-26,907076.3523664868
25-44,North_West,314,0,0,2020-12-26,1052792.0028804548
45-64,North_West,314,0,0,2020-12-26,448078.4101480759
65-74,North_West,314,0,0,2020-12-26,442037.6500971675
75+,North_West,314,0,0,2020-12-26,357769.91320740373
1-4,North_West,315,0,0,2020-12-27,409786.83166856377
5-14,North_West,315,0,0,2020-12-27,126012.98925118081
15-24,North_West,315,0,0,2020-12-27,907076.3523664868
25-44,North_West,315,0,0,2020-12-27,1052792.0028804548
45-64,North_West,315,0,0,2020-12-27,448078.4101480759
65-74,North_West,315,0,0,2020-12-27,442037.6500971675
75+,North_West,315,0,0,2020-12-27,357769.91320740373
1-4,North_West,316,0,0,2020-12-28,409786.83166856377
5-14,North_West,316,0,0,2020-12-28,126012.98925118081
15-24,North_West,316,0,0,2020-12-28,907076.3523664868
25-44,North_West,316,0,0,2020-12-28,1052792.0028804548
45-64,North_West,316,0,0,2020-12-28,448078.4101480759
65-74,North_West,316,0,0,2020-12-28,442037.6500971675
75+,North_West,316,0,0,2020-12-28,357769.91320740373
1-4,North_West,317,0,0,2020-12-29,409786.83166856377
5-14,North_West,317,0,0,2020-12-29,126012.98925118081
15-24,North_West,317,0,0,2020-12-29,907076.3523664868
25-44,North_West,317,0,0,2020-12-29,1052792.0028804548
45-64,North_West,317,0,0,2020-12-29,448078.4101480759
65-74,North_West,317,0,0,2020-12-29,442037.6500971675
75+,North_West,317,0,0,2020-12-29,357769.91320740373
1-4,North_West,318,0,0,2020-12-30,409786.83166856377
5-14,North_West,318,0,0,2020-12-30,126012.98925118081
15-24,North_West,318,0,0,2020-12-30,907076.3523664868
25-44,North_West,318,0,0,2020-12-30,1052792.0028804548
45-64,North_West,318,0,0,2020-12-30,448078.4101480759
65-74,North_West,318,0,0,2020-12-30,442037.6500971675
75+,North_West,318,0,0,2020-12-30,357769.91320740373
1-4,North_West,319,0,0,2020-12-31,409786.83166856377
5-14,North_West,319,0,0,2020-12-31,126012.98925118081
15-24,North_West,319,0,0,2020-12-31,907076.3523664868
25-44,North_West,319,0,0,2020-12-31,1052792.0028804548
45-64,North_West,319,0,0,2020-12-31,448078.4101480759
65-74,North_West,319,0,0,2020-12-31,442037.6500971675
75+,North_West,319,0,0,2020-12-31,357769.91320740373
1-4,North_West,320,0,0,2021-01-01,409786.83166856377
5-14,North_West,320,0,0,2021-01-01,126012.98925118081
15-24,North_West,320,0,0,2021-01-01,907076.3523664868
25-44,North_West,320,0,0,2021-01-01,1052792.0028804548
45-64,North_West,320,0,0,2021-01-01,448078.4101480759
65-74,North_West,320,0,0,2021-01-01,442037.6500971675
75+,North_West,320,0,0,2021-01-01,357769.91320740373
1-4,North_West,321,0,0,2021-01-02,409786.83166856377
5-14,North_West,321,0,0,2021-01-02,126012.98925118081
15-24,North_West,321,0,0,2021-01-02,907076.3523664868
25-44,North_West,321,0,0,2021-01-02,1052792.0028804548
45-64,North_West,321,0,0,2021-01-02,448078.4101480759
65-74,North_West,321,0,0,2021-01-02,442037.6500971675
75+,North_West,321,0,0,2021-01-02,357769.91320740373
1-4,North_West,322,0,0,2021-01-03,409786.83166856377
5-14,North_West,322,0,0,2021-01-03,126012.98925118081
15-24,North_West,322,0,0,2021-01-03,907076.3523664868
25-44,North_West,322,0,0,2021-01-03,1052792.0028804548
45-64,North_West,322,0,0,2021-01-03,448078.4101480759
65-74,North_West,322,0,0,2021-01-03,442037.6500971675
75+,North_West,322,0,0,2021-01-03,357769.91320740373
1-4,North_West,323,0,0,2021-01-04,409786.83166856377
5-14,North_West,323,0,0,2021-01-04,126012.98925118081
15-24,North_West,323,0,0,2021-01-04,907076.3523664868
25-44,North_West,323,0,0,2021-01-04,1052792.0028804548
45-64,North_West,323,0,0,2021-01-04,448078.4101480759
65-74,North_West,323,0,0,2021-01-04,442037.6500971675
75+,North_West,323,0,0,2021-01-04,357769.91320740373
1-4,North_West,324,0,0,2021-01-05,409786.83166856377
5-14,North_West,324,0,0,2021-01-05,126012.98925118081
15-24,North_West,324,0,0,2021-01-05,907076.3523664868
25-44,North_West,324,0,0,2021-01-05,1052792.0028804548
45-64,North_West,324,0,0,2021-01-05,448078.4101480759
65-74,North_West,324,0,0,2021-01-05,442037.6500971675
75+,North_West,324,0,0,2021-01-05,357769.91320740373
1-4,North_West,325,0,0,2021-01-06,409786.83166856377
5-14,North_West,325,7.779745564181564,0.43117860531549457,2021-01-06,126012.98925118081
15-24,North_West,325,10.141917936636982,0.3784282746683196,2021-01-06,907076.3523664868
25-44,North_West,325,10.273003400738329,0.3711222982215998,2021-01-06,1052792.0028804548
45-64,North_West,325,8.986682294810661,0.383261568833992,2021-01-06,448078.4101480759
65-74,North_West,325,8.500968609999408,0.11673713685984743,2021-01-06,442037.6500971675
75+,North_West,325,8.603672158435375,0.13470106539582802,2021-01-06,357769.91320740373
1-4,North_West,326,0,0,2021-01-07,409786.83166856377
5-14,North_West,326,0,0,2021-01-07,126012.98925118081
15-24,North_West,326,0,0,2021-01-07,907076.3523664868
25-44,North_West,326,0,0,2021-01-07,1052792.0028804548
45-64,North_West,326,0,0,2021-01-07,448078.4101480759
65-74,North_West,326,0,0,2021-01-07,442037.6500971675
75+,North_West,326,0,0,2021-01-07,357769.91320740373
1-4,North_West,327,0,0,2021-01-08,409786.83166856377
5-14,North_West,327,0,0,2021-01-08,126012.98925118081
15-24,North_West,327,0,0,2021-01-08,907076.3523664868
25-44,North_West,327,0,0,2021-01-08,1052792.0028804548
45-64,North_West,327,0,0,2021-01-08,448078.4101480759
65-74,North_West,327,0,0,2021-01-08,442037.6500971675
75+,North_West,327,0,0,2021-01-08,357769.91320740373
1-4,North_West,328,0,0,2021-01-09,409786.83166856377
5-14,North_West,328,0,0,2021-01-09,126012.98925118081
15-24,North_West,328,0,0,2021-01-09,907076.3523664868
25-44,North_West,328,0,0,2021-01-09,1052792.0028804548
45-64,North_West,328,0,0,2021-01-09,448078.4101480759
65-74,North_West,328,0,0,2021-01-09,442037.6500971675
75+,North_West,328,0,0,2021-01-09,357769.91320740373
1-4,North_West,329,0,0,2021-01-10,409786.83166856377
5-14,North_West,329,0,0,2021-01-10,126012.98925118081
15-24,North_West,329,0,0,2021-01-10,907076.3523664868
25-44,North_West,329,0,0,2021-01-10,1052792.0028804548
45-64,North_West,329,0,0,2021-01-10,448078.4101480759
65-74,North_West,329,0,0,2021-01-10,442037.6500971675
75+,North_West,329,0,0,2021-01-10,357769.91320740373
1-4,North_West,330,0,0,2021-01-11,409786.83166856377
5-14,North_West,330,0,0,2021-01-11,126012.98925118081
15-24,North_West,330,0,0,2021-01-11,907076.3523664868
25-44,North_West,330,0,0,2021-01-11,1052792.0028804548
45-64,North_West,330,0,0,2021-01-11,448078.4101480759
65-74,North_West,330,0,0,2021-01-11,442037.6500971675
75+,North_West,330,0,0,2021-01-11,357769.91320740373
1-4,North_West,331,0,0,2021-01-12,409786.83166856377
5-14,North_West,331,0,0,2021-01-12,126012.98925118081
15-24,North_West,331,0,0,2021-01-12,907076.3523664868
25-44,North_West,331,0,0,2021-01-12,1052792.0028804548
45-64,North_West,331,0,0,2021-01-12,448078.4101480759
65-74,North_West,331,0,0,2021-01-12,442037.6500971675
75+,North_West,331,0,0,2021-01-12,357769.91320740373
1-4,North_West,332,0,0,2021-01-13,409786.83166856377
5-14,North_West,332,0,0,2021-01-13,126012.98925118081
15-24,North_West,332,0,0,2021-01-13,907076.3523664868
25-44,North_West,332,0,0,2021-01-13,1052792.0028804548
45-64,North_West,332,0,0,2021-01-13,448078.4101480759
65-74,North_West,332,0,0,2021-01-13,442037.6500971675
75+,North_West,332,0,0,2021-01-13,357769.91320740373
1-4,North_West,333,0,0,2021-01-14,409786.83166856377
5-14,North_West,333,0,0,2021-01-14,126012.98925118081
15-24,North_West,333,0,0,2021-01-14,907076.3523664868
25-44,North_West,333,0,0,2021-01-14,1052792.0028804548
45-64,North_West,333,0,0,2021-01-14,448078.4101480759
65-74,North_West,333,0,0,2021-01-14,442037.6500971675
75+,North_West,333,0,0,2021-01-14,357769.91320740373
1-4,North_West,334,0,0,2021-01-15,409786.83166856377
5-14,North_West,334,0,0,2021-01-15,126012.98925118081
15-24,North_West,334,0,0,2021-01-15,907076.3523664868
25-44,North_West,334,0,0,2021-01-15,1052792.0028804548
45-64,North_West,334,0,0,2021-01-15,448078.4101480759
65-74,North_West,334,0,0,2021-01-15,442037.6500971675
75+,North_West,334,0,0,2021-01-15,357769.91320740373
1-4,North_West,335,0,0,2021-01-16,409786.83166856377
5-14,North_West,335,0,0,2021-01-16,126012.98925118081
15-24,North_West,335,0,0,2021-01-16,907076.3523664868
25-44,North_West,335,0,0,2021-01-16,1052792.0028804548
45-64,North_West,335,0,0,2021-01-16,448078.4101480759
65-74,North_West,335,0,0,2021-01-16,442037.6500971675
75+,North_West,335,0,0,2021-01-16,357769.91320740373
1-4,North_West,336,0,0,2021-01-17,409786.83166856377
5-14,North_West,336,0,0,2021-01-17,126012.98925118081
15-24,North_West,336,0,0,2021-01-17,907076.3523664868
25-44,North_West,336,0,0,2021-01-17,1052792.0028804548
45-64,North_West,336,0,0,2021-01-17,448078.4101480759
65-74,North_West,336,0,0,2021-01-17,442037.6500971675
75+,North_West,336,0,0,2021-01-17,357769.91320740373
1-4,North_West,337,0,0,2021-01-18,409786.83166856377
5-14,North_West,337,0,0,2021-01-18,126012.98925118081
15-24,North_West,337,0,0,2021-01-18,907076.3523664868
25-44,North_West,337,0,0,2021-01-18,1052792.0028804548
45-64,North_West,337,0,0,2021-01-18,448078.4101480759
65-74,North_West,337,0,0,2021-01-18,442037.6500971675
75+,North_West,337,0,0,2021-01-18,357769.91320740373
1-4,North_West,338,0,0,2021-01-19,409786.83166856377
5-14,North_West,338,0,0,2021-01-19,126012.98925118081
15-24,North_West,338,0,0,2021-01-19,907076.3523664868
25-44,North_West,338,0,0,2021-01-19,1052792.0028804548
45-64,North_West,338,0,0,2021-01-19,448078.4101480759
65-74,North_West,338,0,0,2021-01-19,442037.6500971675
75+,North_West,338,0,0,2021-01-19,357769.91320740373
1-4,North_West,339,0,0,2021-01-20,409786.83166856377
5-14,North_West,339,7.9684182041935525,0.42285959545466456,2021-01-20,126012.98925118081
15-24,North_West,339,10.256505041196805,0.37651949369364557,2021-01-20,907076.3523664868
25-44,North_West,339,10.277311207309612,0.37133405872198105,2021-01-20,1052792.0028804548
45-64,North_West,339,8.92105883763281,0.3848771312303147,2021-01-20,448078.4101480759
65-74,North_West,339,8.483406382641611,0.11979521465484111,2021-01-20,442037.6500971675
75+,North_West,339,8.496282478258474,0.14158662845486195,2021-01-20,357769.91320740373
1-4,North_West,340,0,0,2021-01-21,409786.83166856377
5-14,North_West,340,0,0,2021-01-21,126012.98925118081
15-24,North_West,340,0,0,2021-01-21,907076.3523664868
25-44,North_West,340,0,0,2021-01-21,1052792.0028804548
45-64,North_West,340,0,0,2021-01-21,448078.4101480759
65-74,North_West,340,0,0,2021-01-21,442037.6500971675
75+,North_West,340,0,0,2021-01-21,357769.91320740373
1-4,North_West,341,0,0,2021-01-22,409786.83166856377
5-14,North_West,341,0,0,2021-01-22,126012.98925118081
15-24,North_West,341,0,0,2021-01-22,907076.3523664868
25-44,North_West,341,0,0,2021-01-22,1052792.0028804548
45-64,North_West,341,0,0,2021-01-22,448078.4101480759
65-74,North_West,341,0,0,2021-01-22,442037.6500971675
75+,North_West,341,0,0,2021-01-22,357769.91320740373
1-4,North_West,342,0,0,2021-01-23,409786.83166856377
5-14,North_West,342,0,0,2021-01-23,126012.98925118081
15-24,North_West,342,0,0,2021-01-23,907076.3523664868
25-44,North_West,342,0,0,2021-01-23,1052792.0028804548
45-64,North_West,342,0,0,2021-01-23,448078.4101480759
65-74,North_West,342,0,0,2021-01-23,442037.6500971675
75+,North_West,342,0,0,2021-01-23,357769.91320740373
1-4,North_West,343,0,0,2021-01-24,409786.83166856377
5-14,North_West,343,0,0,2021-01-24,126012.98925118081
15-24,North_West,343,0,0,2021-01-24,907076.3523664868
25-44,North_West,343,0,0,2021-01-24,1052792.0028804548
45-64,North_West,343,0,0,2021-01-24,448078.4101480759
65-74,North_West,343,0,0,2021-01-24,442037.6500971675
75+,North_West,343,0,0,2021-01-24,357769.91320740373
1-4,North_West,344,0,0,2021-01-25,409786.83166856377
5-14,North_West,344,0,0,2021-01-25,126012.98925118081
15-24,North_West,344,0,0,2021-01-25,907076.3523664868
25-44,North_West,344,0,0,2021-01-25,1052792.0028804548
45-64,North_West,344,0,0,2021-01-25,448078.4101480759
65-74,North_West,344,0,0,2021-01-25,442037.6500971675
75+,North_West,344,0,0,2021-01-25,357769.91320740373
1-4,North_West,345,0,0,2021-01-26,409786.83166856377
5-14,North_West,345,0,0,2021-01-26,126012.98925118081
15-24,North_West,345,0,0,2021-01-26,907076.3523664868
25-44,North_West,345,0,0,2021-01-26,1052792.0028804548
45-64,North_West,345,0,0,2021-01-26,448078.4101480759
65-74,North_West,345,0,0,2021-01-26,442037.6500971675
75+,North_West,345,0,0,2021-01-26,357769.91320740373
1-4,North_West,346,0,0,2021-01-27,409786.83166856377
5-14,North_West,346,0,0,2021-01-27,126012.98925118081
15-24,North_West,346,0,0,2021-01-27,907076.3523664868
25-44,North_West,346,0,0,2021-01-27,1052792.0028804548
45-64,North_West,346,0,0,2021-01-27,448078.4101480759
65-74,North_West,346,0,0,2021-01-27,442037.6500971675
75+,North_West,346,0,0,2021-01-27,357769.91320740373
1-4,North_West,347,0,0,2021-01-28,409786.83166856377
5-14,North_West,347,0,0,2021-01-28,126012.98925118081
15-24,North_West,347,0,0,2021-01-28,907076.3523664868
25-44,North_West,347,0,0,2021-01-28,1052792.0028804548
45-64,North_West,347,0,0,2021-01-28,448078.4101480759
65-74,North_West,347,0,0,2021-01-28,442037.6500971675
75+,North_West,347,0,0,2021-01-28,357769.91320740373
1-4,North_West,348,0,0,2021-01-29,409786.83166856377
5-14,North_West,348,0,0,2021-01-29,126012.98925118081
15-24,North_West,348,0,0,2021-01-29,907076.3523664868
25-44,North_West,348,0,0,2021-01-29,1052792.0028804548
45-64,North_West,348,0,0,2021-01-29,448078.4101480759
65-74,North_West,348,0,0,2021-01-29,442037.6500971675
75+,North_West,348,0,0,2021-01-29,357769.91320740373
1-4,North_West,349,0,0,2021-01-30,409786.83166856377
5-14,North_West,349,0,0,2021-01-30,126012.98925118081
15-24,North_West,349,0,0,2021-01-30,907076.3523664868
25-44,North_West,349,0,0,2021-01-30,1052792.0028804548
45-64,North_West,349,0,0,2021-01-30,448078.4101480759
65-74,North_West,349,0,0,2021-01-30,442037.6500971675
75+,North_West,349,0,0,2021-01-30,357769.91320740373
1-4,North_West,350,0,0,2021-01-31,409786.83166856377
5-14,North_West,350,0,0,2021-01-31,126012.98925118081
15-24,North_West,350,0,0,2021-01-31,907076.3523664868
25-44,North_West,350,0,0,2021-01-31,1052792.0028804548
45-64,North_West,350,0,0,2021-01-31,448078.4101480759
65-74,North_West,350,0,0,2021-01-31,442037.6500971675
75+,North_West,350,0,0,2021-01-31,357769.91320740373
1-4,North_West,351,0,0,2021-02-01,409786.83166856377
5-14,North_West,351,0,0,2021-02-01,126012.98925118081
15-24,North_West,351,0,0,2021-02-01,907076.3523664868
25-44,North_West,351,0,0,2021-02-01,1052792.0028804548
45-64,North_West,351,0,0,2021-02-01,448078.4101480759
65-74,North_West,351,0,0,2021-02-01,442037.6500971675
75+,North_West,351,0,0,2021-02-01,357769.91320740373
1-4,North_West,352,0,0,2021-02-02,409786.83166856377
5-14,North_West,352,0,0,2021-02-02,126012.98925118081
15-24,North_West,352,0,0,2021-02-02,907076.3523664868
25-44,North_West,352,0,0,2021-02-02,1052792.0028804548
45-64,North_West,352,0,0,2021-02-02,448078.4101480759
65-74,North_West,352,0,0,2021-02-02,442037.6500971675
75+,North_West,352,0,0,2021-02-02,357769.91320740373
1-4,North_West,353,0,0,2021-02-03,409786.83166856377
5-14,North_West,353,7.670142232357591,0.4271885948277853,2021-02-03,126012.98925118081
15-24,North_West,353,9.9154223226435,0.3836079084780015,2021-02-03,907076.3523664868
25-44,North_West,353,9.889651439141758,0.37899835305293994,2021-02-03,1052792.0028804548
45-64,North_West,353,8.354763771042528,0.3926450196797531,2021-02-03,448078.4101480759
65-74,North_West,353,8.100038173561138,0.13448624304074905,2021-02-03,442037.6500971675
75+,North_West,353,7.970411620952205,0.16454083618685167,2021-02-03,357769.91320740373
1-4,North_West,354,0,0,2021-02-04,409786.83166856377
5-14,North_West,354,0,0,2021-02-04,126012.98925118081
15-24,North_West,354,0,0,2021-02-04,907076.3523664868
25-44,North_West,354,0,0,2021-02-04,1052792.0028804548
45-64,North_West,354,0,0,2021-02-04,448078.4101480759
65-74,North_West,354,0,0,2021-02-04,442037.6500971675
75+,North_West,354,0,0,2021-02-04,357769.91320740373
1-4,North_West,355,0,0,2021-02-05,409786.83166856377
5-14,North_West,355,0,0,2021-02-05,126012.98925118081
15-24,North_West,355,0,0,2021-02-05,907076.3523664868
25-44,North_West,355,0,0,2021-02-05,1052792.0028804548
45-64,North_West,355,0,0,2021-02-05,448078.4101480759
65-74,North_West,355,0,0,2021-02-05,442037.6500971675
75+,North_West,355,0,0,2021-02-05,357769.91320740373
1-4,North_West,356,0,0,2021-02-06,409786.83166856377
5-14,North_West,356,0,0,2021-02-06,126012.98925118081
15-24,North_West,356,0,0,2021-02-06,907076.3523664868
25-44,North_West,356,0,0,2021-02-06,1052792.0028804548
45-64,North_West,356,0,0,2021-02-06,448078.4101480759
65-74,North_West,356,0,0,2021-02-06,442037.6500971675
75+,North_West,356,0,0,2021-02-06,357769.91320740373
1-4,North_West,357,0,0,2021-02-07,409786.83166856377
5-14,North_West,357,0,0,2021-02-07,126012.98925118081
15-24,North_West,357,0,0,2021-02-07,907076.3523664868
25-44,North_West,357,0,0,2021-02-07,1052792.0028804548
45-64,North_West,357,0,0,2021-02-07,448078.4101480759
65-74,North_West,357,0,0,2021-02-07,442037.6500971675
75+,North_West,357,0,0,2021-02-07,357769.91320740373
1-4,North_West,358,0,0,2021-02-08,409786.83166856377
5-14,North_West,358,0,0,2021-02-08,126012.98925118081
15-24,North_West,358,0,0,2021-02-08,907076.3523664868
25-44,North_West,358,0,0,2021-02-08,1052792.0028804548
45-64,North_West,358,0,0,2021-02-08,448078.4101480759
65-74,North_West,358,0,0,2021-02-08,442037.6500971675
75+,North_West,358,0,0,2021-02-08,357769.91320740373
1-4,North_West,359,0,0,2021-02-09,409786.83166856377
5-14,North_West,359,0,0,2021-02-09,126012.98925118081
15-24,North_West,359,0,0,2021-02-09,907076.3523664868
25-44,North_West,359,0,0,2021-02-09,1052792.0028804548
45-64,North_West,359,0,0,2021-02-09,448078.4101480759
65-74,North_West,359,0,0,2021-02-09,442037.6500971675
75+,North_West,359,0,0,2021-02-09,357769.91320740373
1-4,North_West,360,0,0,2021-02-10,409786.83166856377
5-14,North_West,360,0,0,2021-02-10,126012.98925118081
15-24,North_West,360,0,0,2021-02-10,907076.3523664868
25-44,North_West,360,0,0,2021-02-10,1052792.0028804548
45-64,North_West,360,0,0,2021-02-10,448078.4101480759
65-74,North_West,360,0,0,2021-02-10,442037.6500971675
75+,North_West,360,0,0,2021-02-10,357769.91320740373
1-4,North_West,361,0,0,2021-02-11,409786.83166856377
5-14,North_West,361,0,0,2021-02-11,126012.98925118081
15-24,North_West,361,0,0,2021-02-11,907076.3523664868
25-44,North_West,361,0,0,2021-02-11,1052792.0028804548
45-64,North_West,361,0,0,2021-02-11,448078.4101480759
65-74,North_West,361,0,0,2021-02-11,442037.6500971675
75+,North_West,361,0,0,2021-02-11,357769.91320740373
1-4,North_West,362,0,0,2021-02-12,409786.83166856377
5-14,North_West,362,0,0,2021-02-12,126012.98925118081
15-24,North_West,362,0,0,2021-02-12,907076.3523664868
25-44,North_West,362,0,0,2021-02-12,1052792.0028804548
45-64,North_West,362,0,0,2021-02-12,448078.4101480759
65-74,North_West,362,0,0,2021-02-12,442037.6500971675
75+,North_West,362,0,0,2021-02-12,357769.91320740373
1-4,North_West,363,0,0,2021-02-13,409786.83166856377
5-14,North_West,363,0,0,2021-02-13,126012.98925118081
15-24,North_West,363,0,0,2021-02-13,907076.3523664868
25-44,North_West,363,0,0,2021-02-13,1052792.0028804548
45-64,North_West,363,0,0,2021-02-13,448078.4101480759
65-74,North_West,363,0,0,2021-02-13,442037.6500971675
75+,North_West,363,0,0,2021-02-13,357769.91320740373
1-4,North_West,364,0,0,2021-02-14,409786.83166856377
5-14,North_West,364,0,0,2021-02-14,126012.98925118081
15-24,North_West,364,0,0,2021-02-14,907076.3523664868
25-44,North_West,364,0,0,2021-02-14,1052792.0028804548
45-64,North_West,364,0,0,2021-02-14,448078.4101480759
65-74,North_West,364,0,0,2021-02-14,442037.6500971675
75+,North_West,364,0,0,2021-02-14,357769.91320740373
1-4,North_West,365,0,0,2021-02-15,409786.83166856377
5-14,North_West,365,0,0,2021-02-15,126012.98925118081
15-24,North_West,365,0,0,2021-02-15,907076.3523664868
25-44,North_West,365,0,0,2021-02-15,1052792.0028804548
45-64,North_West,365,0,0,2021-02-15,448078.4101480759
65-74,North_West,365,0,0,2021-02-15,442037.6500971675
75+,North_West,365,0,0,2021-02-15,357769.91320740373
1-4,North_West,366,0,0,2021-02-16,409786.83166856377
5-14,North_West,366,0,0,2021-02-16,126012.98925118081
15-24,North_West,366,0,0,2021-02-16,907076.3523664868
25-44,North_West,366,0,0,2021-02-16,1052792.0028804548
45-64,North_West,366,0,0,2021-02-16,448078.4101480759
65-74,North_West,366,0,0,2021-02-16,442037.6500971675
75+,North_West,366,0,0,2021-02-16,357769.91320740373
1-4,North_West,367,0,0,2021-02-17,409786.83166856377
5-14,North_West,367,7.308664151947514,0.444752080627983,2021-02-17,126012.98925118081
15-24,North_West,367,9.375752073921815,0.3928603477329736,2021-02-17,907076.3523664868
25-44,North_West,367,9.366390001793638,0.38639860377403246,2021-02-17,1052792.0028804548
45-64,North_West,367,7.791629843566082,0.4042885494234516,2021-02-17,448078.4101480759
65-74,North_West,367,7.6913205214115905,0.16176967759974112,2021-02-17,442037.6500971675
75+,North_West,367,7.368686709218808,0.21332090022825587,2021-02-17,357769.91320740373
1-4,North_West,368,0,0,2021-02-18,409786.83166856377
5-14,North_West,368,0,0,2021-02-18,126012.98925118081
15-24,North_West,368,0,0,2021-02-18,907076.3523664868
25-44,North_West,368,0,0,2021-02-18,1052792.0028804548
45-64,North_West,368,0,0,2021-02-18,448078.4101480759
65-74,North_West,368,0,0,2021-02-18,442037.6500971675
75+,North_West,368,0,0,2021-02-18,357769.91320740373
1-4,North_West,369,0,0,2021-02-19,409786.83166856377
5-14,North_West,369,0,0,2021-02-19,126012.98925118081
15-24,North_West,369,0,0,2021-02-19,907076.3523664868
25-44,North_West,369,0,0,2021-02-19,1052792.0028804548
45-64,North_West,369,0,0,2021-02-19,448078.4101480759
65-74,North_West,369,0,0,2021-02-19,442037.6500971675
75+,North_West,369,0,0,2021-02-19,357769.91320740373
1-4,North_West,370,0,0,2021-02-20,409786.83166856377
5-14,North_West,370,0,0,2021-02-20,126012.98925118081
15-24,North_West,370,0,0,2021-02-20,907076.3523664868
25-44,North_West,370,0,0,2021-02-20,1052792.0028804548
45-64,North_West,370,0,0,2021-02-20,448078.4101480759
65-74,North_West,370,0,0,2021-02-20,442037.6500971675
75+,North_West,370,0,0,2021-02-20,357769.91320740373
1-4,North_West,371,0,0,2021-02-21,409786.83166856377
5-14,North_West,371,0,0,2021-02-21,126012.98925118081
15-24,North_West,371,0,0,2021-02-21,907076.3523664868
25-44,North_West,371,0,0,2021-02-21,1052792.0028804548
45-64,North_West,371,0,0,2021-02-21,448078.4101480759
65-74,North_West,371,0,0,2021-02-21,442037.6500971675
75+,North_West,371,0,0,2021-02-21,357769.91320740373
1-4,North_West,372,0,0,2021-02-22,409786.83166856377
5-14,North_West,372,0,0,2021-02-22,126012.98925118081
15-24,North_West,372,0,0,2021-02-22,907076.3523664868
25-44,North_West,372,0,0,2021-02-22,1052792.0028804548
45-64,North_West,372,0,0,2021-02-22,448078.4101480759
65-74,North_West,372,0,0,2021-02-22,442037.6500971675
75+,North_West,372,0,0,2021-02-22,357769.91320740373
1-4,North_West,373,0,0,2021-02-23,409786.83166856377
5-14,North_West,373,0,0,2021-02-23,126012.98925118081
15-24,North_West,373,0,0,2021-02-23,907076.3523664868
25-44,North_West,373,0,0,2021-02-23,1052792.0028804548
45-64,North_West,373,0,0,2021-02-23,448078.4101480759
65-74,North_West,373,0,0,2021-02-23,442037.6500971675
75+,North_West,373,0,0,2021-02-23,357769.91320740373
1-4,North_West,374,0,0,2021-02-24,409786.83166856377
5-14,North_West,374,0,0,2021-02-24,126012.98925118081
15-24,North_West,374,0,0,2021-02-24,907076.3523664868
25-44,North_West,374,0,0,2021-02-24,1052792.0028804548
45-64,North_West,374,0,0,2021-02-24,448078.4101480759
65-74,North_West,374,0,0,2021-02-24,442037.6500971675
75+,North_West,374,0,0,2021-02-24,357769.91320740373
1-4,North_West,375,0,0,2021-02-25,409786.83166856377
5-14,North_West,375,0,0,2021-02-25,126012.98925118081
15-24,North_West,375,0,0,2021-02-25,907076.3523664868
25-44,North_West,375,0,0,2021-02-25,1052792.0028804548
45-64,North_West,375,0,0,2021-02-25,448078.4101480759
65-74,North_West,375,0,0,2021-02-25,442037.6500971675
75+,North_West,375,0,0,2021-02-25,357769.91320740373
1-4,North_West,376,0,0,2021-02-26,409786.83166856377
5-14,North_West,376,0,0,2021-02-26,126012.98925118081
15-24,North_West,376,0,0,2021-02-26,907076.3523664868
25-44,North_West,376,0,0,2021-02-26,1052792.0028804548
45-64,North_West,376,0,0,2021-02-26,448078.4101480759
65-74,North_West,376,0,0,2021-02-26,442037.6500971675
75+,North_West,376,0,0,2021-02-26,357769.91320740373
1-4,North_West,377,0,0,2021-02-27,409786.83166856377
5-14,North_West,377,0,0,2021-02-27,126012.98925118081
15-24,North_West,377,0,0,2021-02-27,907076.3523664868
25-44,North_West,377,0,0,2021-02-27,1052792.0028804548
45-64,North_West,377,0,0,2021-02-27,448078.4101480759
65-74,North_West,377,0,0,2021-02-27,442037.6500971675
75+,North_West,377,0,0,2021-02-27,357769.91320740373
1-4,North_West,378,0,0,2021-02-28,409786.83166856377
5-14,North_West,378,0,0,2021-02-28,126012.98925118081
15-24,North_West,378,0,0,2021-02-28,907076.3523664868
25-44,North_West,378,0,0,2021-02-28,1052792.0028804548
45-64,North_West,378,0,0,2021-02-28,448078.4101480759
65-74,North_West,378,0,0,2021-02-28,442037.6500971675
75+,North_West,378,0,0,2021-02-28,357769.91320740373
1-4,North_West,379,0,0,2021-03-01,409786.83166856377
5-14,North_West,379,0,0,2021-03-01,126012.98925118081
15-24,North_West,379,0,0,2021-03-01,907076.3523664868
25-44,North_West,379,0,0,2021-03-01,1052792.0028804548
45-64,North_West,379,0,0,2021-03-01,448078.4101480759
65-74,North_West,379,0,0,2021-03-01,442037.6500971675
75+,North_West,379,0,0,2021-03-01,357769.91320740373
1-4,North_West,380,0,0,2021-03-02,409786.83166856377
5-14,North_West,380,0,0,2021-03-02,126012.98925118081
15-24,North_West,380,0,0,2021-03-02,907076.3523664868
25-44,North_West,380,0,0,2021-03-02,1052792.0028804548
45-64,North_West,380,0,0,2021-03-02,448078.4101480759
65-74,North_West,380,0,0,2021-03-02,442037.6500971675
75+,North_West,380,0,0,2021-03-02,357769.91320740373
1-4,North_West,381,0,0,2021-03-03,409786.83166856377
5-14,North_West,381,7.049163085732192,0.4698225740104391,2021-03-03,126012.98925118081
15-24,North_West,381,8.657840377147943,0.4025427673884588,2021-03-03,907076.3523664868
25-44,North_West,381,8.54824181844401,0.3998937658084736,2021-03-03,1052792.0028804548
45-64,North_West,381,7.075761420184954,0.42744990669787547,2021-03-03,448078.4101480759
65-74,North_West,381,7.09486067281914,0.19944666313742643,2021-03-03,442037.6500971675
75+,North_West,381,6.5960983556906205,0.2808028845790808,2021-03-03,357769.91320740373
1-4,North_West,382,0,0,2021-03-04,409786.83166856377
5-14,North_West,382,0,0,2021-03-04,126012.98925118081
15-24,North_West,382,0,0,2021-03-04,907076.3523664868
25-44,North_West,382,0,0,2021-03-04,1052792.0028804548
45-64,North_West,382,0,0,2021-03-04,448078.4101480759
65-74,North_West,382,0,0,2021-03-04,442037.6500971675
75+,North_West,382,0,0,2021-03-04,357769.91320740373
1-4,North_West,383,0,0,2021-03-05,409786.83166856377
5-14,North_West,383,0,0,2021-03-05,126012.98925118081
15-24,North_West,383,0,0,2021-03-05,907076.3523664868
25-44,North_West,383,0,0,2021-03-05,1052792.0028804548
45-64,North_West,383,0,0,2021-03-05,448078.4101480759
65-74,North_West,383,0,0,2021-03-05,442037.6500971675
75+,North_West,383,0,0,2021-03-05,357769.91320740373
1-4,North_West,384,0,0,2021-03-06,409786.83166856377
5-14,North_West,384,0,0,2021-03-06,126012.98925118081
15-24,North_West,384,0,0,2021-03-06,907076.3523664868
25-44,North_West,384,0,0,2021-03-06,1052792.0028804548
45-64,North_West,384,0,0,2021-03-06,448078.4101480759
65-74,North_West,384,0,0,2021-03-06,442037.6500971675
75+,North_West,384,0,0,2021-03-06,357769.91320740373
1-4,North_West,385,0,0,2021-03-07,409786.83166856377
5-14,North_West,385,0,0,2021-03-07,126012.98925118081
15-24,North_West,385,0,0,2021-03-07,907076.3523664868
25-44,North_West,385,0,0,2021-03-07,1052792.0028804548
45-64,North_West,385,0,0,2021-03-07,448078.4101480759
65-74,North_West,385,0,0,2021-03-07,442037.6500971675
75+,North_West,385,0,0,2021-03-07,357769.91320740373
1-4,North_West,386,0,0,2021-03-08,409786.83166856377
5-14,North_West,386,0,0,2021-03-08,126012.98925118081
15-24,North_West,386,0,0,2021-03-08,907076.3523664868
25-44,North_West,386,0,0,2021-03-08,1052792.0028804548
45-64,North_West,386,0,0,2021-03-08,448078.4101480759
65-74,North_West,386,0,0,2021-03-08,442037.6500971675
75+,North_West,386,0,0,2021-03-08,357769.91320740373
1-4,North_West,387,0,0,2021-03-09,409786.83166856377
5-14,North_West,387,0,0,2021-03-09,126012.98925118081
15-24,North_West,387,0,0,2021-03-09,907076.3523664868
25-44,North_West,387,0,0,2021-03-09,1052792.0028804548
45-64,North_West,387,0,0,2021-03-09,448078.4101480759
65-74,North_West,387,0,0,2021-03-09,442037.6500971675
75+,North_West,387,0,0,2021-03-09,357769.91320740373
1-4,North_West,388,0,0,2021-03-10,409786.83166856377
5-14,North_West,388,0,0,2021-03-10,126012.98925118081
15-24,North_West,388,0,0,2021-03-10,907076.3523664868
25-44,North_West,388,0,0,2021-03-10,1052792.0028804548
45-64,North_West,388,0,0,2021-03-10,448078.4101480759
65-74,North_West,388,0,0,2021-03-10,442037.6500971675
75+,North_West,388,0,0,2021-03-10,357769.91320740373
1-4,North_West,389,0,0,2021-03-11,409786.83166856377
5-14,North_West,389,0,0,2021-03-11,126012.98925118081
15-24,North_West,389,0,0,2021-03-11,907076.3523664868
25-44,North_West,389,0,0,2021-03-11,1052792.0028804548
45-64,North_West,389,0,0,2021-03-11,448078.4101480759
65-74,North_West,389,0,0,2021-03-11,442037.6500971675
75+,North_West,389,0,0,2021-03-11,357769.91320740373
1-4,North_West,390,0,0,2021-03-12,409786.83166856377
5-14,North_West,390,0,0,2021-03-12,126012.98925118081
15-24,North_West,390,0,0,2021-03-12,907076.3523664868
25-44,North_West,390,0,0,2021-03-12,1052792.0028804548
45-64,North_West,390,0,0,2021-03-12,448078.4101480759
65-74,North_West,390,0,0,2021-03-12,442037.6500971675
75+,North_West,390,0,0,2021-03-12,357769.91320740373
1-4,North_West,391,0,0,2021-03-13,409786.83166856377
5-14,North_West,391,0,0,2021-03-13,126012.98925118081
15-24,North_West,391,0,0,2021-03-13,907076.3523664868
25-44,North_West,391,0,0,2021-03-13,1052792.0028804548
45-64,North_West,391,0,0,2021-03-13,448078.4101480759
65-74,North_West,391,0,0,2021-03-13,442037.6500971675
75+,North_West,391,0,0,2021-03-13,357769.91320740373
1-4,North_West,392,0,0,2021-03-14,409786.83166856377
5-14,North_West,392,0,0,2021-03-14,126012.98925118081
15-24,North_West,392,0,0,2021-03-14,907076.3523664868
25-44,North_West,392,0,0,2021-03-14,1052792.0028804548
45-64,North_West,392,0,0,2021-03-14,448078.4101480759
65-74,North_West,392,0,0,2021-03-14,442037.6500971675
75+,North_West,392,0,0,2021-03-14,357769.91320740373
1-4,North_West,393,0,0,2021-03-15,409786.83166856377
5-14,North_West,393,0,0,2021-03-15,126012.98925118081
15-24,North_West,393,0,0,2021-03-15,907076.3523664868
25-44,North_West,393,0,0,2021-03-15,1052792.0028804548
45-64,North_West,393,0,0,2021-03-15,448078.4101480759
65-74,North_West,393,0,0,2021-03-15,442037.6500971675
75+,North_West,393,0,0,2021-03-15,357769.91320740373
1-4,North_West,394,0,0,2021-03-16,409786.83166856377
5-14,North_West,394,0,0,2021-03-16,126012.98925118081
15-24,North_West,394,0,0,2021-03-16,907076.3523664868
25-44,North_West,394,0,0,2021-03-16,1052792.0028804548
45-64,North_West,394,0,0,2021-03-16,448078.4101480759
65-74,North_West,394,0,0,2021-03-16,442037.6500971675
75+,North_West,394,0,0,2021-03-16,357769.91320740373
1-4,North_West,395,0,0,2021-03-17,409786.83166856377
5-14,North_West,395,7.617502932018346,0.5482335442280495,2021-03-17,126012.98925118081
15-24,North_West,395,8.638622732571035,0.43139285577463504,2021-03-17,907076.3523664868
25-44,North_West,395,8.551198123006493,0.4231183947037821,2021-03-17,1052792.0028804548
45-64,North_West,395,7.077585870894506,0.504642019647366,2021-03-17,448078.4101480759
65-74,North_West,395,6.9884636011865044,0.29698889034168885,2021-03-17,442037.6500971675
75+,North_West,395,6.447731931649887,0.4409689295010772,2021-03-17,357769.91320740373
1-4,South_East,75,0,0,2020-05-01,964800.4537784602
5-14,South_East,75,0,0,2020-05-01,315808.97940717835
15-24,South_East,75,0,0,2020-05-01,2241345.395107426
25-44,South_East,75,0,0,2020-05-01,2427809.730718852
45-64,South_East,75,0,0,2020-05-01,1146771.5718427924
65-74,South_East,75,0,0,2020-05-01,943400.4192470231
75+,South_East,75,0,0,2020-05-01,812027.4422183116
1-4,South_East,76,0,0,2020-05-02,964800.4537784602
5-14,South_East,76,0,0,2020-05-02,315808.97940717835
15-24,South_East,76,0,0,2020-05-02,2241345.395107426
25-44,South_East,76,0,0,2020-05-02,2427809.730718852
45-64,South_East,76,0,0,2020-05-02,1146771.5718427924
65-74,South_East,76,0,0,2020-05-02,943400.4192470231
75+,South_East,76,0,0,2020-05-02,812027.4422183116
1-4,South_East,77,0,0,2020-05-03,964800.4537784602
5-14,South_East,77,0,0,2020-05-03,315808.97940717835
15-24,South_East,77,0,0,2020-05-03,2241345.395107426
25-44,South_East,77,0,0,2020-05-03,2427809.730718852
45-64,South_East,77,0,0,2020-05-03,1146771.5718427924
65-74,South_East,77,0,0,2020-05-03,943400.4192470231
75+,South_East,77,0,0,2020-05-03,812027.4422183116
1-4,South_East,78,0,0,2020-05-04,964800.4537784602
5-14,South_East,78,0,0,2020-05-04,315808.97940717835
15-24,South_East,78,0,0,2020-05-04,2241345.395107426
25-44,South_East,78,0,0,2020-05-04,2427809.730718852
45-64,South_East,78,0,0,2020-05-04,1146771.5718427924
65-74,South_East,78,0,0,2020-05-04,943400.4192470231
75+,South_East,78,0,0,2020-05-04,812027.4422183116
1-4,South_East,79,0,0,2020-05-05,964800.4537784602
5-14,South_East,79,0,0,2020-05-05,315808.97940717835
15-24,South_East,79,0,0,2020-05-05,2241345.395107426
25-44,South_East,79,0,0,2020-05-05,2427809.730718852
45-64,South_East,79,0,0,2020-05-05,1146771.5718427924
65-74,South_East,79,0,0,2020-05-05,943400.4192470231
75+,South_East,79,0,0,2020-05-05,812027.4422183116
1-4,South_East,80,0,0,2020-05-06,964800.4537784602
5-14,South_East,80,0,0,2020-05-06,315808.97940717835
15-24,South_East,80,0,0,2020-05-06,2241345.395107426
25-44,South_East,80,0,0,2020-05-06,2427809.730718852
45-64,South_East,80,0,0,2020-05-06,1146771.5718427924
65-74,South_East,80,0,0,2020-05-06,943400.4192470231
75+,South_East,80,0,0,2020-05-06,812027.4422183116
1-4,South_East,81,0,0,2020-05-07,964800.4537784602
5-14,South_East,81,0,0,2020-05-07,315808.97940717835
15-24,South_East,81,0,0,2020-05-07,2241345.395107426
25-44,South_East,81,0,0,2020-05-07,2427809.730718852
45-64,South_East,81,0,0,2020-05-07,1146771.5718427924
65-74,South_East,81,0,0,2020-05-07,943400.4192470231
75+,South_East,81,0,0,2020-05-07,812027.4422183116
1-4,South_East,82,0,0,2020-05-08,964800.4537784602
5-14,South_East,82,0,0,2020-05-08,315808.97940717835
15-24,South_East,82,0,0,2020-05-08,2241345.395107426
25-44,South_East,82,0,0,2020-05-08,2427809.730718852
45-64,South_East,82,0,0,2020-05-08,1146771.5718427924
65-74,South_East,82,0,0,2020-05-08,943400.4192470231
75+,South_East,82,0,0,2020-05-08,812027.4422183116
1-4,South_East,83,0,0,2020-05-09,964800.4537784602
5-14,South_East,83,0,0,2020-05-09,315808.97940717835
15-24,South_East,83,0,0,2020-05-09,2241345.395107426
25-44,South_East,83,0,0,2020-05-09,2427809.730718852
45-64,South_East,83,0,0,2020-05-09,1146771.5718427924
65-74,South_East,83,0,0,2020-05-09,943400.4192470231
75+,South_East,83,0,0,2020-05-09,812027.4422183116
1-4,South_East,84,0,0,2020-05-10,964800.4537784602
5-14,South_East,84,0,0,2020-05-10,315808.97940717835
15-24,South_East,84,0,0,2020-05-10,2241345.395107426
25-44,South_East,84,0,0,2020-05-10,2427809.730718852
45-64,South_East,84,0,0,2020-05-10,1146771.5718427924
65-74,South_East,84,0,0,2020-05-10,943400.4192470231
75+,South_East,84,0,0,2020-05-10,812027.4422183116
1-4,South_East,85,0,0,2020-05-11,964800.4537784602
5-14,South_East,85,0,0,2020-05-11,315808.97940717835
15-24,South_East,85,0,0,2020-05-11,2241345.395107426
25-44,South_East,85,0,0,2020-05-11,2427809.730718852
45-64,South_East,85,0,0,2020-05-11,1146771.5718427924
65-74,South_East,85,0,0,2020-05-11,943400.4192470231
75+,South_East,85,0,0,2020-05-11,812027.4422183116
1-4,South_East,86,0,0,2020-05-12,964800.4537784602
5-14,South_East,86,0,0,2020-05-12,315808.97940717835
15-24,South_East,86,0,0,2020-05-12,2241345.395107426
25-44,South_East,86,0,0,2020-05-12,2427809.730718852
45-64,South_East,86,0,0,2020-05-12,1146771.5718427924
65-74,South_East,86,0,0,2020-05-12,943400.4192470231
75+,South_East,86,0,0,2020-05-12,812027.4422183116
1-4,South_East,87,0,0,2020-05-13,964800.4537784602
5-14,South_East,87,8.186227452362596,0.6379722210957671,2020-05-13,315808.97940717835
15-24,South_East,87,9.00470240169994,0.5404064010926818,2020-05-13,2241345.395107426
25-44,South_East,87,9.366962077288976,0.46222385763717905,2020-05-13,2427809.730718852
45-64,South_East,87,8.368031085554604,0.543307873429802,2020-05-13,1146771.5718427924
65-74,South_East,87,7.996984148395016,0.3815679543640498,2020-05-13,943400.4192470231
75+,South_East,87,8.639918224269163,0.44253413277907055,2020-05-13,812027.4422183116
1-4,South_East,88,0,0,2020-05-14,964800.4537784602
5-14,South_East,88,0,0,2020-05-14,315808.97940717835
15-24,South_East,88,0,0,2020-05-14,2241345.395107426
25-44,South_East,88,0,0,2020-05-14,2427809.730718852
45-64,South_East,88,0,0,2020-05-14,1146771.5718427924
65-74,South_East,88,0,0,2020-05-14,943400.4192470231
75+,South_East,88,0,0,2020-05-14,812027.4422183116
1-4,South_East,89,0,0,2020-05-15,964800.4537784602
5-14,South_East,89,0,0,2020-05-15,315808.97940717835
15-24,South_East,89,0,0,2020-05-15,2241345.395107426
25-44,South_East,89,0,0,2020-05-15,2427809.730718852
45-64,South_East,89,0,0,2020-05-15,1146771.5718427924
65-74,South_East,89,0,0,2020-05-15,943400.4192470231
75+,South_East,89,0,0,2020-05-15,812027.4422183116
1-4,South_East,90,0,0,2020-05-16,964800.4537784602
5-14,South_East,90,0,0,2020-05-16,315808.97940717835
15-24,South_East,90,0,0,2020-05-16,2241345.395107426
25-44,South_East,90,0,0,2020-05-16,2427809.730718852
45-64,South_East,90,0,0,2020-05-16,1146771.5718427924
65-74,South_East,90,0,0,2020-05-16,943400.4192470231
75+,South_East,90,0,0,2020-05-16,812027.4422183116
1-4,South_East,91,0,0,2020-05-17,964800.4537784602
5-14,South_East,91,0,0,2020-05-17,315808.97940717835
15-24,South_East,91,0,0,2020-05-17,2241345.395107426
25-44,South_East,91,0,0,2020-05-17,2427809.730718852
45-64,South_East,91,0,0,2020-05-17,1146771.5718427924
65-74,South_East,91,0,0,2020-05-17,943400.4192470231
75+,South_East,91,0,0,2020-05-17,812027.4422183116
1-4,South_East,92,0,0,2020-05-18,964800.4537784602
5-14,South_East,92,0,0,2020-05-18,315808.97940717835
15-24,South_East,92,0,0,2020-05-18,2241345.395107426
25-44,South_East,92,0,0,2020-05-18,2427809.730718852
45-64,South_East,92,0,0,2020-05-18,1146771.5718427924
65-74,South_East,92,0,0,2020-05-18,943400.4192470231
75+,South_East,92,0,0,2020-05-18,812027.4422183116
1-4,South_East,93,0,0,2020-05-19,964800.4537784602
5-14,South_East,93,0,0,2020-05-19,315808.97940717835
15-24,South_East,93,0,0,2020-05-19,2241345.395107426
25-44,South_East,93,0,0,2020-05-19,2427809.730718852
45-64,South_East,93,0,0,2020-05-19,1146771.5718427924
65-74,South_East,93,0,0,2020-05-19,943400.4192470231
75+,South_East,93,0,0,2020-05-19,812027.4422183116
1-4,South_East,94,0,0,2020-05-20,964800.4537784602
5-14,South_East,94,0,0,2020-05-20,315808.97940717835
15-24,South_East,94,0,0,2020-05-20,2241345.395107426
25-44,South_East,94,0,0,2020-05-20,2427809.730718852
45-64,South_East,94,0,0,2020-05-20,1146771.5718427924
65-74,South_East,94,0,0,2020-05-20,943400.4192470231
75+,South_East,94,0,0,2020-05-20,812027.4422183116
1-4,South_East,95,0,0,2020-05-21,964800.4537784602
5-14,South_East,95,0,0,2020-05-21,315808.97940717835
15-24,South_East,95,0,0,2020-05-21,2241345.395107426
25-44,South_East,95,0,0,2020-05-21,2427809.730718852
45-64,South_East,95,0,0,2020-05-21,1146771.5718427924
65-74,South_East,95,0,0,2020-05-21,943400.4192470231
75+,South_East,95,0,0,2020-05-21,812027.4422183116
1-4,South_East,96,0,0,2020-05-22,964800.4537784602
5-14,South_East,96,0,0,2020-05-22,315808.97940717835
15-24,South_East,96,0,0,2020-05-22,2241345.395107426
25-44,South_East,96,0,0,2020-05-22,2427809.730718852
45-64,South_East,96,0,0,2020-05-22,1146771.5718427924
65-74,South_East,96,0,0,2020-05-22,943400.4192470231
75+,South_East,96,0,0,2020-05-22,812027.4422183116
1-4,South_East,97,0,0,2020-05-23,964800.4537784602
5-14,South_East,97,0,0,2020-05-23,315808.97940717835
15-24,South_East,97,0,0,2020-05-23,2241345.395107426
25-44,South_East,97,0,0,2020-05-23,2427809.730718852
45-64,South_East,97,0,0,2020-05-23,1146771.5718427924
65-74,South_East,97,0,0,2020-05-23,943400.4192470231
75+,South_East,97,0,0,2020-05-23,812027.4422183116
1-4,South_East,98,0,0,2020-05-24,964800.4537784602
5-14,South_East,98,0,0,2020-05-24,315808.97940717835
15-24,South_East,98,0,0,2020-05-24,2241345.395107426
25-44,South_East,98,0,0,2020-05-24,2427809.730718852
45-64,South_East,98,0,0,2020-05-24,1146771.5718427924
65-74,South_East,98,0,0,2020-05-24,943400.4192470231
75+,South_East,98,0,0,2020-05-24,812027.4422183116
1-4,South_East,99,0,0,2020-05-25,964800.4537784602
5-14,South_East,99,0,0,2020-05-25,315808.97940717835
15-24,South_East,99,0,0,2020-05-25,2241345.395107426
25-44,South_East,99,0,0,2020-05-25,2427809.730718852
45-64,South_East,99,0,0,2020-05-25,1146771.5718427924
65-74,South_East,99,0,0,2020-05-25,943400.4192470231
75+,South_East,99,0,0,2020-05-25,812027.4422183116
1-4,South_East,100,0,0,2020-05-26,964800.4537784602
5-14,South_East,100,0,0,2020-05-26,315808.97940717835
15-24,South_East,100,0,0,2020-05-26,2241345.395107426
25-44,South_East,100,0,0,2020-05-26,2427809.730718852
45-64,South_East,100,0,0,2020-05-26,1146771.5718427924
65-74,South_East,100,0,0,2020-05-26,943400.4192470231
75+,South_East,100,0,0,2020-05-26,812027.4422183116
1-4,South_East,101,0,0,2020-05-27,964800.4537784602
5-14,South_East,101,7.757243034646435,0.5416376453903914,2020-05-27,315808.97940717835
15-24,South_East,101,8.59951752724944,0.4925224991490239,2020-05-27,2241345.395107426
25-44,South_East,101,8.654667526953487,0.4604535315799068,2020-05-27,2427809.730718852
45-64,South_East,101,7.886035589026274,0.5035508101680181,2020-05-27,1146771.5718427924
65-74,South_East,101,7.508535641612827,0.3385144727669657,2020-05-27,943400.4192470231
75+,South_East,101,8.11563398595467,0.38126102305415993,2020-05-27,812027.4422183116
1-4,South_East,102,0,0,2020-05-28,964800.4537784602
5-14,South_East,102,0,0,2020-05-28,315808.97940717835
15-24,South_East,102,0,0,2020-05-28,2241345.395107426
25-44,South_East,102,0,0,2020-05-28,2427809.730718852
45-64,South_East,102,0,0,2020-05-28,1146771.5718427924
65-74,South_East,102,0,0,2020-05-28,943400.4192470231
75+,South_East,102,0,0,2020-05-28,812027.4422183116
1-4,South_East,103,0,0,2020-05-29,964800.4537784602
5-14,South_East,103,0,0,2020-05-29,315808.97940717835
15-24,South_East,103,0,0,2020-05-29,2241345.395107426
25-44,South_East,103,0,0,2020-05-29,2427809.730718852
45-64,South_East,103,0,0,2020-05-29,1146771.5718427924
65-74,South_East,103,0,0,2020-05-29,943400.4192470231
75+,South_East,103,0,0,2020-05-29,812027.4422183116
1-4,South_East,104,0,0,2020-05-30,964800.4537784602
5-14,South_East,104,0,0,2020-05-30,315808.97940717835
15-24,South_East,104,0,0,2020-05-30,2241345.395107426
25-44,South_East,104,0,0,2020-05-30,2427809.730718852
45-64,South_East,104,0,0,2020-05-30,1146771.5718427924
65-74,South_East,104,0,0,2020-05-30,943400.4192470231
75+,South_East,104,0,0,2020-05-30,812027.4422183116
1-4,South_East,105,0,0,2020-05-31,964800.4537784602
5-14,South_East,105,0,0,2020-05-31,315808.97940717835
15-24,South_East,105,0,0,2020-05-31,2241345.395107426
25-44,South_East,105,0,0,2020-05-31,2427809.730718852
45-64,South_East,105,0,0,2020-05-31,1146771.5718427924
65-74,South_East,105,0,0,2020-05-31,943400.4192470231
75+,South_East,105,0,0,2020-05-31,812027.4422183116
1-4,South_East,106,0,0,2020-06-01,964800.4537784602
5-14,South_East,106,0,0,2020-06-01,315808.97940717835
15-24,South_East,106,0,0,2020-06-01,2241345.395107426
25-44,South_East,106,0,0,2020-06-01,2427809.730718852
45-64,South_East,106,0,0,2020-06-01,1146771.5718427924
65-74,South_East,106,0,0,2020-06-01,943400.4192470231
75+,South_East,106,0,0,2020-06-01,812027.4422183116
1-4,South_East,107,0,0,2020-06-02,964800.4537784602
5-14,South_East,107,0,0,2020-06-02,315808.97940717835
15-24,South_East,107,0,0,2020-06-02,2241345.395107426
25-44,South_East,107,0,0,2020-06-02,2427809.730718852
45-64,South_East,107,0,0,2020-06-02,1146771.5718427924
65-74,South_East,107,0,0,2020-06-02,943400.4192470231
75+,South_East,107,0,0,2020-06-02,812027.4422183116
1-4,South_East,108,0,0,2020-06-03,964800.4537784602
5-14,South_East,108,0,0,2020-06-03,315808.97940717835
15-24,South_East,108,0,0,2020-06-03,2241345.395107426
25-44,South_East,108,0,0,2020-06-03,2427809.730718852
45-64,South_East,108,0,0,2020-06-03,1146771.5718427924
65-74,South_East,108,0,0,2020-06-03,943400.4192470231
75+,South_East,108,0,0,2020-06-03,812027.4422183116
1-4,South_East,109,0,0,2020-06-04,964800.4537784602
5-14,South_East,109,0,0,2020-06-04,315808.97940717835
15-24,South_East,109,0,0,2020-06-04,2241345.395107426
25-44,South_East,109,0,0,2020-06-04,2427809.730718852
45-64,South_East,109,0,0,2020-06-04,1146771.5718427924
65-74,South_East,109,0,0,2020-06-04,943400.4192470231
75+,South_East,109,0,0,2020-06-04,812027.4422183116
1-4,South_East,110,0,0,2020-06-05,964800.4537784602
5-14,South_East,110,0,0,2020-06-05,315808.97940717835
15-24,South_East,110,0,0,2020-06-05,2241345.395107426
25-44,South_East,110,0,0,2020-06-05,2427809.730718852
45-64,South_East,110,0,0,2020-06-05,1146771.5718427924
65-74,South_East,110,0,0,2020-06-05,943400.4192470231
75+,South_East,110,0,0,2020-06-05,812027.4422183116
1-4,South_East,111,0,0,2020-06-06,964800.4537784602
5-14,South_East,111,0,0,2020-06-06,315808.97940717835
15-24,South_East,111,0,0,2020-06-06,2241345.395107426
25-44,South_East,111,0,0,2020-06-06,2427809.730718852
45-64,South_East,111,0,0,2020-06-06,1146771.5718427924
65-74,South_East,111,0,0,2020-06-06,943400.4192470231
75+,South_East,111,0,0,2020-06-06,812027.4422183116
1-4,South_East,112,0,0,2020-06-07,964800.4537784602
5-14,South_East,112,0,0,2020-06-07,315808.97940717835
15-24,South_East,112,0,0,2020-06-07,2241345.395107426
25-44,South_East,112,0,0,2020-06-07,2427809.730718852
45-64,South_East,112,0,0,2020-06-07,1146771.5718427924
65-74,South_East,112,0,0,2020-06-07,943400.4192470231
75+,South_East,112,0,0,2020-06-07,812027.4422183116
1-4,South_East,113,0,0,2020-06-08,964800.4537784602
5-14,South_East,113,0,0,2020-06-08,315808.97940717835
15-24,South_East,113,0,0,2020-06-08,2241345.395107426
25-44,South_East,113,0,0,2020-06-08,2427809.730718852
45-64,South_East,113,0,0,2020-06-08,1146771.5718427924
65-74,South_East,113,0,0,2020-06-08,943400.4192470231
75+,South_East,113,0,0,2020-06-08,812027.4422183116
1-4,South_East,114,0,0,2020-06-09,964800.4537784602
5-14,South_East,114,0,0,2020-06-09,315808.97940717835
15-24,South_East,114,0,0,2020-06-09,2241345.395107426
25-44,South_East,114,0,0,2020-06-09,2427809.730718852
45-64,South_East,114,0,0,2020-06-09,1146771.5718427924
65-74,South_East,114,0,0,2020-06-09,943400.4192470231
75+,South_East,114,0,0,2020-06-09,812027.4422183116
1-4,South_East,115,0,0,2020-06-10,964800.4537784602
5-14,South_East,115,7.597817530415941,0.5352550424484358,2020-06-10,315808.97940717835
15-24,South_East,115,8.431381041334054,0.495824681509534,2020-06-10,2241345.395107426
25-44,South_East,115,8.373142750877975,0.4674618561806548,2020-06-10,2427809.730718852
45-64,South_East,115,7.7126817346168,0.5035951228191993,2020-06-10,1146771.5718427924
65-74,South_East,115,7.329912206596298,0.33948260746547587,2020-06-10,943400.4192470231
75+,South_East,115,7.797267653963038,0.37535887109742266,2020-06-10,812027.4422183116
1-4,South_East,116,0,0,2020-06-11,964800.4537784602
5-14,South_East,116,0,0,2020-06-11,315808.97940717835
15-24,South_East,116,0,0,2020-06-11,2241345.395107426
25-44,South_East,116,0,0,2020-06-11,2427809.730718852
45-64,South_East,116,0,0,2020-06-11,1146771.5718427924
65-74,South_East,116,0,0,2020-06-11,943400.4192470231
75+,South_East,116,0,0,2020-06-11,812027.4422183116
1-4,South_East,117,0,0,2020-06-12,964800.4537784602
5-14,South_East,117,0,0,2020-06-12,315808.97940717835
15-24,South_East,117,0,0,2020-06-12,2241345.395107426
25-44,South_East,117,0,0,2020-06-12,2427809.730718852
45-64,South_East,117,0,0,2020-06-12,1146771.5718427924
65-74,South_East,117,0,0,2020-06-12,943400.4192470231
75+,South_East,117,0,0,2020-06-12,812027.4422183116
1-4,South_East,118,0,0,2020-06-13,964800.4537784602
5-14,South_East,118,0,0,2020-06-13,315808.97940717835
15-24,South_East,118,0,0,2020-06-13,2241345.395107426
25-44,South_East,118,0,0,2020-06-13,2427809.730718852
45-64,South_East,118,0,0,2020-06-13,1146771.5718427924
65-74,South_East,118,0,0,2020-06-13,943400.4192470231
75+,South_East,118,0,0,2020-06-13,812027.4422183116
1-4,South_East,119,0,0,2020-06-14,964800.4537784602
5-14,South_East,119,0,0,2020-06-14,315808.97940717835
15-24,South_East,119,0,0,2020-06-14,2241345.395107426
25-44,South_East,119,0,0,2020-06-14,2427809.730718852
45-64,South_East,119,0,0,2020-06-14,1146771.5718427924
65-74,South_East,119,0,0,2020-06-14,943400.4192470231
75+,South_East,119,0,0,2020-06-14,812027.4422183116
1-4,South_East,120,0,0,2020-06-15,964800.4537784602
5-14,South_East,120,0,0,2020-06-15,315808.97940717835
15-24,South_East,120,0,0,2020-06-15,2241345.395107426
25-44,South_East,120,0,0,2020-06-15,2427809.730718852
45-64,South_East,120,0,0,2020-06-15,1146771.5718427924
65-74,South_East,120,0,0,2020-06-15,943400.4192470231
75+,South_East,120,0,0,2020-06-15,812027.4422183116
1-4,South_East,121,0,0,2020-06-16,964800.4537784602
5-14,South_East,121,0,0,2020-06-16,315808.97940717835
15-24,South_East,121,0,0,2020-06-16,2241345.395107426
25-44,South_East,121,0,0,2020-06-16,2427809.730718852
45-64,South_East,121,0,0,2020-06-16,1146771.5718427924
65-74,South_East,121,0,0,2020-06-16,943400.4192470231
75+,South_East,121,0,0,2020-06-16,812027.4422183116
1-4,South_East,122,0,0,2020-06-17,964800.4537784602
5-14,South_East,122,0,0,2020-06-17,315808.97940717835
15-24,South_East,122,0,0,2020-06-17,2241345.395107426
25-44,South_East,122,0,0,2020-06-17,2427809.730718852
45-64,South_East,122,0,0,2020-06-17,1146771.5718427924
65-74,South_East,122,0,0,2020-06-17,943400.4192470231
75+,South_East,122,0,0,2020-06-17,812027.4422183116
1-4,South_East,123,0,0,2020-06-18,964800.4537784602
5-14,South_East,123,0,0,2020-06-18,315808.97940717835
15-24,South_East,123,0,0,2020-06-18,2241345.395107426
25-44,South_East,123,0,0,2020-06-18,2427809.730718852
45-64,South_East,123,0,0,2020-06-18,1146771.5718427924
65-74,South_East,123,0,0,2020-06-18,943400.4192470231
75+,South_East,123,0,0,2020-06-18,812027.4422183116
1-4,South_East,124,0,0,2020-06-19,964800.4537784602
5-14,South_East,124,0,0,2020-06-19,315808.97940717835
15-24,South_East,124,0,0,2020-06-19,2241345.395107426
25-44,South_East,124,0,0,2020-06-19,2427809.730718852
45-64,South_East,124,0,0,2020-06-19,1146771.5718427924
65-74,South_East,124,0,0,2020-06-19,943400.4192470231
75+,South_East,124,0,0,2020-06-19,812027.4422183116
1-4,South_East,125,0,0,2020-06-20,964800.4537784602
5-14,South_East,125,0,0,2020-06-20,315808.97940717835
15-24,South_East,125,0,0,2020-06-20,2241345.395107426
25-44,South_East,125,0,0,2020-06-20,2427809.730718852
45-64,South_East,125,0,0,2020-06-20,1146771.5718427924
65-74,South_East,125,0,0,2020-06-20,943400.4192470231
75+,South_East,125,0,0,2020-06-20,812027.4422183116
1-4,South_East,126,0,0,2020-06-21,964800.4537784602
5-14,South_East,126,0,0,2020-06-21,315808.97940717835
15-24,South_East,126,0,0,2020-06-21,2241345.395107426
25-44,South_East,126,0,0,2020-06-21,2427809.730718852
45-64,South_East,126,0,0,2020-06-21,1146771.5718427924
65-74,South_East,126,0,0,2020-06-21,943400.4192470231
75+,South_East,126,0,0,2020-06-21,812027.4422183116
1-4,South_East,127,0,0,2020-06-22,964800.4537784602
5-14,South_East,127,0,0,2020-06-22,315808.97940717835
15-24,South_East,127,0,0,2020-06-22,2241345.395107426
25-44,South_East,127,0,0,2020-06-22,2427809.730718852
45-64,South_East,127,0,0,2020-06-22,1146771.5718427924
65-74,South_East,127,0,0,2020-06-22,943400.4192470231
75+,South_East,127,0,0,2020-06-22,812027.4422183116
1-4,South_East,128,0,0,2020-06-23,964800.4537784602
5-14,South_East,128,0,0,2020-06-23,315808.97940717835
15-24,South_East,128,0,0,2020-06-23,2241345.395107426
25-44,South_East,128,0,0,2020-06-23,2427809.730718852
45-64,South_East,128,0,0,2020-06-23,1146771.5718427924
65-74,South_East,128,0,0,2020-06-23,943400.4192470231
75+,South_East,128,0,0,2020-06-23,812027.4422183116
1-4,South_East,129,0,0,2020-06-24,964800.4537784602
5-14,South_East,129,7.599702393729671,0.5291247937612361,2020-06-24,315808.97940717835
15-24,South_East,129,8.420406514991482,0.4964426703751933,2020-06-24,2241345.395107426
25-44,South_East,129,8.354691389195377,0.4680740763798936,2020-06-24,2427809.730718852
45-64,South_East,129,7.720026838751657,0.5059970487145822,2020-06-24,1146771.5718427924
65-74,South_East,129,7.370705399648613,0.3309178076677721,2020-06-24,943400.4192470231
75+,South_East,129,7.631890491770842,0.3608777989512992,2020-06-24,812027.4422183116
1-4,South_East,130,0,0,2020-06-25,964800.4537784602
5-14,South_East,130,0,0,2020-06-25,315808.97940717835
15-24,South_East,130,0,0,2020-06-25,2241345.395107426
25-44,South_East,130,0,0,2020-06-25,2427809.730718852
45-64,South_East,130,0,0,2020-06-25,1146771.5718427924
65-74,South_East,130,0,0,2020-06-25,943400.4192470231
75+,South_East,130,0,0,2020-06-25,812027.4422183116
1-4,South_East,131,0,0,2020-06-26,964800.4537784602
5-14,South_East,131,0,0,2020-06-26,315808.97940717835
15-24,South_East,131,0,0,2020-06-26,2241345.395107426
25-44,South_East,131,0,0,2020-06-26,2427809.730718852
45-64,South_East,131,0,0,2020-06-26,1146771.5718427924
65-74,South_East,131,0,0,2020-06-26,943400.4192470231
75+,South_East,131,0,0,2020-06-26,812027.4422183116
1-4,South_East,132,0,0,2020-06-27,964800.4537784602
5-14,South_East,132,0,0,2020-06-27,315808.97940717835
15-24,South_East,132,0,0,2020-06-27,2241345.395107426
25-44,South_East,132,0,0,2020-06-27,2427809.730718852
45-64,South_East,132,0,0,2020-06-27,1146771.5718427924
65-74,South_East,132,0,0,2020-06-27,943400.4192470231
75+,South_East,132,0,0,2020-06-27,812027.4422183116
1-4,South_East,133,0,0,2020-06-28,964800.4537784602
5-14,South_East,133,0,0,2020-06-28,315808.97940717835
15-24,South_East,133,0,0,2020-06-28,2241345.395107426
25-44,South_East,133,0,0,2020-06-28,2427809.730718852
45-64,South_East,133,0,0,2020-06-28,1146771.5718427924
65-74,South_East,133,0,0,2020-06-28,943400.4192470231
75+,South_East,133,0,0,2020-06-28,812027.4422183116
1-4,South_East,134,0,0,2020-06-29,964800.4537784602
5-14,South_East,134,0,0,2020-06-29,315808.97940717835
15-24,South_East,134,0,0,2020-06-29,2241345.395107426
25-44,South_East,134,0,0,2020-06-29,2427809.730718852
45-64,South_East,134,0,0,2020-06-29,1146771.5718427924
65-74,South_East,134,0,0,2020-06-29,943400.4192470231
75+,South_East,134,0,0,2020-06-29,812027.4422183116
1-4,South_East,135,0,0,2020-06-30,964800.4537784602
5-14,South_East,135,0,0,2020-06-30,315808.97940717835
15-24,South_East,135,0,0,2020-06-30,2241345.395107426
25-44,South_East,135,0,0,2020-06-30,2427809.730718852
45-64,South_East,135,0,0,2020-06-30,1146771.5718427924
65-74,South_East,135,0,0,2020-06-30,943400.4192470231
75+,South_East,135,0,0,2020-06-30,812027.4422183116
1-4,South_East,136,0,0,2020-07-01,964800.4537784602
5-14,South_East,136,0,0,2020-07-01,315808.97940717835
15-24,South_East,136,0,0,2020-07-01,2241345.395107426
25-44,South_East,136,0,0,2020-07-01,2427809.730718852
45-64,South_East,136,0,0,2020-07-01,1146771.5718427924
65-74,South_East,136,0,0,2020-07-01,943400.4192470231
75+,South_East,136,0,0,2020-07-01,812027.4422183116
1-4,South_East,137,0,0,2020-07-02,964800.4537784602
5-14,South_East,137,0,0,2020-07-02,315808.97940717835
15-24,South_East,137,0,0,2020-07-02,2241345.395107426
25-44,South_East,137,0,0,2020-07-02,2427809.730718852
45-64,South_East,137,0,0,2020-07-02,1146771.5718427924
65-74,South_East,137,0,0,2020-07-02,943400.4192470231
75+,South_East,137,0,0,2020-07-02,812027.4422183116
1-4,South_East,138,0,0,2020-07-03,964800.4537784602
5-14,South_East,138,0,0,2020-07-03,315808.97940717835
15-24,South_East,138,0,0,2020-07-03,2241345.395107426
25-44,South_East,138,0,0,2020-07-03,2427809.730718852
45-64,South_East,138,0,0,2020-07-03,1146771.5718427924
65-74,South_East,138,0,0,2020-07-03,943400.4192470231
75+,South_East,138,0,0,2020-07-03,812027.4422183116
1-4,South_East,139,0,0,2020-07-04,964800.4537784602
5-14,South_East,139,0,0,2020-07-04,315808.97940717835
15-24,South_East,139,0,0,2020-07-04,2241345.395107426
25-44,South_East,139,0,0,2020-07-04,2427809.730718852
45-64,South_East,139,0,0,2020-07-04,1146771.5718427924
65-74,South_East,139,0,0,2020-07-04,943400.4192470231
75+,South_East,139,0,0,2020-07-04,812027.4422183116
1-4,South_East,140,0,0,2020-07-05,964800.4537784602
5-14,South_East,140,0,0,2020-07-05,315808.97940717835
15-24,South_East,140,0,0,2020-07-05,2241345.395107426
25-44,South_East,140,0,0,2020-07-05,2427809.730718852
45-64,South_East,140,0,0,2020-07-05,1146771.5718427924
65-74,South_East,140,0,0,2020-07-05,943400.4192470231
75+,South_East,140,0,0,2020-07-05,812027.4422183116
1-4,South_East,141,0,0,2020-07-06,964800.4537784602
5-14,South_East,141,0,0,2020-07-06,315808.97940717835
15-24,South_East,141,0,0,2020-07-06,2241345.395107426
25-44,South_East,141,0,0,2020-07-06,2427809.730718852
45-64,South_East,141,0,0,2020-07-06,1146771.5718427924
65-74,South_East,141,0,0,2020-07-06,943400.4192470231
75+,South_East,141,0,0,2020-07-06,812027.4422183116
1-4,South_East,142,0,0,2020-07-07,964800.4537784602
5-14,South_East,142,0,0,2020-07-07,315808.97940717835
15-24,South_East,142,0,0,2020-07-07,2241345.395107426
25-44,South_East,142,0,0,2020-07-07,2427809.730718852
45-64,South_East,142,0,0,2020-07-07,1146771.5718427924
65-74,South_East,142,0,0,2020-07-07,943400.4192470231
75+,South_East,142,0,0,2020-07-07,812027.4422183116
1-4,South_East,143,0,0,2020-07-08,964800.4537784602
5-14,South_East,143,7.598416171589297,0.5207083517399511,2020-07-08,315808.97940717835
15-24,South_East,143,8.417716075074386,0.48763168984637484,2020-07-08,2241345.395107426
25-44,South_East,143,8.305520621926949,0.4769795015496538,2020-07-08,2427809.730718852
45-64,South_East,143,7.721430566970607,0.5069294438980979,2020-07-08,1146771.5718427924
65-74,South_East,143,7.4458815952399835,0.3208623460326402,2020-07-08,943400.4192470231
75+,South_East,143,7.530552632439684,0.34961404763680193,2020-07-08,812027.4422183116
1-4,South_East,144,0,0,2020-07-09,964800.4537784602
5-14,South_East,144,0,0,2020-07-09,315808.97940717835
15-24,South_East,144,0,0,2020-07-09,2241345.395107426
25-44,South_East,144,0,0,2020-07-09,2427809.730718852
45-64,South_East,144,0,0,2020-07-09,1146771.5718427924
65-74,South_East,144,0,0,2020-07-09,943400.4192470231
75+,South_East,144,0,0,2020-07-09,812027.4422183116
1-4,South_East,145,0,0,2020-07-10,964800.4537784602
5-14,South_East,145,0,0,2020-07-10,315808.97940717835
15-24,South_East,145,0,0,2020-07-10,2241345.395107426
25-44,South_East,145,0,0,2020-07-10,2427809.730718852
45-64,South_East,145,0,0,2020-07-10,1146771.5718427924
65-74,South_East,145,0,0,2020-07-10,943400.4192470231
75+,South_East,145,0,0,2020-07-10,812027.4422183116
1-4,South_East,146,0,0,2020-07-11,964800.4537784602
5-14,South_East,146,0,0,2020-07-11,315808.97940717835
15-24,South_East,146,0,0,2020-07-11,2241345.395107426
25-44,South_East,146,0,0,2020-07-11,2427809.730718852
45-64,South_East,146,0,0,2020-07-11,1146771.5718427924
65-74,South_East,146,0,0,2020-07-11,943400.4192470231
75+,South_East,146,0,0,2020-07-11,812027.4422183116
1-4,South_East,147,0,0,2020-07-12,964800.4537784602
5-14,South_East,147,0,0,2020-07-12,315808.97940717835
15-24,South_East,147,0,0,2020-07-12,2241345.395107426
25-44,South_East,147,0,0,2020-07-12,2427809.730718852
45-64,South_East,147,0,0,2020-07-12,1146771.5718427924
65-74,South_East,147,0,0,2020-07-12,943400.4192470231
75+,South_East,147,0,0,2020-07-12,812027.4422183116
1-4,South_East,148,0,0,2020-07-13,964800.4537784602
5-14,South_East,148,0,0,2020-07-13,315808.97940717835
15-24,South_East,148,0,0,2020-07-13,2241345.395107426
25-44,South_East,148,0,0,2020-07-13,2427809.730718852
45-64,South_East,148,0,0,2020-07-13,1146771.5718427924
65-74,South_East,148,0,0,2020-07-13,943400.4192470231
75+,South_East,148,0,0,2020-07-13,812027.4422183116
1-4,South_East,149,0,0,2020-07-14,964800.4537784602
5-14,South_East,149,0,0,2020-07-14,315808.97940717835
15-24,South_East,149,0,0,2020-07-14,2241345.395107426
25-44,South_East,149,0,0,2020-07-14,2427809.730718852
45-64,South_East,149,0,0,2020-07-14,1146771.5718427924
65-74,South_East,149,0,0,2020-07-14,943400.4192470231
75+,South_East,149,0,0,2020-07-14,812027.4422183116
1-4,South_East,150,0,0,2020-07-15,964800.4537784602
5-14,South_East,150,0,0,2020-07-15,315808.97940717835
15-24,South_East,150,0,0,2020-07-15,2241345.395107426
25-44,South_East,150,0,0,2020-07-15,2427809.730718852
45-64,South_East,150,0,0,2020-07-15,1146771.5718427924
65-74,South_East,150,0,0,2020-07-15,943400.4192470231
75+,South_East,150,0,0,2020-07-15,812027.4422183116
1-4,South_East,151,0,0,2020-07-16,964800.4537784602
5-14,South_East,151,0,0,2020-07-16,315808.97940717835
15-24,South_East,151,0,0,2020-07-16,2241345.395107426
25-44,South_East,151,0,0,2020-07-16,2427809.730718852
45-64,South_East,151,0,0,2020-07-16,1146771.5718427924
65-74,South_East,151,0,0,2020-07-16,943400.4192470231
75+,South_East,151,0,0,2020-07-16,812027.4422183116
1-4,South_East,152,0,0,2020-07-17,964800.4537784602
5-14,South_East,152,0,0,2020-07-17,315808.97940717835
15-24,South_East,152,0,0,2020-07-17,2241345.395107426
25-44,South_East,152,0,0,2020-07-17,2427809.730718852
45-64,South_East,152,0,0,2020-07-17,1146771.5718427924
65-74,South_East,152,0,0,2020-07-17,943400.4192470231
75+,South_East,152,0,0,2020-07-17,812027.4422183116
1-4,South_East,153,0,0,2020-07-18,964800.4537784602
5-14,South_East,153,0,0,2020-07-18,315808.97940717835
15-24,South_East,153,0,0,2020-07-18,2241345.395107426
25-44,South_East,153,0,0,2020-07-18,2427809.730718852
45-64,South_East,153,0,0,2020-07-18,1146771.5718427924
65-74,South_East,153,0,0,2020-07-18,943400.4192470231
75+,South_East,153,0,0,2020-07-18,812027.4422183116
1-4,South_East,154,0,0,2020-07-19,964800.4537784602
5-14,South_East,154,0,0,2020-07-19,315808.97940717835
15-24,South_East,154,0,0,2020-07-19,2241345.395107426
25-44,South_East,154,0,0,2020-07-19,2427809.730718852
45-64,South_East,154,0,0,2020-07-19,1146771.5718427924
65-74,South_East,154,0,0,2020-07-19,943400.4192470231
75+,South_East,154,0,0,2020-07-19,812027.4422183116
1-4,South_East,155,0,0,2020-07-20,964800.4537784602
5-14,South_East,155,0,0,2020-07-20,315808.97940717835
15-24,South_East,155,0,0,2020-07-20,2241345.395107426
25-44,South_East,155,0,0,2020-07-20,2427809.730718852
45-64,South_East,155,0,0,2020-07-20,1146771.5718427924
65-74,South_East,155,0,0,2020-07-20,943400.4192470231
75+,South_East,155,0,0,2020-07-20,812027.4422183116
1-4,South_East,156,0,0,2020-07-21,964800.4537784602
5-14,South_East,156,0,0,2020-07-21,315808.97940717835
15-24,South_East,156,0,0,2020-07-21,2241345.395107426
25-44,South_East,156,0,0,2020-07-21,2427809.730718852
45-64,South_East,156,0,0,2020-07-21,1146771.5718427924
65-74,South_East,156,0,0,2020-07-21,943400.4192470231
75+,South_East,156,0,0,2020-07-21,812027.4422183116
1-4,South_East,157,0,0,2020-07-22,964800.4537784602
5-14,South_East,157,7.541177016758167,0.520451692088221,2020-07-22,315808.97940717835
15-24,South_East,157,8.402211351633468,0.4834212186560678,2020-07-22,2241345.395107426
25-44,South_East,157,8.160408226803227,0.4799163670434355,2020-07-22,2427809.730718852
45-64,South_East,157,7.671567389015396,0.5093514034479314,2020-07-22,1146771.5718427924
65-74,South_East,157,7.404164026491609,0.31626991243007413,2020-07-22,943400.4192470231
75+,South_East,157,7.4591148500233615,0.35493927764022326,2020-07-22,812027.4422183116
1-4,South_East,158,0,0,2020-07-23,964800.4537784602
5-14,South_East,158,0,0,2020-07-23,315808.97940717835
15-24,South_East,158,0,0,2020-07-23,2241345.395107426
25-44,South_East,158,0,0,2020-07-23,2427809.730718852
45-64,South_East,158,0,0,2020-07-23,1146771.5718427924
65-74,South_East,158,0,0,2020-07-23,943400.4192470231
75+,South_East,158,0,0,2020-07-23,812027.4422183116
1-4,South_East,159,0,0,2020-07-24,964800.4537784602
5-14,South_East,159,0,0,2020-07-24,315808.97940717835
15-24,South_East,159,0,0,2020-07-24,2241345.395107426
25-44,South_East,159,0,0,2020-07-24,2427809.730718852
45-64,South_East,159,0,0,2020-07-24,1146771.5718427924
65-74,South_East,159,0,0,2020-07-24,943400.4192470231
75+,South_East,159,0,0,2020-07-24,812027.4422183116
1-4,South_East,160,0,0,2020-07-25,964800.4537784602
5-14,South_East,160,0,0,2020-07-25,315808.97940717835
15-24,South_East,160,0,0,2020-07-25,2241345.395107426
25-44,South_East,160,0,0,2020-07-25,2427809.730718852
45-64,South_East,160,0,0,2020-07-25,1146771.5718427924
65-74,South_East,160,0,0,2020-07-25,943400.4192470231
75+,South_East,160,0,0,2020-07-25,812027.4422183116
1-4,South_East,161,0,0,2020-07-26,964800.4537784602
5-14,South_East,161,0,0,2020-07-26,315808.97940717835
15-24,South_East,161,0,0,2020-07-26,2241345.395107426
25-44,South_East,161,0,0,2020-07-26,2427809.730718852
45-64,South_East,161,0,0,2020-07-26,1146771.5718427924
65-74,South_East,161,0,0,2020-07-26,943400.4192470231
75+,South_East,161,0,0,2020-07-26,812027.4422183116
1-4,South_East,162,0,0,2020-07-27,964800.4537784602
5-14,South_East,162,0,0,2020-07-27,315808.97940717835
15-24,South_East,162,0,0,2020-07-27,2241345.395107426
25-44,South_East,162,0,0,2020-07-27,2427809.730718852
45-64,South_East,162,0,0,2020-07-27,1146771.5718427924
65-74,South_East,162,0,0,2020-07-27,943400.4192470231
75+,South_East,162,0,0,2020-07-27,812027.4422183116
1-4,South_East,163,0,0,2020-07-28,964800.4537784602
5-14,South_East,163,0,0,2020-07-28,315808.97940717835
15-24,South_East,163,0,0,2020-07-28,2241345.395107426
25-44,South_East,163,0,0,2020-07-28,2427809.730718852
45-64,South_East,163,0,0,2020-07-28,1146771.5718427924
65-74,South_East,163,0,0,2020-07-28,943400.4192470231
75+,South_East,163,0,0,2020-07-28,812027.4422183116
1-4,South_East,164,0,0,2020-07-29,964800.4537784602
5-14,South_East,164,0,0,2020-07-29,315808.97940717835
15-24,South_East,164,0,0,2020-07-29,2241345.395107426
25-44,South_East,164,0,0,2020-07-29,2427809.730718852
45-64,South_East,164,0,0,2020-07-29,1146771.5718427924
65-74,South_East,164,0,0,2020-07-29,943400.4192470231
75+,South_East,164,0,0,2020-07-29,812027.4422183116
1-4,South_East,165,0,0,2020-07-30,964800.4537784602
5-14,South_East,165,0,0,2020-07-30,315808.97940717835
15-24,South_East,165,0,0,2020-07-30,2241345.395107426
25-44,South_East,165,0,0,2020-07-30,2427809.730718852
45-64,South_East,165,0,0,2020-07-30,1146771.5718427924
65-74,South_East,165,0,0,2020-07-30,943400.4192470231
75+,South_East,165,0,0,2020-07-30,812027.4422183116
1-4,South_East,166,0,0,2020-07-31,964800.4537784602
5-14,South_East,166,0,0,2020-07-31,315808.97940717835
15-24,South_East,166,0,0,2020-07-31,2241345.395107426
25-44,South_East,166,0,0,2020-07-31,2427809.730718852
45-64,South_East,166,0,0,2020-07-31,1146771.5718427924
65-74,South_East,166,0,0,2020-07-31,943400.4192470231
75+,South_East,166,0,0,2020-07-31,812027.4422183116
1-4,South_East,167,0,0,2020-08-01,964800.4537784602
5-14,South_East,167,0,0,2020-08-01,315808.97940717835
15-24,South_East,167,0,0,2020-08-01,2241345.395107426
25-44,South_East,167,0,0,2020-08-01,2427809.730718852
45-64,South_East,167,0,0,2020-08-01,1146771.5718427924
65-74,South_East,167,0,0,2020-08-01,943400.4192470231
75+,South_East,167,0,0,2020-08-01,812027.4422183116
1-4,South_East,168,0,0,2020-08-02,964800.4537784602
5-14,South_East,168,0,0,2020-08-02,315808.97940717835
15-24,South_East,168,0,0,2020-08-02,2241345.395107426
25-44,South_East,168,0,0,2020-08-02,2427809.730718852
45-64,South_East,168,0,0,2020-08-02,1146771.5718427924
65-74,South_East,168,0,0,2020-08-02,943400.4192470231
75+,South_East,168,0,0,2020-08-02,812027.4422183116
1-4,South_East,169,0,0,2020-08-03,964800.4537784602
5-14,South_East,169,0,0,2020-08-03,315808.97940717835
15-24,South_East,169,0,0,2020-08-03,2241345.395107426
25-44,South_East,169,0,0,2020-08-03,2427809.730718852
45-64,South_East,169,0,0,2020-08-03,1146771.5718427924
65-74,South_East,169,0,0,2020-08-03,943400.4192470231
75+,South_East,169,0,0,2020-08-03,812027.4422183116
1-4,South_East,170,0,0,2020-08-04,964800.4537784602
5-14,South_East,170,0,0,2020-08-04,315808.97940717835
15-24,South_East,170,0,0,2020-08-04,2241345.395107426
25-44,South_East,170,0,0,2020-08-04,2427809.730718852
45-64,South_East,170,0,0,2020-08-04,1146771.5718427924
65-74,South_East,170,0,0,2020-08-04,943400.4192470231
75+,South_East,170,0,0,2020-08-04,812027.4422183116
1-4,South_East,171,0,0,2020-08-05,964800.4537784602
5-14,South_East,171,7.366066448646205,0.518636822559754,2020-08-05,315808.97940717835
15-24,South_East,171,8.368664181814395,0.4808066987168514,2020-08-05,2241345.395107426
25-44,South_East,171,7.952745864132722,0.47447849069039527,2020-08-05,2427809.730718852
45-64,South_East,171,7.533206314122668,0.5055746587775012,2020-08-05,1146771.5718427924
65-74,South_East,171,7.1929510054647485,0.31760713984118566,2020-08-05,943400.4192470231
75+,South_East,171,7.357688447730132,0.347245674193695,2020-08-05,812027.4422183116
1-4,South_East,172,0,0,2020-08-06,964800.4537784602
5-14,South_East,172,0,0,2020-08-06,315808.97940717835
15-24,South_East,172,0,0,2020-08-06,2241345.395107426
25-44,South_East,172,0,0,2020-08-06,2427809.730718852
45-64,South_East,172,0,0,2020-08-06,1146771.5718427924
65-74,South_East,172,0,0,2020-08-06,943400.4192470231
75+,South_East,172,0,0,2020-08-06,812027.4422183116
1-4,South_East,173,0,0,2020-08-07,964800.4537784602
5-14,South_East,173,0,0,2020-08-07,315808.97940717835
15-24,South_East,173,0,0,2020-08-07,2241345.395107426
25-44,South_East,173,0,0,2020-08-07,2427809.730718852
45-64,South_East,173,0,0,2020-08-07,1146771.5718427924
65-74,South_East,173,0,0,2020-08-07,943400.4192470231
75+,South_East,173,0,0,2020-08-07,812027.4422183116
1-4,South_East,174,0,0,2020-08-08,964800.4537784602
5-14,South_East,174,0,0,2020-08-08,315808.97940717835
15-24,South_East,174,0,0,2020-08-08,2241345.395107426
25-44,South_East,174,0,0,2020-08-08,2427809.730718852
45-64,South_East,174,0,0,2020-08-08,1146771.5718427924
65-74,South_East,174,0,0,2020-08-08,943400.4192470231
75+,South_East,174,0,0,2020-08-08,812027.4422183116
1-4,South_East,175,0,0,2020-08-09,964800.4537784602
5-14,South_East,175,0,0,2020-08-09,315808.97940717835
15-24,South_East,175,0,0,2020-08-09,2241345.395107426
25-44,South_East,175,0,0,2020-08-09,2427809.730718852
45-64,South_East,175,0,0,2020-08-09,1146771.5718427924
65-74,South_East,175,0,0,2020-08-09,943400.4192470231
75+,South_East,175,0,0,2020-08-09,812027.4422183116
1-4,South_East,176,0,0,2020-08-10,964800.4537784602
5-14,South_East,176,0,0,2020-08-10,315808.97940717835
15-24,South_East,176,0,0,2020-08-10,2241345.395107426
25-44,South_East,176,0,0,2020-08-10,2427809.730718852
45-64,South_East,176,0,0,2020-08-10,1146771.5718427924
65-74,South_East,176,0,0,2020-08-10,943400.4192470231
75+,South_East,176,0,0,2020-08-10,812027.4422183116
1-4,South_East,177,0,0,2020-08-11,964800.4537784602
5-14,South_East,177,0,0,2020-08-11,315808.97940717835
15-24,South_East,177,0,0,2020-08-11,2241345.395107426
25-44,South_East,177,0,0,2020-08-11,2427809.730718852
45-64,South_East,177,0,0,2020-08-11,1146771.5718427924
65-74,South_East,177,0,0,2020-08-11,943400.4192470231
75+,South_East,177,0,0,2020-08-11,812027.4422183116
1-4,South_East,178,0,0,2020-08-12,964800.4537784602
5-14,South_East,178,0,0,2020-08-12,315808.97940717835
15-24,South_East,178,0,0,2020-08-12,2241345.395107426
25-44,South_East,178,0,0,2020-08-12,2427809.730718852
45-64,South_East,178,0,0,2020-08-12,1146771.5718427924
65-74,South_East,178,0,0,2020-08-12,943400.4192470231
75+,South_East,178,0,0,2020-08-12,812027.4422183116
1-4,South_East,179,0,0,2020-08-13,964800.4537784602
5-14,South_East,179,0,0,2020-08-13,315808.97940717835
15-24,South_East,179,0,0,2020-08-13,2241345.395107426
25-44,South_East,179,0,0,2020-08-13,2427809.730718852
45-64,South_East,179,0,0,2020-08-13,1146771.5718427924
65-74,South_East,179,0,0,2020-08-13,943400.4192470231
75+,South_East,179,0,0,2020-08-13,812027.4422183116
1-4,South_East,180,0,0,2020-08-14,964800.4537784602
5-14,South_East,180,0,0,2020-08-14,315808.97940717835
15-24,South_East,180,0,0,2020-08-14,2241345.395107426
25-44,South_East,180,0,0,2020-08-14,2427809.730718852
45-64,South_East,180,0,0,2020-08-14,1146771.5718427924
65-74,South_East,180,0,0,2020-08-14,943400.4192470231
75+,South_East,180,0,0,2020-08-14,812027.4422183116
1-4,South_East,181,0,0,2020-08-15,964800.4537784602
5-14,South_East,181,0,0,2020-08-15,315808.97940717835
15-24,South_East,181,0,0,2020-08-15,2241345.395107426
25-44,South_East,181,0,0,2020-08-15,2427809.730718852
45-64,South_East,181,0,0,2020-08-15,1146771.5718427924
65-74,South_East,181,0,0,2020-08-15,943400.4192470231
75+,South_East,181,0,0,2020-08-15,812027.4422183116
1-4,South_East,182,0,0,2020-08-16,964800.4537784602
5-14,South_East,182,0,0,2020-08-16,315808.97940717835
15-24,South_East,182,0,0,2020-08-16,2241345.395107426
25-44,South_East,182,0,0,2020-08-16,2427809.730718852
45-64,South_East,182,0,0,2020-08-16,1146771.5718427924
65-74,South_East,182,0,0,2020-08-16,943400.4192470231
75+,South_East,182,0,0,2020-08-16,812027.4422183116
1-4,South_East,183,0,0,2020-08-17,964800.4537784602
5-14,South_East,183,0,0,2020-08-17,315808.97940717835
15-24,South_East,183,0,0,2020-08-17,2241345.395107426
25-44,South_East,183,0,0,2020-08-17,2427809.730718852
45-64,South_East,183,0,0,2020-08-17,1146771.5718427924
65-74,South_East,183,0,0,2020-08-17,943400.4192470231
75+,South_East,183,0,0,2020-08-17,812027.4422183116
1-4,South_East,184,0,0,2020-08-18,964800.4537784602
5-14,South_East,184,0,0,2020-08-18,315808.97940717835
15-24,South_East,184,0,0,2020-08-18,2241345.395107426
25-44,South_East,184,0,0,2020-08-18,2427809.730718852
45-64,South_East,184,0,0,2020-08-18,1146771.5718427924
65-74,South_East,184,0,0,2020-08-18,943400.4192470231
75+,South_East,184,0,0,2020-08-18,812027.4422183116
1-4,South_East,185,0,0,2020-08-19,964800.4537784602
5-14,South_East,185,7.197463600390259,0.5126595220949134,2020-08-19,315808.97940717835
15-24,South_East,185,8.454520443105464,0.4635675732677789,2020-08-19,2241345.395107426
25-44,South_East,185,7.865934478368204,0.46954222497980014,2020-08-19,2427809.730718852
45-64,South_East,185,7.458564984108438,0.49446915957751997,2020-08-19,1146771.5718427924
65-74,South_East,185,7.04790879538766,0.3127801806762419,2020-08-19,943400.4192470231
75+,South_East,185,7.33903004548161,0.3376146857603037,2020-08-19,812027.4422183116
1-4,South_East,186,0,0,2020-08-20,964800.4537784602
5-14,South_East,186,0,0,2020-08-20,315808.97940717835
15-24,South_East,186,0,0,2020-08-20,2241345.395107426
25-44,South_East,186,0,0,2020-08-20,2427809.730718852
45-64,South_East,186,0,0,2020-08-20,1146771.5718427924
65-74,South_East,186,0,0,2020-08-20,943400.4192470231
75+,South_East,186,0,0,2020-08-20,812027.4422183116
1-4,South_East,187,0,0,2020-08-21,964800.4537784602
5-14,South_East,187,0,0,2020-08-21,315808.97940717835
15-24,South_East,187,0,0,2020-08-21,2241345.395107426
25-44,South_East,187,0,0,2020-08-21,2427809.730718852
45-64,South_East,187,0,0,2020-08-21,1146771.5718427924
65-74,South_East,187,0,0,2020-08-21,943400.4192470231
75+,South_East,187,0,0,2020-08-21,812027.4422183116
1-4,South_East,188,0,0,2020-08-22,964800.4537784602
5-14,South_East,188,0,0,2020-08-22,315808.97940717835
15-24,South_East,188,0,0,2020-08-22,2241345.395107426
25-44,South_East,188,0,0,2020-08-22,2427809.730718852
45-64,South_East,188,0,0,2020-08-22,1146771.5718427924
65-74,South_East,188,0,0,2020-08-22,943400.4192470231
75+,South_East,188,0,0,2020-08-22,812027.4422183116
1-4,South_East,189,0,0,2020-08-23,964800.4537784602
5-14,South_East,189,0,0,2020-08-23,315808.97940717835
15-24,South_East,189,0,0,2020-08-23,2241345.395107426
25-44,South_East,189,0,0,2020-08-23,2427809.730718852
45-64,South_East,189,0,0,2020-08-23,1146771.5718427924
65-74,South_East,189,0,0,2020-08-23,943400.4192470231
75+,South_East,189,0,0,2020-08-23,812027.4422183116
1-4,South_East,190,0,0,2020-08-24,964800.4537784602
5-14,South_East,190,0,0,2020-08-24,315808.97940717835
15-24,South_East,190,0,0,2020-08-24,2241345.395107426
25-44,South_East,190,0,0,2020-08-24,2427809.730718852
45-64,South_East,190,0,0,2020-08-24,1146771.5718427924
65-74,South_East,190,0,0,2020-08-24,943400.4192470231
75+,South_East,190,0,0,2020-08-24,812027.4422183116
1-4,South_East,191,0,0,2020-08-25,964800.4537784602
5-14,South_East,191,0,0,2020-08-25,315808.97940717835
15-24,South_East,191,0,0,2020-08-25,2241345.395107426
25-44,South_East,191,0,0,2020-08-25,2427809.730718852
45-64,South_East,191,0,0,2020-08-25,1146771.5718427924
65-74,South_East,191,0,0,2020-08-25,943400.4192470231
75+,South_East,191,0,0,2020-08-25,812027.4422183116
1-4,South_East,192,0,0,2020-08-26,964800.4537784602
5-14,South_East,192,0,0,2020-08-26,315808.97940717835
15-24,South_East,192,0,0,2020-08-26,2241345.395107426
25-44,South_East,192,0,0,2020-08-26,2427809.730718852
45-64,South_East,192,0,0,2020-08-26,1146771.5718427924
65-74,South_East,192,0,0,2020-08-26,943400.4192470231
75+,South_East,192,0,0,2020-08-26,812027.4422183116
1-4,South_East,193,0,0,2020-08-27,964800.4537784602
5-14,South_East,193,0,0,2020-08-27,315808.97940717835
15-24,South_East,193,0,0,2020-08-27,2241345.395107426
25-44,South_East,193,0,0,2020-08-27,2427809.730718852
45-64,South_East,193,0,0,2020-08-27,1146771.5718427924
65-74,South_East,193,0,0,2020-08-27,943400.4192470231
75+,South_East,193,0,0,2020-08-27,812027.4422183116
1-4,South_East,194,0,0,2020-08-28,964800.4537784602
5-14,South_East,194,0,0,2020-08-28,315808.97940717835
15-24,South_East,194,0,0,2020-08-28,2241345.395107426
25-44,South_East,194,0,0,2020-08-28,2427809.730718852
45-64,South_East,194,0,0,2020-08-28,1146771.5718427924
65-74,South_East,194,0,0,2020-08-28,943400.4192470231
75+,South_East,194,0,0,2020-08-28,812027.4422183116
1-4,South_East,195,0,0,2020-08-29,964800.4537784602
5-14,South_East,195,0,0,2020-08-29,315808.97940717835
15-24,South_East,195,0,0,2020-08-29,2241345.395107426
25-44,South_East,195,0,0,2020-08-29,2427809.730718852
45-64,South_East,195,0,0,2020-08-29,1146771.5718427924
65-74,South_East,195,0,0,2020-08-29,943400.4192470231
75+,South_East,195,0,0,2020-08-29,812027.4422183116
1-4,South_East,196,0,0,2020-08-30,964800.4537784602
5-14,South_East,196,0,0,2020-08-30,315808.97940717835
15-24,South_East,196,0,0,2020-08-30,2241345.395107426
25-44,South_East,196,0,0,2020-08-30,2427809.730718852
45-64,South_East,196,0,0,2020-08-30,1146771.5718427924
65-74,South_East,196,0,0,2020-08-30,943400.4192470231
75+,South_East,196,0,0,2020-08-30,812027.4422183116
1-4,South_East,197,0,0,2020-08-31,964800.4537784602
5-14,South_East,197,0,0,2020-08-31,315808.97940717835
15-24,South_East,197,0,0,2020-08-31,2241345.395107426
25-44,South_East,197,0,0,2020-08-31,2427809.730718852
45-64,South_East,197,0,0,2020-08-31,1146771.5718427924
65-74,South_East,197,0,0,2020-08-31,943400.4192470231
75+,South_East,197,0,0,2020-08-31,812027.4422183116
1-4,South_East,198,0,0,2020-09-01,964800.4537784602
5-14,South_East,198,0,0,2020-09-01,315808.97940717835
15-24,South_East,198,0,0,2020-09-01,2241345.395107426
25-44,South_East,198,0,0,2020-09-01,2427809.730718852
45-64,South_East,198,0,0,2020-09-01,1146771.5718427924
65-74,South_East,198,0,0,2020-09-01,943400.4192470231
75+,South_East,198,0,0,2020-09-01,812027.4422183116
1-4,South_East,199,0,0,2020-09-02,964800.4537784602
5-14,South_East,199,6.987567704992245,0.5131002150748969,2020-09-02,315808.97940717835
15-24,South_East,199,8.535444924584608,0.44878240343684034,2020-09-02,2241345.395107426
25-44,South_East,199,7.825315533972024,0.4604762842509183,2020-09-02,2427809.730718852
45-64,South_East,199,7.440603188177815,0.47920202934486555,2020-09-02,1146771.5718427924
65-74,South_East,199,6.937942929213559,0.3008975347527689,2020-09-02,943400.4192470231
75+,South_East,199,7.351477651028985,0.31736934317241894,2020-09-02,812027.4422183116
1-4,South_East,200,0,0,2020-09-03,964800.4537784602
5-14,South_East,200,0,0,2020-09-03,315808.97940717835
15-24,South_East,200,0,0,2020-09-03,2241345.395107426
25-44,South_East,200,0,0,2020-09-03,2427809.730718852
45-64,South_East,200,0,0,2020-09-03,1146771.5718427924
65-74,South_East,200,0,0,2020-09-03,943400.4192470231
75+,South_East,200,0,0,2020-09-03,812027.4422183116
1-4,South_East,201,0,0,2020-09-04,964800.4537784602
5-14,South_East,201,0,0,2020-09-04,315808.97940717835
15-24,South_East,201,0,0,2020-09-04,2241345.395107426
25-44,South_East,201,0,0,2020-09-04,2427809.730718852
45-64,South_East,201,0,0,2020-09-04,1146771.5718427924
65-74,South_East,201,0,0,2020-09-04,943400.4192470231
75+,South_East,201,0,0,2020-09-04,812027.4422183116
1-4,South_East,202,0,0,2020-09-05,964800.4537784602
5-14,South_East,202,0,0,2020-09-05,315808.97940717835
15-24,South_East,202,0,0,2020-09-05,2241345.395107426
25-44,South_East,202,0,0,2020-09-05,2427809.730718852
45-64,South_East,202,0,0,2020-09-05,1146771.5718427924
65-74,South_East,202,0,0,2020-09-05,943400.4192470231
75+,South_East,202,0,0,2020-09-05,812027.4422183116
1-4,South_East,203,0,0,2020-09-06,964800.4537784602
5-14,South_East,203,0,0,2020-09-06,315808.97940717835
15-24,South_East,203,0,0,2020-09-06,2241345.395107426
25-44,South_East,203,0,0,2020-09-06,2427809.730718852
45-64,South_East,203,0,0,2020-09-06,1146771.5718427924
65-74,South_East,203,0,0,2020-09-06,943400.4192470231
75+,South_East,203,0,0,2020-09-06,812027.4422183116
1-4,South_East,204,0,0,2020-09-07,964800.4537784602
5-14,South_East,204,0,0,2020-09-07,315808.97940717835
15-24,South_East,204,0,0,2020-09-07,2241345.395107426
25-44,South_East,204,0,0,2020-09-07,2427809.730718852
45-64,South_East,204,0,0,2020-09-07,1146771.5718427924
65-74,South_East,204,0,0,2020-09-07,943400.4192470231
75+,South_East,204,0,0,2020-09-07,812027.4422183116
1-4,South_East,205,0,0,2020-09-08,964800.4537784602
5-14,South_East,205,0,0,2020-09-08,315808.97940717835
15-24,South_East,205,0,0,2020-09-08,2241345.395107426
25-44,South_East,205,0,0,2020-09-08,2427809.730718852
45-64,South_East,205,0,0,2020-09-08,1146771.5718427924
65-74,South_East,205,0,0,2020-09-08,943400.4192470231
75+,South_East,205,0,0,2020-09-08,812027.4422183116
1-4,South_East,206,0,0,2020-09-09,964800.4537784602
5-14,South_East,206,0,0,2020-09-09,315808.97940717835
15-24,South_East,206,0,0,2020-09-09,2241345.395107426
25-44,South_East,206,0,0,2020-09-09,2427809.730718852
45-64,South_East,206,0,0,2020-09-09,1146771.5718427924
65-74,South_East,206,0,0,2020-09-09,943400.4192470231
75+,South_East,206,0,0,2020-09-09,812027.4422183116
1-4,South_East,207,0,0,2020-09-10,964800.4537784602
5-14,South_East,207,0,0,2020-09-10,315808.97940717835
15-24,South_East,207,0,0,2020-09-10,2241345.395107426
25-44,South_East,207,0,0,2020-09-10,2427809.730718852
45-64,South_East,207,0,0,2020-09-10,1146771.5718427924
65-74,South_East,207,0,0,2020-09-10,943400.4192470231
75+,South_East,207,0,0,2020-09-10,812027.4422183116
1-4,South_East,208,0,0,2020-09-11,964800.4537784602
5-14,South_East,208,0,0,2020-09-11,315808.97940717835
15-24,South_East,208,0,0,2020-09-11,2241345.395107426
25-44,South_East,208,0,0,2020-09-11,2427809.730718852
45-64,South_East,208,0,0,2020-09-11,1146771.5718427924
65-74,South_East,208,0,0,2020-09-11,943400.4192470231
75+,South_East,208,0,0,2020-09-11,812027.4422183116
1-4,South_East,209,0,0,2020-09-12,964800.4537784602
5-14,South_East,209,0,0,2020-09-12,315808.97940717835
15-24,South_East,209,0,0,2020-09-12,2241345.395107426
25-44,South_East,209,0,0,2020-09-12,2427809.730718852
45-64,South_East,209,0,0,2020-09-12,1146771.5718427924
65-74,South_East,209,0,0,2020-09-12,943400.4192470231
75+,South_East,209,0,0,2020-09-12,812027.4422183116
1-4,South_East,210,0,0,2020-09-13,964800.4537784602
5-14,South_East,210,0,0,2020-09-13,315808.97940717835
15-24,South_East,210,0,0,2020-09-13,2241345.395107426
25-44,South_East,210,0,0,2020-09-13,2427809.730718852
45-64,South_East,210,0,0,2020-09-13,1146771.5718427924
65-74,South_East,210,0,0,2020-09-13,943400.4192470231
75+,South_East,210,0,0,2020-09-13,812027.4422183116
1-4,South_East,211,0,0,2020-09-14,964800.4537784602
5-14,South_East,211,0,0,2020-09-14,315808.97940717835
15-24,South_East,211,0,0,2020-09-14,2241345.395107426
25-44,South_East,211,0,0,2020-09-14,2427809.730718852
45-64,South_East,211,0,0,2020-09-14,1146771.5718427924
65-74,South_East,211,0,0,2020-09-14,943400.4192470231
75+,South_East,211,0,0,2020-09-14,812027.4422183116
1-4,South_East,212,0,0,2020-09-15,964800.4537784602
5-14,South_East,212,0,0,2020-09-15,315808.97940717835
15-24,South_East,212,0,0,2020-09-15,2241345.395107426
25-44,South_East,212,0,0,2020-09-15,2427809.730718852
45-64,South_East,212,0,0,2020-09-15,1146771.5718427924
65-74,South_East,212,0,0,2020-09-15,943400.4192470231
75+,South_East,212,0,0,2020-09-15,812027.4422183116
1-4,South_East,213,0,0,2020-09-16,964800.4537784602
5-14,South_East,213,6.713709221593121,0.5129063370601344,2020-09-16,315808.97940717835
15-24,South_East,213,8.516766333692068,0.4380594927461411,2020-09-16,2241345.395107426
25-44,South_East,213,7.85265905067681,0.4412357067800523,2020-09-16,2427809.730718852
45-64,South_East,213,7.471869854111293,0.461011064107753,2020-09-16,1146771.5718427924
65-74,South_East,213,6.853626671935127,0.2699910717103988,2020-09-16,943400.4192470231
75+,South_East,213,7.304154730436708,0.2820432535049421,2020-09-16,812027.4422183116
1-4,South_East,214,0,0,2020-09-17,964800.4537784602
5-14,South_East,214,0,0,2020-09-17,315808.97940717835
15-24,South_East,214,0,0,2020-09-17,2241345.395107426
25-44,South_East,214,0,0,2020-09-17,2427809.730718852
45-64,South_East,214,0,0,2020-09-17,1146771.5718427924
65-74,South_East,214,0,0,2020-09-17,943400.4192470231
75+,South_East,214,0,0,2020-09-17,812027.4422183116
1-4,South_East,215,0,0,2020-09-18,964800.4537784602
5-14,South_East,215,0,0,2020-09-18,315808.97940717835
15-24,South_East,215,0,0,2020-09-18,2241345.395107426
25-44,South_East,215,0,0,2020-09-18,2427809.730718852
45-64,South_East,215,0,0,2020-09-18,1146771.5718427924
65-74,South_East,215,0,0,2020-09-18,943400.4192470231
75+,South_East,215,0,0,2020-09-18,812027.4422183116
1-4,South_East,216,0,0,2020-09-19,964800.4537784602
5-14,South_East,216,0,0,2020-09-19,315808.97940717835
15-24,South_East,216,0,0,2020-09-19,2241345.395107426
25-44,South_East,216,0,0,2020-09-19,2427809.730718852
45-64,South_East,216,0,0,2020-09-19,1146771.5718427924
65-74,South_East,216,0,0,2020-09-19,943400.4192470231
75+,South_East,216,0,0,2020-09-19,812027.4422183116
1-4,South_East,217,0,0,2020-09-20,964800.4537784602
5-14,South_East,217,0,0,2020-09-20,315808.97940717835
15-24,South_East,217,0,0,2020-09-20,2241345.395107426
25-44,South_East,217,0,0,2020-09-20,2427809.730718852
45-64,South_East,217,0,0,2020-09-20,1146771.5718427924
65-74,South_East,217,0,0,2020-09-20,943400.4192470231
75+,South_East,217,0,0,2020-09-20,812027.4422183116
1-4,South_East,218,0,0,2020-09-21,964800.4537784602
5-14,South_East,218,0,0,2020-09-21,315808.97940717835
15-24,South_East,218,0,0,2020-09-21,2241345.395107426
25-44,South_East,218,0,0,2020-09-21,2427809.730718852
45-64,South_East,218,0,0,2020-09-21,1146771.5718427924
65-74,South_East,218,0,0,2020-09-21,943400.4192470231
75+,South_East,218,0,0,2020-09-21,812027.4422183116
1-4,South_East,219,0,0,2020-09-22,964800.4537784602
5-14,South_East,219,0,0,2020-09-22,315808.97940717835
15-24,South_East,219,0,0,2020-09-22,2241345.395107426
25-44,South_East,219,0,0,2020-09-22,2427809.730718852
45-64,South_East,219,0,0,2020-09-22,1146771.5718427924
65-74,South_East,219,0,0,2020-09-22,943400.4192470231
75+,South_East,219,0,0,2020-09-22,812027.4422183116
1-4,South_East,220,0,0,2020-09-23,964800.4537784602
5-14,South_East,220,0,0,2020-09-23,315808.97940717835
15-24,South_East,220,0,0,2020-09-23,2241345.395107426
25-44,South_East,220,0,0,2020-09-23,2427809.730718852
45-64,South_East,220,0,0,2020-09-23,1146771.5718427924
65-74,South_East,220,0,0,2020-09-23,943400.4192470231
75+,South_East,220,0,0,2020-09-23,812027.4422183116
1-4,South_East,221,0,0,2020-09-24,964800.4537784602
5-14,South_East,221,0,0,2020-09-24,315808.97940717835
15-24,South_East,221,0,0,2020-09-24,2241345.395107426
25-44,South_East,221,0,0,2020-09-24,2427809.730718852
45-64,South_East,221,0,0,2020-09-24,1146771.5718427924
65-74,South_East,221,0,0,2020-09-24,943400.4192470231
75+,South_East,221,0,0,2020-09-24,812027.4422183116
1-4,South_East,222,0,0,2020-09-25,964800.4537784602
5-14,South_East,222,0,0,2020-09-25,315808.97940717835
15-24,South_East,222,0,0,2020-09-25,2241345.395107426
25-44,South_East,222,0,0,2020-09-25,2427809.730718852
45-64,South_East,222,0,0,2020-09-25,1146771.5718427924
65-74,South_East,222,0,0,2020-09-25,943400.4192470231
75+,South_East,222,0,0,2020-09-25,812027.4422183116
1-4,South_East,223,0,0,2020-09-26,964800.4537784602
5-14,South_East,223,0,0,2020-09-26,315808.97940717835
15-24,South_East,223,0,0,2020-09-26,2241345.395107426
25-44,South_East,223,0,0,2020-09-26,2427809.730718852
45-64,South_East,223,0,0,2020-09-26,1146771.5718427924
65-74,South_East,223,0,0,2020-09-26,943400.4192470231
75+,South_East,223,0,0,2020-09-26,812027.4422183116
1-4,South_East,224,0,0,2020-09-27,964800.4537784602
5-14,South_East,224,0,0,2020-09-27,315808.97940717835
15-24,South_East,224,0,0,2020-09-27,2241345.395107426
25-44,South_East,224,0,0,2020-09-27,2427809.730718852
45-64,South_East,224,0,0,2020-09-27,1146771.5718427924
65-74,South_East,224,0,0,2020-09-27,943400.4192470231
75+,South_East,224,0,0,2020-09-27,812027.4422183116
1-4,South_East,225,0,0,2020-09-28,964800.4537784602
5-14,South_East,225,0,0,2020-09-28,315808.97940717835
15-24,South_East,225,0,0,2020-09-28,2241345.395107426
25-44,South_East,225,0,0,2020-09-28,2427809.730718852
45-64,South_East,225,0,0,2020-09-28,1146771.5718427924
65-74,South_East,225,0,0,2020-09-28,943400.4192470231
75+,South_East,225,0,0,2020-09-28,812027.4422183116
1-4,South_East,226,0,0,2020-09-29,964800.4537784602
5-14,South_East,226,0,0,2020-09-29,315808.97940717835
15-24,South_East,226,0,0,2020-09-29,2241345.395107426
25-44,South_East,226,0,0,2020-09-29,2427809.730718852
45-64,South_East,226,0,0,2020-09-29,1146771.5718427924
65-74,South_East,226,0,0,2020-09-29,943400.4192470231
75+,South_East,226,0,0,2020-09-29,812027.4422183116
1-4,South_East,227,0,0,2020-09-30,964800.4537784602
5-14,South_East,227,6.688201178472367,0.5032241575797385,2020-09-30,315808.97940717835
15-24,South_East,227,8.74392231743069,0.4177828316316347,2020-09-30,2241345.395107426
25-44,South_East,227,8.328180841809258,0.41845204421932897,2020-09-30,2427809.730718852
45-64,South_East,227,7.848704432738674,0.4325542342336082,2020-09-30,1146771.5718427924
65-74,South_East,227,7.112622555138038,0.22343967795729855,2020-09-30,943400.4192470231
75+,South_East,227,7.368990100169759,0.23966746495512253,2020-09-30,812027.4422183116
1-4,South_East,228,0,0,2020-10-01,964800.4537784602
5-14,South_East,228,0,0,2020-10-01,315808.97940717835
15-24,South_East,228,0,0,2020-10-01,2241345.395107426
25-44,South_East,228,0,0,2020-10-01,2427809.730718852
45-64,South_East,228,0,0,2020-10-01,1146771.5718427924
65-74,South_East,228,0,0,2020-10-01,943400.4192470231
75+,South_East,228,0,0,2020-10-01,812027.4422183116
1-4,South_East,229,0,0,2020-10-02,964800.4537784602
5-14,South_East,229,0,0,2020-10-02,315808.97940717835
15-24,South_East,229,0,0,2020-10-02,2241345.395107426
25-44,South_East,229,0,0,2020-10-02,2427809.730718852
45-64,South_East,229,0,0,2020-10-02,1146771.5718427924
65-74,South_East,229,0,0,2020-10-02,943400.4192470231
75+,South_East,229,0,0,2020-10-02,812027.4422183116
1-4,South_East,230,0,0,2020-10-03,964800.4537784602
5-14,South_East,230,0,0,2020-10-03,315808.97940717835
15-24,South_East,230,0,0,2020-10-03,2241345.395107426
25-44,South_East,230,0,0,2020-10-03,2427809.730718852
45-64,South_East,230,0,0,2020-10-03,1146771.5718427924
65-74,South_East,230,0,0,2020-10-03,943400.4192470231
75+,South_East,230,0,0,2020-10-03,812027.4422183116
1-4,South_East,231,0,0,2020-10-04,964800.4537784602
5-14,South_East,231,0,0,2020-10-04,315808.97940717835
15-24,South_East,231,0,0,2020-10-04,2241345.395107426
25-44,South_East,231,0,0,2020-10-04,2427809.730718852
45-64,South_East,231,0,0,2020-10-04,1146771.5718427924
65-74,South_East,231,0,0,2020-10-04,943400.4192470231
75+,South_East,231,0,0,2020-10-04,812027.4422183116
1-4,South_East,232,0,0,2020-10-05,964800.4537784602
5-14,South_East,232,0,0,2020-10-05,315808.97940717835
15-24,South_East,232,0,0,2020-10-05,2241345.395107426
25-44,South_East,232,0,0,2020-10-05,2427809.730718852
45-64,South_East,232,0,0,2020-10-05,1146771.5718427924
65-74,South_East,232,0,0,2020-10-05,943400.4192470231
75+,South_East,232,0,0,2020-10-05,812027.4422183116
1-4,South_East,233,0,0,2020-10-06,964800.4537784602
5-14,South_East,233,0,0,2020-10-06,315808.97940717835
15-24,South_East,233,0,0,2020-10-06,2241345.395107426
25-44,South_East,233,0,0,2020-10-06,2427809.730718852
45-64,South_East,233,0,0,2020-10-06,1146771.5718427924
65-74,South_East,233,0,0,2020-10-06,943400.4192470231
75+,South_East,233,0,0,2020-10-06,812027.4422183116
1-4,South_East,234,0,0,2020-10-07,964800.4537784602
5-14,South_East,234,0,0,2020-10-07,315808.97940717835
15-24,South_East,234,0,0,2020-10-07,2241345.395107426
25-44,South_East,234,0,0,2020-10-07,2427809.730718852
45-64,South_East,234,0,0,2020-10-07,1146771.5718427924
65-74,South_East,234,0,0,2020-10-07,943400.4192470231
75+,South_East,234,0,0,2020-10-07,812027.4422183116
1-4,South_East,235,0,0,2020-10-08,964800.4537784602
5-14,South_East,235,0,0,2020-10-08,315808.97940717835
15-24,South_East,235,0,0,2020-10-08,2241345.395107426
25-44,South_East,235,0,0,2020-10-08,2427809.730718852
45-64,South_East,235,0,0,2020-10-08,1146771.5718427924
65-74,South_East,235,0,0,2020-10-08,943400.4192470231
75+,South_East,235,0,0,2020-10-08,812027.4422183116
1-4,South_East,236,0,0,2020-10-09,964800.4537784602
5-14,South_East,236,0,0,2020-10-09,315808.97940717835
15-24,South_East,236,0,0,2020-10-09,2241345.395107426
25-44,South_East,236,0,0,2020-10-09,2427809.730718852
45-64,South_East,236,0,0,2020-10-09,1146771.5718427924
65-74,South_East,236,0,0,2020-10-09,943400.4192470231
75+,South_East,236,0,0,2020-10-09,812027.4422183116
1-4,South_East,237,0,0,2020-10-10,964800.4537784602
5-14,South_East,237,0,0,2020-10-10,315808.97940717835
15-24,South_East,237,0,0,2020-10-10,2241345.395107426
25-44,South_East,237,0,0,2020-10-10,2427809.730718852
45-64,South_East,237,0,0,2020-10-10,1146771.5718427924
65-74,South_East,237,0,0,2020-10-10,943400.4192470231
75+,South_East,237,0,0,2020-10-10,812027.4422183116
1-4,South_East,238,0,0,2020-10-11,964800.4537784602
5-14,South_East,238,0,0,2020-10-11,315808.97940717835
15-24,South_East,238,0,0,2020-10-11,2241345.395107426
25-44,South_East,238,0,0,2020-10-11,2427809.730718852
45-64,South_East,238,0,0,2020-10-11,1146771.5718427924
65-74,South_East,238,0,0,2020-10-11,943400.4192470231
75+,South_East,238,0,0,2020-10-11,812027.4422183116
1-4,South_East,239,0,0,2020-10-12,964800.4537784602
5-14,South_East,239,0,0,2020-10-12,315808.97940717835
15-24,South_East,239,0,0,2020-10-12,2241345.395107426
25-44,South_East,239,0,0,2020-10-12,2427809.730718852
45-64,South_East,239,0,0,2020-10-12,1146771.5718427924
65-74,South_East,239,0,0,2020-10-12,943400.4192470231
75+,South_East,239,0,0,2020-10-12,812027.4422183116
1-4,South_East,240,0,0,2020-10-13,964800.4537784602
5-14,South_East,240,0,0,2020-10-13,315808.97940717835
15-24,South_East,240,0,0,2020-10-13,2241345.395107426
25-44,South_East,240,0,0,2020-10-13,2427809.730718852
45-64,South_East,240,0,0,2020-10-13,1146771.5718427924
65-74,South_East,240,0,0,2020-10-13,943400.4192470231
75+,South_East,240,0,0,2020-10-13,812027.4422183116
1-4,South_East,241,0,0,2020-10-14,964800.4537784602
5-14,South_East,241,6.95058203427223,0.4849816079489483,2020-10-14,315808.97940717835
15-24,South_East,241,9.306347079025306,0.4033717954107612,2020-10-14,2241345.395107426
25-44,South_East,241,9.00000524942162,0.4010183326694478,2020-10-14,2427809.730718852
45-64,South_East,241,8.44214782976418,0.4137311870198263,2020-10-14,1146771.5718427924
65-74,South_East,241,7.680969668645702,0.17903081228146306,2020-10-14,943400.4192470231
75+,South_East,241,7.582416697055751,0.20842607434674573,2020-10-14,812027.4422183116
1-4,South_East,242,0,0,2020-10-15,964800.4537784602
5-14,South_East,242,0,0,2020-10-15,315808.97940717835
15-24,South_East,242,0,0,2020-10-15,2241345.395107426
25-44,South_East,242,0,0,2020-10-15,2427809.730718852
45-64,South_East,242,0,0,2020-10-15,1146771.5718427924
65-74,South_East,242,0,0,2020-10-15,943400.4192470231
75+,South_East,242,0,0,2020-10-15,812027.4422183116
1-4,South_East,243,0,0,2020-10-16,964800.4537784602
5-14,South_East,243,0,0,2020-10-16,315808.97940717835
15-24,South_East,243,0,0,2020-10-16,2241345.395107426
25-44,South_East,243,0,0,2020-10-16,2427809.730718852
45-64,South_East,243,0,0,2020-10-16,1146771.5718427924
65-74,South_East,243,0,0,2020-10-16,943400.4192470231
75+,South_East,243,0,0,2020-10-16,812027.4422183116
1-4,South_East,244,0,0,2020-10-17,964800.4537784602
5-14,South_East,244,0,0,2020-10-17,315808.97940717835
15-24,South_East,244,0,0,2020-10-17,2241345.395107426
25-44,South_East,244,0,0,2020-10-17,2427809.730718852
45-64,South_East,244,0,0,2020-10-17,1146771.5718427924
65-74,South_East,244,0,0,2020-10-17,943400.4192470231
75+,South_East,244,0,0,2020-10-17,812027.4422183116
1-4,South_East,245,0,0,2020-10-18,964800.4537784602
5-14,South_East,245,0,0,2020-10-18,315808.97940717835
15-24,South_East,245,0,0,2020-10-18,2241345.395107426
25-44,South_East,245,0,0,2020-10-18,2427809.730718852
45-64,South_East,245,0,0,2020-10-18,1146771.5718427924
65-74,South_East,245,0,0,2020-10-18,943400.4192470231
75+,South_East,245,0,0,2020-10-18,812027.4422183116
1-4,South_East,246,0,0,2020-10-19,964800.4537784602
5-14,South_East,246,0,0,2020-10-19,315808.97940717835
15-24,South_East,246,0,0,2020-10-19,2241345.395107426
25-44,South_East,246,0,0,2020-10-19,2427809.730718852
45-64,South_East,246,0,0,2020-10-19,1146771.5718427924
65-74,South_East,246,0,0,2020-10-19,943400.4192470231
75+,South_East,246,0,0,2020-10-19,812027.4422183116
1-4,South_East,247,0,0,2020-10-20,964800.4537784602
5-14,South_East,247,0,0,2020-10-20,315808.97940717835
15-24,South_East,247,0,0,2020-10-20,2241345.395107426
25-44,South_East,247,0,0,2020-10-20,2427809.730718852
45-64,South_East,247,0,0,2020-10-20,1146771.5718427924
65-74,South_East,247,0,0,2020-10-20,943400.4192470231
75+,South_East,247,0,0,2020-10-20,812027.4422183116
1-4,South_East,248,0,0,2020-10-21,964800.4537784602
5-14,South_East,248,0,0,2020-10-21,315808.97940717835
15-24,South_East,248,0,0,2020-10-21,2241345.395107426
25-44,South_East,248,0,0,2020-10-21,2427809.730718852
45-64,South_East,248,0,0,2020-10-21,1146771.5718427924
65-74,South_East,248,0,0,2020-10-21,943400.4192470231
75+,South_East,248,0,0,2020-10-21,812027.4422183116
1-4,South_East,249,0,0,2020-10-22,964800.4537784602
5-14,South_East,249,0,0,2020-10-22,315808.97940717835
15-24,South_East,249,0,0,2020-10-22,2241345.395107426
25-44,South_East,249,0,0,2020-10-22,2427809.730718852
45-64,South_East,249,0,0,2020-10-22,1146771.5718427924
65-74,South_East,249,0,0,2020-10-22,943400.4192470231
75+,South_East,249,0,0,2020-10-22,812027.4422183116
1-4,South_East,250,0,0,2020-10-23,964800.4537784602
5-14,South_East,250,0,0,2020-10-23,315808.97940717835
15-24,South_East,250,0,0,2020-10-23,2241345.395107426
25-44,South_East,250,0,0,2020-10-23,2427809.730718852
45-64,South_East,250,0,0,2020-10-23,1146771.5718427924
65-74,South_East,250,0,0,2020-10-23,943400.4192470231
75+,South_East,250,0,0,2020-10-23,812027.4422183116
1-4,South_East,251,0,0,2020-10-24,964800.4537784602
5-14,South_East,251,0,0,2020-10-24,315808.97940717835
15-24,South_East,251,0,0,2020-10-24,2241345.395107426
25-44,South_East,251,0,0,2020-10-24,2427809.730718852
45-64,South_East,251,0,0,2020-10-24,1146771.5718427924
65-74,South_East,251,0,0,2020-10-24,943400.4192470231
75+,South_East,251,0,0,2020-10-24,812027.4422183116
1-4,South_East,252,0,0,2020-10-25,964800.4537784602
5-14,South_East,252,0,0,2020-10-25,315808.97940717835
15-24,South_East,252,0,0,2020-10-25,2241345.395107426
25-44,South_East,252,0,0,2020-10-25,2427809.730718852
45-64,South_East,252,0,0,2020-10-25,1146771.5718427924
65-74,South_East,252,0,0,2020-10-25,943400.4192470231
75+,South_East,252,0,0,2020-10-25,812027.4422183116
1-4,South_East,253,0,0,2020-10-26,964800.4537784602
5-14,South_East,253,0,0,2020-10-26,315808.97940717835
15-24,South_East,253,0,0,2020-10-26,2241345.395107426
25-44,South_East,253,0,0,2020-10-26,2427809.730718852
45-64,South_East,253,0,0,2020-10-26,1146771.5718427924
65-74,South_East,253,0,0,2020-10-26,943400.4192470231
75+,South_East,253,0,0,2020-10-26,812027.4422183116
1-4,South_East,254,0,0,2020-10-27,964800.4537784602
5-14,South_East,254,0,0,2020-10-27,315808.97940717835
15-24,South_East,254,0,0,2020-10-27,2241345.395107426
25-44,South_East,254,0,0,2020-10-27,2427809.730718852
45-64,South_East,254,0,0,2020-10-27,1146771.5718427924
65-74,South_East,254,0,0,2020-10-27,943400.4192470231
75+,South_East,254,0,0,2020-10-27,812027.4422183116
1-4,South_East,255,0,0,2020-10-28,964800.4537784602
5-14,South_East,255,7.2642346305719085,0.47369471629883847,2020-10-28,315808.97940717835
15-24,South_East,255,9.82952083240369,0.39481113929636985,2020-10-28,2241345.395107426
25-44,South_East,255,9.56886913159597,0.396059717922333,2020-10-28,2427809.730718852
45-64,South_East,255,8.938080967315381,0.4056817752130393,2020-10-28,1146771.5718427924
65-74,South_East,255,8.109233481777329,0.1630410431762194,2020-10-28,943400.4192470231
75+,South_East,255,7.8173495242886215,0.20227468842889512,2020-10-28,812027.4422183116
1-4,South_East,256,0,0,2020-10-29,964800.4537784602
5-14,South_East,256,0,0,2020-10-29,315808.97940717835
15-24,South_East,256,0,0,2020-10-29,2241345.395107426
25-44,South_East,256,0,0,2020-10-29,2427809.730718852
45-64,South_East,256,0,0,2020-10-29,1146771.5718427924
65-74,South_East,256,0,0,2020-10-29,943400.4192470231
75+,South_East,256,0,0,2020-10-29,812027.4422183116
1-4,South_East,257,0,0,2020-10-30,964800.4537784602
5-14,South_East,257,0,0,2020-10-30,315808.97940717835
15-24,South_East,257,0,0,2020-10-30,2241345.395107426
25-44,South_East,257,0,0,2020-10-30,2427809.730718852
45-64,South_East,257,0,0,2020-10-30,1146771.5718427924
65-74,South_East,257,0,0,2020-10-30,943400.4192470231
75+,South_East,257,0,0,2020-10-30,812027.4422183116
1-4,South_East,258,0,0,2020-10-31,964800.4537784602
5-14,South_East,258,0,0,2020-10-31,315808.97940717835
15-24,South_East,258,0,0,2020-10-31,2241345.395107426
25-44,South_East,258,0,0,2020-10-31,2427809.730718852
45-64,South_East,258,0,0,2020-10-31,1146771.5718427924
65-74,South_East,258,0,0,2020-10-31,943400.4192470231
75+,South_East,258,0,0,2020-10-31,812027.4422183116
1-4,South_East,259,0,0,2020-11-01,964800.4537784602
5-14,South_East,259,0,0,2020-11-01,315808.97940717835
15-24,South_East,259,0,0,2020-11-01,2241345.395107426
25-44,South_East,259,0,0,2020-11-01,2427809.730718852
45-64,South_East,259,0,0,2020-11-01,1146771.5718427924
65-74,South_East,259,0,0,2020-11-01,943400.4192470231
75+,South_East,259,0,0,2020-11-01,812027.4422183116
1-4,South_East,260,0,0,2020-11-02,964800.4537784602
5-14,South_East,260,0,0,2020-11-02,315808.97940717835
15-24,South_East,260,0,0,2020-11-02,2241345.395107426
25-44,South_East,260,0,0,2020-11-02,2427809.730718852
45-64,South_East,260,0,0,2020-11-02,1146771.5718427924
65-74,South_East,260,0,0,2020-11-02,943400.4192470231
75+,South_East,260,0,0,2020-11-02,812027.4422183116
1-4,South_East,261,0,0,2020-11-03,964800.4537784602
5-14,South_East,261,0,0,2020-11-03,315808.97940717835
15-24,South_East,261,0,0,2020-11-03,2241345.395107426
25-44,South_East,261,0,0,2020-11-03,2427809.730718852
45-64,South_East,261,0,0,2020-11-03,1146771.5718427924
65-74,South_East,261,0,0,2020-11-03,943400.4192470231
75+,South_East,261,0,0,2020-11-03,812027.4422183116
1-4,South_East,262,0,0,2020-11-04,964800.4537784602
5-14,South_East,262,0,0,2020-11-04,315808.97940717835
15-24,South_East,262,0,0,2020-11-04,2241345.395107426
25-44,South_East,262,0,0,2020-11-04,2427809.730718852
45-64,South_East,262,0,0,2020-11-04,1146771.5718427924
65-74,South_East,262,0,0,2020-11-04,943400.4192470231
75+,South_East,262,0,0,2020-11-04,812027.4422183116
1-4,South_East,263,0,0,2020-11-05,964800.4537784602
5-14,South_East,263,0,0,2020-11-05,315808.97940717835
15-24,South_East,263,0,0,2020-11-05,2241345.395107426
25-44,South_East,263,0,0,2020-11-05,2427809.730718852
45-64,South_East,263,0,0,2020-11-05,1146771.5718427924
65-74,South_East,263,0,0,2020-11-05,943400.4192470231
75+,South_East,263,0,0,2020-11-05,812027.4422183116
1-4,South_East,264,0,0,2020-11-06,964800.4537784602
5-14,South_East,264,0,0,2020-11-06,315808.97940717835
15-24,South_East,264,0,0,2020-11-06,2241345.395107426
25-44,South_East,264,0,0,2020-11-06,2427809.730718852
45-64,South_East,264,0,0,2020-11-06,1146771.5718427924
65-74,South_East,264,0,0,2020-11-06,943400.4192470231
75+,South_East,264,0,0,2020-11-06,812027.4422183116
1-4,South_East,265,0,0,2020-11-07,964800.4537784602
5-14,South_East,265,0,0,2020-11-07,315808.97940717835
15-24,South_East,265,0,0,2020-11-07,2241345.395107426
25-44,South_East,265,0,0,2020-11-07,2427809.730718852
45-64,South_East,265,0,0,2020-11-07,1146771.5718427924
65-74,South_East,265,0,0,2020-11-07,943400.4192470231
75+,South_East,265,0,0,2020-11-07,812027.4422183116
1-4,South_East,266,0,0,2020-11-08,964800.4537784602
5-14,South_East,266,0,0,2020-11-08,315808.97940717835
15-24,South_East,266,0,0,2020-11-08,2241345.395107426
25-44,South_East,266,0,0,2020-11-08,2427809.730718852
45-64,South_East,266,0,0,2020-11-08,1146771.5718427924
65-74,South_East,266,0,0,2020-11-08,943400.4192470231
75+,South_East,266,0,0,2020-11-08,812027.4422183116
1-4,South_East,267,0,0,2020-11-09,964800.4537784602
5-14,South_East,267,0,0,2020-11-09,315808.97940717835
15-24,South_East,267,0,0,2020-11-09,2241345.395107426
25-44,South_East,267,0,0,2020-11-09,2427809.730718852
45-64,South_East,267,0,0,2020-11-09,1146771.5718427924
65-74,South_East,267,0,0,2020-11-09,943400.4192470231
75+,South_East,267,0,0,2020-11-09,812027.4422183116
1-4,South_East,268,0,0,2020-11-10,964800.4537784602
5-14,South_East,268,0,0,2020-11-10,315808.97940717835
15-24,South_East,268,0,0,2020-11-10,2241345.395107426
25-44,South_East,268,0,0,2020-11-10,2427809.730718852
45-64,South_East,268,0,0,2020-11-10,1146771.5718427924
65-74,South_East,268,0,0,2020-11-10,943400.4192470231
75+,South_East,268,0,0,2020-11-10,812027.4422183116
1-4,South_East,269,0,0,2020-11-11,964800.4537784602
5-14,South_East,269,7.592335318068212,0.46291738379602637,2020-11-11,315808.97940717835
15-24,South_East,269,10.21881418410227,0.38921150071650046,2020-11-11,2241345.395107426
25-44,South_East,269,9.936580970696017,0.3909589701157187,2020-11-11,2427809.730718852
45-64,South_East,269,9.359699112896473,0.40095730062817925,2020-11-11,1146771.5718427924
65-74,South_East,269,8.37847181306094,0.15176133889611618,2020-11-11,943400.4192470231
75+,South_East,269,7.998141498769431,0.201789001913782,2020-11-11,812027.4422183116
1-4,South_East,270,0,0,2020-11-12,964800.4537784602
5-14,South_East,270,0,0,2020-11-12,315808.97940717835
15-24,South_East,270,0,0,2020-11-12,2241345.395107426
25-44,South_East,270,0,0,2020-11-12,2427809.730718852
45-64,South_East,270,0,0,2020-11-12,1146771.5718427924
65-74,South_East,270,0,0,2020-11-12,943400.4192470231
75+,South_East,270,0,0,2020-11-12,812027.4422183116
1-4,South_East,271,0,0,2020-11-13,964800.4537784602
5-14,South_East,271,0,0,2020-11-13,315808.97940717835
15-24,South_East,271,0,0,2020-11-13,2241345.395107426
25-44,South_East,271,0,0,2020-11-13,2427809.730718852
45-64,South_East,271,0,0,2020-11-13,1146771.5718427924
65-74,South_East,271,0,0,2020-11-13,943400.4192470231
75+,South_East,271,0,0,2020-11-13,812027.4422183116
1-4,South_East,272,0,0,2020-11-14,964800.4537784602
5-14,South_East,272,0,0,2020-11-14,315808.97940717835
15-24,South_East,272,0,0,2020-11-14,2241345.395107426
25-44,South_East,272,0,0,2020-11-14,2427809.730718852
45-64,South_East,272,0,0,2020-11-14,1146771.5718427924
65-74,South_East,272,0,0,2020-11-14,943400.4192470231
75+,South_East,272,0,0,2020-11-14,812027.4422183116
1-4,South_East,273,0,0,2020-11-15,964800.4537784602
5-14,South_East,273,0,0,2020-11-15,315808.97940717835
15-24,South_East,273,0,0,2020-11-15,2241345.395107426
25-44,South_East,273,0,0,2020-11-15,2427809.730718852
45-64,South_East,273,0,0,2020-11-15,1146771.5718427924
65-74,South_East,273,0,0,2020-11-15,943400.4192470231
75+,South_East,273,0,0,2020-11-15,812027.4422183116
1-4,South_East,274,0,0,2020-11-16,964800.4537784602
5-14,South_East,274,0,0,2020-11-16,315808.97940717835
15-24,South_East,274,0,0,2020-11-16,2241345.395107426
25-44,South_East,274,0,0,2020-11-16,2427809.730718852
45-64,South_East,274,0,0,2020-11-16,1146771.5718427924
65-74,South_East,274,0,0,2020-11-16,943400.4192470231
75+,South_East,274,0,0,2020-11-16,812027.4422183116
1-4,South_East,275,0,0,2020-11-17,964800.4537784602
5-14,South_East,275,0,0,2020-11-17,315808.97940717835
15-24,South_East,275,0,0,2020-11-17,2241345.395107426
25-44,South_East,275,0,0,2020-11-17,2427809.730718852
45-64,South_East,275,0,0,2020-11-17,1146771.5718427924
65-74,South_East,275,0,0,2020-11-17,943400.4192470231
75+,South_East,275,0,0,2020-11-17,812027.4422183116
1-4,South_East,276,0,0,2020-11-18,964800.4537784602
5-14,South_East,276,0,0,2020-11-18,315808.97940717835
15-24,South_East,276,0,0,2020-11-18,2241345.395107426
25-44,South_East,276,0,0,2020-11-18,2427809.730718852
45-64,South_East,276,0,0,2020-11-18,1146771.5718427924
65-74,South_East,276,0,0,2020-11-18,943400.4192470231
75+,South_East,276,0,0,2020-11-18,812027.4422183116
1-4,South_East,277,0,0,2020-11-19,964800.4537784602
5-14,South_East,277,0,0,2020-11-19,315808.97940717835
15-24,South_East,277,0,0,2020-11-19,2241345.395107426
25-44,South_East,277,0,0,2020-11-19,2427809.730718852
45-64,South_East,277,0,0,2020-11-19,1146771.5718427924
65-74,South_East,277,0,0,2020-11-19,943400.4192470231
75+,South_East,277,0,0,2020-11-19,812027.4422183116
1-4,South_East,278,0,0,2020-11-20,964800.4537784602
5-14,South_East,278,0,0,2020-11-20,315808.97940717835
15-24,South_East,278,0,0,2020-11-20,2241345.395107426
25-44,South_East,278,0,0,2020-11-20,2427809.730718852
45-64,South_East,278,0,0,2020-11-20,1146771.5718427924
65-74,South_East,278,0,0,2020-11-20,943400.4192470231
75+,South_East,278,0,0,2020-11-20,812027.4422183116
1-4,South_East,279,0,0,2020-11-21,964800.4537784602
5-14,South_East,279,0,0,2020-11-21,315808.97940717835
15-24,South_East,279,0,0,2020-11-21,2241345.395107426
25-44,South_East,279,0,0,2020-11-21,2427809.730718852
45-64,South_East,279,0,0,2020-11-21,1146771.5718427924
65-74,South_East,279,0,0,2020-11-21,943400.4192470231
75+,South_East,279,0,0,2020-11-21,812027.4422183116
1-4,South_East,280,0,0,2020-11-22,964800.4537784602
5-14,South_East,280,0,0,2020-11-22,315808.97940717835
15-24,South_East,280,0,0,2020-11-22,2241345.395107426
25-44,South_East,280,0,0,2020-11-22,2427809.730718852
45-64,South_East,280,0,0,2020-11-22,1146771.5718427924
65-74,South_East,280,0,0,2020-11-22,943400.4192470231
75+,South_East,280,0,0,2020-11-22,812027.4422183116
1-4,South_East,281,0,0,2020-11-23,964800.4537784602
5-14,South_East,281,0,0,2020-11-23,315808.97940717835
15-24,South_East,281,0,0,2020-11-23,2241345.395107426
25-44,South_East,281,0,0,2020-11-23,2427809.730718852
45-64,South_East,281,0,0,2020-11-23,1146771.5718427924
65-74,South_East,281,0,0,2020-11-23,943400.4192470231
75+,South_East,281,0,0,2020-11-23,812027.4422183116
1-4,South_East,282,0,0,2020-11-24,964800.4537784602
5-14,South_East,282,0,0,2020-11-24,315808.97940717835
15-24,South_East,282,0,0,2020-11-24,2241345.395107426
25-44,South_East,282,0,0,2020-11-24,2427809.730718852
45-64,South_East,282,0,0,2020-11-24,1146771.5718427924
65-74,South_East,282,0,0,2020-11-24,943400.4192470231
75+,South_East,282,0,0,2020-11-24,812027.4422183116
1-4,South_East,283,0,0,2020-11-25,964800.4537784602
5-14,South_East,283,7.569446195024252,0.4589830134814238,2020-11-25,315808.97940717835
15-24,South_East,283,9.976600107266313,0.38859098436231326,2020-11-25,2241345.395107426
25-44,South_East,283,9.853014850067833,0.3910722369839869,2020-11-25,2427809.730718852
45-64,South_East,283,9.279706486848516,0.4016604957776875,2020-11-25,1146771.5718427924
65-74,South_East,283,8.084329113183474,0.15491772535088275,2020-11-25,943400.4192470231
75+,South_East,283,7.778217334516986,0.20540841338815777,2020-11-25,812027.4422183116
1-4,South_East,284,0,0,2020-11-26,964800.4537784602
5-14,South_East,284,0,0,2020-11-26,315808.97940717835
15-24,South_East,284,0,0,2020-11-26,2241345.395107426
25-44,South_East,284,0,0,2020-11-26,2427809.730718852
45-64,South_East,284,0,0,2020-11-26,1146771.5718427924
65-74,South_East,284,0,0,2020-11-26,943400.4192470231
75+,South_East,284,0,0,2020-11-26,812027.4422183116
1-4,South_East,285,0,0,2020-11-27,964800.4537784602
5-14,South_East,285,0,0,2020-11-27,315808.97940717835
15-24,South_East,285,0,0,2020-11-27,2241345.395107426
25-44,South_East,285,0,0,2020-11-27,2427809.730718852
45-64,South_East,285,0,0,2020-11-27,1146771.5718427924
65-74,South_East,285,0,0,2020-11-27,943400.4192470231
75+,South_East,285,0,0,2020-11-27,812027.4422183116
1-4,South_East,286,0,0,2020-11-28,964800.4537784602
5-14,South_East,286,0,0,2020-11-28,315808.97940717835
15-24,South_East,286,0,0,2020-11-28,2241345.395107426
25-44,South_East,286,0,0,2020-11-28,2427809.730718852
45-64,South_East,286,0,0,2020-11-28,1146771.5718427924
65-74,South_East,286,0,0,2020-11-28,943400.4192470231
75+,South_East,286,0,0,2020-11-28,812027.4422183116
1-4,South_East,287,0,0,2020-11-29,964800.4537784602
5-14,South_East,287,0,0,2020-11-29,315808.97940717835
15-24,South_East,287,0,0,2020-11-29,2241345.395107426
25-44,South_East,287,0,0,2020-11-29,2427809.730718852
45-64,South_East,287,0,0,2020-11-29,1146771.5718427924
65-74,South_East,287,0,0,2020-11-29,943400.4192470231
75+,South_East,287,0,0,2020-11-29,812027.4422183116
1-4,South_East,288,0,0,2020-11-30,964800.4537784602
5-14,South_East,288,0,0,2020-11-30,315808.97940717835
15-24,South_East,288,0,0,2020-11-30,2241345.395107426
25-44,South_East,288,0,0,2020-11-30,2427809.730718852
45-64,South_East,288,0,0,2020-11-30,1146771.5718427924
65-74,South_East,288,0,0,2020-11-30,943400.4192470231
75+,South_East,288,0,0,2020-11-30,812027.4422183116
1-4,South_East,289,0,0,2020-12-01,964800.4537784602
5-14,South_East,289,0,0,2020-12-01,315808.97940717835
15-24,South_East,289,0,0,2020-12-01,2241345.395107426
25-44,South_East,289,0,0,2020-12-01,2427809.730718852
45-64,South_East,289,0,0,2020-12-01,1146771.5718427924
65-74,South_East,289,0,0,2020-12-01,943400.4192470231
75+,South_East,289,0,0,2020-12-01,812027.4422183116
1-4,South_East,290,0,0,2020-12-02,964800.4537784602
5-14,South_East,290,0,0,2020-12-02,315808.97940717835
15-24,South_East,290,0,0,2020-12-02,2241345.395107426
25-44,South_East,290,0,0,2020-12-02,2427809.730718852
45-64,South_East,290,0,0,2020-12-02,1146771.5718427924
65-74,South_East,290,0,0,2020-12-02,943400.4192470231
75+,South_East,290,0,0,2020-12-02,812027.4422183116
1-4,South_East,291,0,0,2020-12-03,964800.4537784602
5-14,South_East,291,0,0,2020-12-03,315808.97940717835
15-24,South_East,291,0,0,2020-12-03,2241345.395107426
25-44,South_East,291,0,0,2020-12-03,2427809.730718852
45-64,South_East,291,0,0,2020-12-03,1146771.5718427924
65-74,South_East,291,0,0,2020-12-03,943400.4192470231
75+,South_East,291,0,0,2020-12-03,812027.4422183116
1-4,South_East,292,0,0,2020-12-04,964800.4537784602
5-14,South_East,292,0,0,2020-12-04,315808.97940717835
15-24,South_East,292,0,0,2020-12-04,2241345.395107426
25-44,South_East,292,0,0,2020-12-04,2427809.730718852
45-64,South_East,292,0,0,2020-12-04,1146771.5718427924
65-74,South_East,292,0,0,2020-12-04,943400.4192470231
75+,South_East,292,0,0,2020-12-04,812027.4422183116
1-4,South_East,293,0,0,2020-12-05,964800.4537784602
5-14,South_East,293,0,0,2020-12-05,315808.97940717835
15-24,South_East,293,0,0,2020-12-05,2241345.395107426
25-44,South_East,293,0,0,2020-12-05,2427809.730718852
45-64,South_East,293,0,0,2020-12-05,1146771.5718427924
65-74,South_East,293,0,0,2020-12-05,943400.4192470231
75+,South_East,293,0,0,2020-12-05,812027.4422183116
1-4,South_East,294,0,0,2020-12-06,964800.4537784602
5-14,South_East,294,0,0,2020-12-06,315808.97940717835
15-24,South_East,294,0,0,2020-12-06,2241345.395107426
25-44,South_East,294,0,0,2020-12-06,2427809.730718852
45-64,South_East,294,0,0,2020-12-06,1146771.5718427924
65-74,South_East,294,0,0,2020-12-06,943400.4192470231
75+,South_East,294,0,0,2020-12-06,812027.4422183116
1-4,South_East,295,0,0,2020-12-07,964800.4537784602
5-14,South_East,295,0,0,2020-12-07,315808.97940717835
15-24,South_East,295,0,0,2020-12-07,2241345.395107426
25-44,South_East,295,0,0,2020-12-07,2427809.730718852
45-64,South_East,295,0,0,2020-12-07,1146771.5718427924
65-74,South_East,295,0,0,2020-12-07,943400.4192470231
75+,South_East,295,0,0,2020-12-07,812027.4422183116
1-4,South_East,296,0,0,2020-12-08,964800.4537784602
5-14,South_East,296,0,0,2020-12-08,315808.97940717835
15-24,South_East,296,0,0,2020-12-08,2241345.395107426
25-44,South_East,296,0,0,2020-12-08,2427809.730718852
45-64,South_East,296,0,0,2020-12-08,1146771.5718427924
65-74,South_East,296,0,0,2020-12-08,943400.4192470231
75+,South_East,296,0,0,2020-12-08,812027.4422183116
1-4,South_East,297,0,0,2020-12-09,964800.4537784602
5-14,South_East,297,7.998945431731519,0.4490514232012216,2020-12-09,315808.97940717835
15-24,South_East,297,10.24637105647814,0.3880660930628874,2020-12-09,2241345.395107426
25-44,South_East,297,10.115853208174787,0.3887990508102613,2020-12-09,2427809.730718852
45-64,South_East,297,9.596930689236103,0.39394815129999566,2020-12-09,1146771.5718427924
65-74,South_East,297,8.443862118362585,0.1444285648515611,2020-12-09,943400.4192470231
75+,South_East,297,8.07634932905046,0.18798731655420586,2020-12-09,812027.4422183116
1-4,South_East,298,0,0,2020-12-10,964800.4537784602
5-14,South_East,298,0,0,2020-12-10,315808.97940717835
15-24,South_East,298,0,0,2020-12-10,2241345.395107426
25-44,South_East,298,0,0,2020-12-10,2427809.730718852
45-64,South_East,298,0,0,2020-12-10,1146771.5718427924
65-74,South_East,298,0,0,2020-12-10,943400.4192470231
75+,South_East,298,0,0,2020-12-10,812027.4422183116
1-4,South_East,299,0,0,2020-12-11,964800.4537784602
5-14,South_East,299,0,0,2020-12-11,315808.97940717835
15-24,South_East,299,0,0,2020-12-11,2241345.395107426
25-44,South_East,299,0,0,2020-12-11,2427809.730718852
45-64,South_East,299,0,0,2020-12-11,1146771.5718427924
65-74,South_East,299,0,0,2020-12-11,943400.4192470231
75+,South_East,299,0,0,2020-12-11,812027.4422183116
1-4,South_East,300,0,0,2020-12-12,964800.4537784602
5-14,South_East,300,0,0,2020-12-12,315808.97940717835
15-24,South_East,300,0,0,2020-12-12,2241345.395107426
25-44,South_East,300,0,0,2020-12-12,2427809.730718852
45-64,South_East,300,0,0,2020-12-12,1146771.5718427924
65-74,South_East,300,0,0,2020-12-12,943400.4192470231
75+,South_East,300,0,0,2020-12-12,812027.4422183116
1-4,South_East,301,0,0,2020-12-13,964800.4537784602
5-14,South_East,301,0,0,2020-12-13,315808.97940717835
15-24,South_East,301,0,0,2020-12-13,2241345.395107426
25-44,South_East,301,0,0,2020-12-13,2427809.730718852
45-64,South_East,301,0,0,2020-12-13,1146771.5718427924
65-74,South_East,301,0,0,2020-12-13,943400.4192470231
75+,South_East,301,0,0,2020-12-13,812027.4422183116
1-4,South_East,302,0,0,2020-12-14,964800.4537784602
5-14,South_East,302,0,0,2020-12-14,315808.97940717835
15-24,South_East,302,0,0,2020-12-14,2241345.395107426
25-44,South_East,302,0,0,2020-12-14,2427809.730718852
45-64,South_East,302,0,0,2020-12-14,1146771.5718427924
65-74,South_East,302,0,0,2020-12-14,943400.4192470231
75+,South_East,302,0,0,2020-12-14,812027.4422183116
1-4,South_East,303,0,0,2020-12-15,964800.4537784602
5-14,South_East,303,0,0,2020-12-15,315808.97940717835
15-24,South_East,303,0,0,2020-12-15,2241345.395107426
25-44,South_East,303,0,0,2020-12-15,2427809.730718852
45-64,South_East,303,0,0,2020-12-15,1146771.5718427924
65-74,South_East,303,0,0,2020-12-15,943400.4192470231
75+,South_East,303,0,0,2020-12-15,812027.4422183116
1-4,South_East,304,0,0,2020-12-16,964800.4537784602
5-14,South_East,304,0,0,2020-12-16,315808.97940717835
15-24,South_East,304,0,0,2020-12-16,2241345.395107426
25-44,South_East,304,0,0,2020-12-16,2427809.730718852
45-64,South_East,304,0,0,2020-12-16,1146771.5718427924
65-74,South_East,304,0,0,2020-12-16,943400.4192470231
75+,South_East,304,0,0,2020-12-16,812027.4422183116
1-4,South_East,305,0,0,2020-12-17,964800.4537784602
5-14,South_East,305,0,0,2020-12-17,315808.97940717835
15-24,South_East,305,0,0,2020-12-17,2241345.395107426
25-44,South_East,305,0,0,2020-12-17,2427809.730718852
45-64,South_East,305,0,0,2020-12-17,1146771.5718427924
65-74,South_East,305,0,0,2020-12-17,943400.4192470231
75+,South_East,305,0,0,2020-12-17,812027.4422183116
1-4,South_East,306,0,0,2020-12-18,964800.4537784602
5-14,South_East,306,0,0,2020-12-18,315808.97940717835
15-24,South_East,306,0,0,2020-12-18,2241345.395107426
25-44,South_East,306,0,0,2020-12-18,2427809.730718852
45-64,South_East,306,0,0,2020-12-18,1146771.5718427924
65-74,South_East,306,0,0,2020-12-18,943400.4192470231
75+,South_East,306,0,0,2020-12-18,812027.4422183116
1-4,South_East,307,0,0,2020-12-19,964800.4537784602
5-14,South_East,307,0,0,2020-12-19,315808.97940717835
15-24,South_East,307,0,0,2020-12-19,2241345.395107426
25-44,South_East,307,0,0,2020-12-19,2427809.730718852
45-64,South_East,307,0,0,2020-12-19,1146771.5718427924
65-74,South_East,307,0,0,2020-12-19,943400.4192470231
75+,South_East,307,0,0,2020-12-19,812027.4422183116
1-4,South_East,308,0,0,2020-12-20,964800.4537784602
5-14,South_East,308,0,0,2020-12-20,315808.97940717835
15-24,South_East,308,0,0,2020-12-20,2241345.395107426
25-44,South_East,308,0,0,2020-12-20,2427809.730718852
45-64,South_East,308,0,0,2020-12-20,1146771.5718427924
65-74,South_East,308,0,0,2020-12-20,943400.4192470231
75+,South_East,308,0,0,2020-12-20,812027.4422183116
1-4,South_East,309,0,0,2020-12-21,964800.4537784602
5-14,South_East,309,0,0,2020-12-21,315808.97940717835
15-24,South_East,309,0,0,2020-12-21,2241345.395107426
25-44,South_East,309,0,0,2020-12-21,2427809.730718852
45-64,South_East,309,0,0,2020-12-21,1146771.5718427924
65-74,South_East,309,0,0,2020-12-21,943400.4192470231
75+,South_East,309,0,0,2020-12-21,812027.4422183116
1-4,South_East,310,0,0,2020-12-22,964800.4537784602
5-14,South_East,310,0,0,2020-12-22,315808.97940717835
15-24,South_East,310,0,0,2020-12-22,2241345.395107426
25-44,South_East,310,0,0,2020-12-22,2427809.730718852
45-64,South_East,310,0,0,2020-12-22,1146771.5718427924
65-74,South_East,310,0,0,2020-12-22,943400.4192470231
75+,South_East,310,0,0,2020-12-22,812027.4422183116
1-4,South_East,311,0,0,2020-12-23,964800.4537784602
5-14,South_East,311,8.694841999795225,0.43533396029552784,2020-12-23,315808.97940717835
15-24,South_East,311,11.032543095085947,0.3791569891457106,2020-12-23,2241345.395107426
25-44,South_East,311,10.765452211748828,0.3828784530082741,2020-12-23,2427809.730718852
45-64,South_East,311,10.107209347230059,0.3892245614361859,2020-12-23,1146771.5718427924
65-74,South_East,311,9.295657045977503,0.11888524366985874,2020-12-23,943400.4192470231
75+,South_East,311,8.867634317878741,0.1600852829459825,2020-12-23,812027.4422183116
1-4,South_East,312,0,0,2020-12-24,964800.4537784602
5-14,South_East,312,0,0,2020-12-24,315808.97940717835
15-24,South_East,312,0,0,2020-12-24,2241345.395107426
25-44,South_East,312,0,0,2020-12-24,2427809.730718852
45-64,South_East,312,0,0,2020-12-24,1146771.5718427924
65-74,South_East,312,0,0,2020-12-24,943400.4192470231
75+,South_East,312,0,0,2020-12-24,812027.4422183116
1-4,South_East,313,0,0,2020-12-25,964800.4537784602
5-14,South_East,313,0,0,2020-12-25,315808.97940717835
15-24,South_East,313,0,0,2020-12-25,2241345.395107426
25-44,South_East,313,0,0,2020-12-25,2427809.730718852
45-64,South_East,313,0,0,2020-12-25,1146771.5718427924
65-74,South_East,313,0,0,2020-12-25,943400.4192470231
75+,South_East,313,0,0,2020-12-25,812027.4422183116
1-4,South_East,314,0,0,2020-12-26,964800.4537784602
5-14,South_East,314,0,0,2020-12-26,315808.97940717835
15-24,South_East,314,0,0,2020-12-26,2241345.395107426
25-44,South_East,314,0,0,2020-12-26,2427809.730718852
45-64,South_East,314,0,0,2020-12-26,1146771.5718427924
65-74,South_East,314,0,0,2020-12-26,943400.4192470231
75+,South_East,314,0,0,2020-12-26,812027.4422183116
1-4,South_East,315,0,0,2020-12-27,964800.4537784602
5-14,South_East,315,0,0,2020-12-27,315808.97940717835
15-24,South_East,315,0,0,2020-12-27,2241345.395107426
25-44,South_East,315,0,0,2020-12-27,2427809.730718852
45-64,South_East,315,0,0,2020-12-27,1146771.5718427924
65-74,South_East,315,0,0,2020-12-27,943400.4192470231
75+,South_East,315,0,0,2020-12-27,812027.4422183116
1-4,South_East,316,0,0,2020-12-28,964800.4537784602
5-14,South_East,316,0,0,2020-12-28,315808.97940717835
15-24,South_East,316,0,0,2020-12-28,2241345.395107426
25-44,South_East,316,0,0,2020-12-28,2427809.730718852
45-64,South_East,316,0,0,2020-12-28,1146771.5718427924
65-74,South_East,316,0,0,2020-12-28,943400.4192470231
75+,South_East,316,0,0,2020-12-28,812027.4422183116
1-4,South_East,317,0,0,2020-12-29,964800.4537784602
5-14,South_East,317,0,0,2020-12-29,315808.97940717835
15-24,South_East,317,0,0,2020-12-29,2241345.395107426
25-44,South_East,317,0,0,2020-12-29,2427809.730718852
45-64,South_East,317,0,0,2020-12-29,1146771.5718427924
65-74,South_East,317,0,0,2020-12-29,943400.4192470231
75+,South_East,317,0,0,2020-12-29,812027.4422183116
1-4,South_East,318,0,0,2020-12-30,964800.4537784602
5-14,South_East,318,0,0,2020-12-30,315808.97940717835
15-24,South_East,318,0,0,2020-12-30,2241345.395107426
25-44,South_East,318,0,0,2020-12-30,2427809.730718852
45-64,South_East,318,0,0,2020-12-30,1146771.5718427924
65-74,South_East,318,0,0,2020-12-30,943400.4192470231
75+,South_East,318,0,0,2020-12-30,812027.4422183116
1-4,South_East,319,0,0,2020-12-31,964800.4537784602
5-14,South_East,319,0,0,2020-12-31,315808.97940717835
15-24,South_East,319,0,0,2020-12-31,2241345.395107426
25-44,South_East,319,0,0,2020-12-31,2427809.730718852
45-64,South_East,319,0,0,2020-12-31,1146771.5718427924
65-74,South_East,319,0,0,2020-12-31,943400.4192470231
75+,South_East,319,0,0,2020-12-31,812027.4422183116
1-4,South_East,320,0,0,2021-01-01,964800.4537784602
5-14,South_East,320,0,0,2021-01-01,315808.97940717835
15-24,South_East,320,0,0,2021-01-01,2241345.395107426
25-44,South_East,320,0,0,2021-01-01,2427809.730718852
45-64,South_East,320,0,0,2021-01-01,1146771.5718427924
65-74,South_East,320,0,0,2021-01-01,943400.4192470231
75+,South_East,320,0,0,2021-01-01,812027.4422183116
1-4,South_East,321,0,0,2021-01-02,964800.4537784602
5-14,South_East,321,0,0,2021-01-02,315808.97940717835
15-24,South_East,321,0,0,2021-01-02,2241345.395107426
25-44,South_East,321,0,0,2021-01-02,2427809.730718852
45-64,South_East,321,0,0,2021-01-02,1146771.5718427924
65-74,South_East,321,0,0,2021-01-02,943400.4192470231
75+,South_East,321,0,0,2021-01-02,812027.4422183116
1-4,South_East,322,0,0,2021-01-03,964800.4537784602
5-14,South_East,322,0,0,2021-01-03,315808.97940717835
15-24,South_East,322,0,0,2021-01-03,2241345.395107426
25-44,South_East,322,0,0,2021-01-03,2427809.730718852
45-64,South_East,322,0,0,2021-01-03,1146771.5718427924
65-74,South_East,322,0,0,2021-01-03,943400.4192470231
75+,South_East,322,0,0,2021-01-03,812027.4422183116
1-4,South_East,323,0,0,2021-01-04,964800.4537784602
5-14,South_East,323,0,0,2021-01-04,315808.97940717835
15-24,South_East,323,0,0,2021-01-04,2241345.395107426
25-44,South_East,323,0,0,2021-01-04,2427809.730718852
45-64,South_East,323,0,0,2021-01-04,1146771.5718427924
65-74,South_East,323,0,0,2021-01-04,943400.4192470231
75+,South_East,323,0,0,2021-01-04,812027.4422183116
1-4,South_East,324,0,0,2021-01-05,964800.4537784602
5-14,South_East,324,0,0,2021-01-05,315808.97940717835
15-24,South_East,324,0,0,2021-01-05,2241345.395107426
25-44,South_East,324,0,0,2021-01-05,2427809.730718852
45-64,South_East,324,0,0,2021-01-05,1146771.5718427924
65-74,South_East,324,0,0,2021-01-05,943400.4192470231
75+,South_East,324,0,0,2021-01-05,812027.4422183116
1-4,South_East,325,0,0,2021-01-06,964800.4537784602
5-14,South_East,325,8.711439844541816,0.42939203919145447,2021-01-06,315808.97940717835
15-24,South_East,325,11.251401769202653,0.3744792977949441,2021-01-06,2241345.395107426
25-44,South_East,325,10.925246215218648,0.3795768952731097,2021-01-06,2427809.730718852
45-64,South_East,325,9.902194770583137,0.38801579960160393,2021-01-06,1146771.5718427924
65-74,South_East,325,9.455192216541773,0.10399267121991089,2021-01-06,943400.4192470231
75+,South_East,325,9.056949875786584,0.1426752849658817,2021-01-06,812027.4422183116
1-4,South_East,326,0,0,2021-01-07,964800.4537784602
5-14,South_East,326,0,0,2021-01-07,315808.97940717835
15-24,South_East,326,0,0,2021-01-07,2241345.395107426
25-44,South_East,326,0,0,2021-01-07,2427809.730718852
45-64,South_East,326,0,0,2021-01-07,1146771.5718427924
65-74,South_East,326,0,0,2021-01-07,943400.4192470231
75+,South_East,326,0,0,2021-01-07,812027.4422183116
1-4,South_East,327,0,0,2021-01-08,964800.4537784602
5-14,South_East,327,0,0,2021-01-08,315808.97940717835
15-24,South_East,327,0,0,2021-01-08,2241345.395107426
25-44,South_East,327,0,0,2021-01-08,2427809.730718852
45-64,South_East,327,0,0,2021-01-08,1146771.5718427924
65-74,South_East,327,0,0,2021-01-08,943400.4192470231
75+,South_East,327,0,0,2021-01-08,812027.4422183116
1-4,South_East,328,0,0,2021-01-09,964800.4537784602
5-14,South_East,328,0,0,2021-01-09,315808.97940717835
15-24,South_East,328,0,0,2021-01-09,2241345.395107426
25-44,South_East,328,0,0,2021-01-09,2427809.730718852
45-64,South_East,328,0,0,2021-01-09,1146771.5718427924
65-74,South_East,328,0,0,2021-01-09,943400.4192470231
75+,South_East,328,0,0,2021-01-09,812027.4422183116
1-4,South_East,329,0,0,2021-01-10,964800.4537784602
5-14,South_East,329,0,0,2021-01-10,315808.97940717835
15-24,South_East,329,0,0,2021-01-10,2241345.395107426
25-44,South_East,329,0,0,2021-01-10,2427809.730718852
45-64,South_East,329,0,0,2021-01-10,1146771.5718427924
65-74,South_East,329,0,0,2021-01-10,943400.4192470231
75+,South_East,329,0,0,2021-01-10,812027.4422183116
1-4,South_East,330,0,0,2021-01-11,964800.4537784602
5-14,South_East,330,0,0,2021-01-11,315808.97940717835
15-24,South_East,330,0,0,2021-01-11,2241345.395107426
25-44,South_East,330,0,0,2021-01-11,2427809.730718852
45-64,South_East,330,0,0,2021-01-11,1146771.5718427924
65-74,South_East,330,0,0,2021-01-11,943400.4192470231
75+,South_East,330,0,0,2021-01-11,812027.4422183116
1-4,South_East,331,0,0,2021-01-12,964800.4537784602
5-14,South_East,331,0,0,2021-01-12,315808.97940717835
15-24,South_East,331,0,0,2021-01-12,2241345.395107426
25-44,South_East,331,0,0,2021-01-12,2427809.730718852
45-64,South_East,331,0,0,2021-01-12,1146771.5718427924
65-74,South_East,331,0,0,2021-01-12,943400.4192470231
75+,South_East,331,0,0,2021-01-12,812027.4422183116
1-4,South_East,332,0,0,2021-01-13,964800.4537784602
5-14,South_East,332,0,0,2021-01-13,315808.97940717835
15-24,South_East,332,0,0,2021-01-13,2241345.395107426
25-44,South_East,332,0,0,2021-01-13,2427809.730718852
45-64,South_East,332,0,0,2021-01-13,1146771.5718427924
65-74,South_East,332,0,0,2021-01-13,943400.4192470231
75+,South_East,332,0,0,2021-01-13,812027.4422183116
1-4,South_East,333,0,0,2021-01-14,964800.4537784602
5-14,South_East,333,0,0,2021-01-14,315808.97940717835
15-24,South_East,333,0,0,2021-01-14,2241345.395107426
25-44,South_East,333,0,0,2021-01-14,2427809.730718852
45-64,South_East,333,0,0,2021-01-14,1146771.5718427924
65-74,South_East,333,0,0,2021-01-14,943400.4192470231
75+,South_East,333,0,0,2021-01-14,812027.4422183116
1-4,South_East,334,0,0,2021-01-15,964800.4537784602
5-14,South_East,334,0,0,2021-01-15,315808.97940717835
15-24,South_East,334,0,0,2021-01-15,2241345.395107426
25-44,South_East,334,0,0,2021-01-15,2427809.730718852
45-64,South_East,334,0,0,2021-01-15,1146771.5718427924
65-74,South_East,334,0,0,2021-01-15,943400.4192470231
75+,South_East,334,0,0,2021-01-15,812027.4422183116
1-4,South_East,335,0,0,2021-01-16,964800.4537784602
5-14,South_East,335,0,0,2021-01-16,315808.97940717835
15-24,South_East,335,0,0,2021-01-16,2241345.395107426
25-44,South_East,335,0,0,2021-01-16,2427809.730718852
45-64,South_East,335,0,0,2021-01-16,1146771.5718427924
65-74,South_East,335,0,0,2021-01-16,943400.4192470231
75+,South_East,335,0,0,2021-01-16,812027.4422183116
1-4,South_East,336,0,0,2021-01-17,964800.4537784602
5-14,South_East,336,0,0,2021-01-17,315808.97940717835
15-24,South_East,336,0,0,2021-01-17,2241345.395107426
25-44,South_East,336,0,0,2021-01-17,2427809.730718852
45-64,South_East,336,0,0,2021-01-17,1146771.5718427924
65-74,South_East,336,0,0,2021-01-17,943400.4192470231
75+,South_East,336,0,0,2021-01-17,812027.4422183116
1-4,South_East,337,0,0,2021-01-18,964800.4537784602
5-14,South_East,337,0,0,2021-01-18,315808.97940717835
15-24,South_East,337,0,0,2021-01-18,2241345.395107426
25-44,South_East,337,0,0,2021-01-18,2427809.730718852
45-64,South_East,337,0,0,2021-01-18,1146771.5718427924
65-74,South_East,337,0,0,2021-01-18,943400.4192470231
75+,South_East,337,0,0,2021-01-18,812027.4422183116
1-4,South_East,338,0,0,2021-01-19,964800.4537784602
5-14,South_East,338,0,0,2021-01-19,315808.97940717835
15-24,South_East,338,0,0,2021-01-19,2241345.395107426
25-44,South_East,338,0,0,2021-01-19,2427809.730718852
45-64,South_East,338,0,0,2021-01-19,1146771.5718427924
65-74,South_East,338,0,0,2021-01-19,943400.4192470231
75+,South_East,338,0,0,2021-01-19,812027.4422183116
1-4,South_East,339,0,0,2021-01-20,964800.4537784602
5-14,South_East,339,8.446588866893201,0.4368467237478607,2021-01-20,315808.97940717835
15-24,South_East,339,11.186836382312793,0.37323301677946147,2021-01-20,2241345.395107426
25-44,South_East,339,10.672050593793365,0.383374160535743,2021-01-20,2427809.730718852
45-64,South_East,339,9.440246209159941,0.4005244383517422,2021-01-20,1146771.5718427924
65-74,South_East,339,9.228705115291282,0.11557130252815713,2021-01-20,943400.4192470231
75+,South_East,339,8.886078317988622,0.1548041024102271,2021-01-20,812027.4422183116
1-4,South_East,340,0,0,2021-01-21,964800.4537784602
5-14,South_East,340,0,0,2021-01-21,315808.97940717835
15-24,South_East,340,0,0,2021-01-21,2241345.395107426
25-44,South_East,340,0,0,2021-01-21,2427809.730718852
45-64,South_East,340,0,0,2021-01-21,1146771.5718427924
65-74,South_East,340,0,0,2021-01-21,943400.4192470231
75+,South_East,340,0,0,2021-01-21,812027.4422183116
1-4,South_East,341,0,0,2021-01-22,964800.4537784602
5-14,South_East,341,0,0,2021-01-22,315808.97940717835
15-24,South_East,341,0,0,2021-01-22,2241345.395107426
25-44,South_East,341,0,0,2021-01-22,2427809.730718852
45-64,South_East,341,0,0,2021-01-22,1146771.5718427924
65-74,South_East,341,0,0,2021-01-22,943400.4192470231
75+,South_East,341,0,0,2021-01-22,812027.4422183116
1-4,South_East,342,0,0,2021-01-23,964800.4537784602
5-14,South_East,342,0,0,2021-01-23,315808.97940717835
15-24,South_East,342,0,0,2021-01-23,2241345.395107426
25-44,South_East,342,0,0,2021-01-23,2427809.730718852
45-64,South_East,342,0,0,2021-01-23,1146771.5718427924
65-74,South_East,342,0,0,2021-01-23,943400.4192470231
75+,South_East,342,0,0,2021-01-23,812027.4422183116
1-4,South_East,343,0,0,2021-01-24,964800.4537784602
5-14,South_East,343,0,0,2021-01-24,315808.97940717835
15-24,South_East,343,0,0,2021-01-24,2241345.395107426
25-44,South_East,343,0,0,2021-01-24,2427809.730718852
45-64,South_East,343,0,0,2021-01-24,1146771.5718427924
65-74,South_East,343,0,0,2021-01-24,943400.4192470231
75+,South_East,343,0,0,2021-01-24,812027.4422183116
1-4,South_East,344,0,0,2021-01-25,964800.4537784602
5-14,South_East,344,0,0,2021-01-25,315808.97940717835
15-24,South_East,344,0,0,2021-01-25,2241345.395107426
25-44,South_East,344,0,0,2021-01-25,2427809.730718852
45-64,South_East,344,0,0,2021-01-25,1146771.5718427924
65-74,South_East,344,0,0,2021-01-25,943400.4192470231
75+,South_East,344,0,0,2021-01-25,812027.4422183116
1-4,South_East,345,0,0,2021-01-26,964800.4537784602
5-14,South_East,345,0,0,2021-01-26,315808.97940717835
15-24,South_East,345,0,0,2021-01-26,2241345.395107426
25-44,South_East,345,0,0,2021-01-26,2427809.730718852
45-64,South_East,345,0,0,2021-01-26,1146771.5718427924
65-74,South_East,345,0,0,2021-01-26,943400.4192470231
75+,South_East,345,0,0,2021-01-26,812027.4422183116
1-4,South_East,346,0,0,2021-01-27,964800.4537784602
5-14,South_East,346,0,0,2021-01-27,315808.97940717835
15-24,South_East,346,0,0,2021-01-27,2241345.395107426
25-44,South_East,346,0,0,2021-01-27,2427809.730718852
45-64,South_East,346,0,0,2021-01-27,1146771.5718427924
65-74,South_East,346,0,0,2021-01-27,943400.4192470231
75+,South_East,346,0,0,2021-01-27,812027.4422183116
1-4,South_East,347,0,0,2021-01-28,964800.4537784602
5-14,South_East,347,0,0,2021-01-28,315808.97940717835
15-24,South_East,347,0,0,2021-01-28,2241345.395107426
25-44,South_East,347,0,0,2021-01-28,2427809.730718852
45-64,South_East,347,0,0,2021-01-28,1146771.5718427924
65-74,South_East,347,0,0,2021-01-28,943400.4192470231
75+,South_East,347,0,0,2021-01-28,812027.4422183116
1-4,South_East,348,0,0,2021-01-29,964800.4537784602
5-14,South_East,348,0,0,2021-01-29,315808.97940717835
15-24,South_East,348,0,0,2021-01-29,2241345.395107426
25-44,South_East,348,0,0,2021-01-29,2427809.730718852
45-64,South_East,348,0,0,2021-01-29,1146771.5718427924
65-74,South_East,348,0,0,2021-01-29,943400.4192470231
75+,South_East,348,0,0,2021-01-29,812027.4422183116
1-4,South_East,349,0,0,2021-01-30,964800.4537784602
5-14,South_East,349,0,0,2021-01-30,315808.97940717835
15-24,South_East,349,0,0,2021-01-30,2241345.395107426
25-44,South_East,349,0,0,2021-01-30,2427809.730718852
45-64,South_East,349,0,0,2021-01-30,1146771.5718427924
65-74,South_East,349,0,0,2021-01-30,943400.4192470231
75+,South_East,349,0,0,2021-01-30,812027.4422183116
1-4,South_East,350,0,0,2021-01-31,964800.4537784602
5-14,South_East,350,0,0,2021-01-31,315808.97940717835
15-24,South_East,350,0,0,2021-01-31,2241345.395107426
25-44,South_East,350,0,0,2021-01-31,2427809.730718852
45-64,South_East,350,0,0,2021-01-31,1146771.5718427924
65-74,South_East,350,0,0,2021-01-31,943400.4192470231
75+,South_East,350,0,0,2021-01-31,812027.4422183116
1-4,South_East,351,0,0,2021-02-01,964800.4537784602
5-14,South_East,351,0,0,2021-02-01,315808.97940717835
15-24,South_East,351,0,0,2021-02-01,2241345.395107426
25-44,South_East,351,0,0,2021-02-01,2427809.730718852
45-64,South_East,351,0,0,2021-02-01,1146771.5718427924
65-74,South_East,351,0,0,2021-02-01,943400.4192470231
75+,South_East,351,0,0,2021-02-01,812027.4422183116
1-4,South_East,352,0,0,2021-02-02,964800.4537784602
5-14,South_East,352,0,0,2021-02-02,315808.97940717835
15-24,South_East,352,0,0,2021-02-02,2241345.395107426
25-44,South_East,352,0,0,2021-02-02,2427809.730718852
45-64,South_East,352,0,0,2021-02-02,1146771.5718427924
65-74,South_East,352,0,0,2021-02-02,943400.4192470231
75+,South_East,352,0,0,2021-02-02,812027.4422183116
1-4,South_East,353,0,0,2021-02-03,964800.4537784602
5-14,South_East,353,8.05084739211869,0.45088940427239,2021-02-03,315808.97940717835
15-24,South_East,353,10.601588027377888,0.38400588949478637,2021-02-03,2241345.395107426
25-44,South_East,353,10.182894973134887,0.3902011790233462,2021-02-03,2427809.730718852
45-64,South_East,353,8.872298844662906,0.4111341471821293,2021-02-03,1146771.5718427924
65-74,South_East,353,8.646314838659626,0.13906833670352756,2021-02-03,943400.4192470231
75+,South_East,353,8.561717754718416,0.16729614022651507,2021-02-03,812027.4422183116
1-4,South_East,354,0,0,2021-02-04,964800.4537784602
5-14,South_East,354,0,0,2021-02-04,315808.97940717835
15-24,South_East,354,0,0,2021-02-04,2241345.395107426
25-44,South_East,354,0,0,2021-02-04,2427809.730718852
45-64,South_East,354,0,0,2021-02-04,1146771.5718427924
65-74,South_East,354,0,0,2021-02-04,943400.4192470231
75+,South_East,354,0,0,2021-02-04,812027.4422183116
1-4,South_East,355,0,0,2021-02-05,964800.4537784602
5-14,South_East,355,0,0,2021-02-05,315808.97940717835
15-24,South_East,355,0,0,2021-02-05,2241345.395107426
25-44,South_East,355,0,0,2021-02-05,2427809.730718852
45-64,South_East,355,0,0,2021-02-05,1146771.5718427924
65-74,South_East,355,0,0,2021-02-05,943400.4192470231
75+,South_East,355,0,0,2021-02-05,812027.4422183116
1-4,South_East,356,0,0,2021-02-06,964800.4537784602
5-14,South_East,356,0,0,2021-02-06,315808.97940717835
15-24,South_East,356,0,0,2021-02-06,2241345.395107426
25-44,South_East,356,0,0,2021-02-06,2427809.730718852
45-64,South_East,356,0,0,2021-02-06,1146771.5718427924
65-74,South_East,356,0,0,2021-02-06,943400.4192470231
75+,South_East,356,0,0,2021-02-06,812027.4422183116
1-4,South_East,357,0,0,2021-02-07,964800.4537784602
5-14,South_East,357,0,0,2021-02-07,315808.97940717835
15-24,South_East,357,0,0,2021-02-07,2241345.395107426
25-44,South_East,357,0,0,2021-02-07,2427809.730718852
45-64,South_East,357,0,0,2021-02-07,1146771.5718427924
65-74,South_East,357,0,0,2021-02-07,943400.4192470231
75+,South_East,357,0,0,2021-02-07,812027.4422183116
1-4,South_East,358,0,0,2021-02-08,964800.4537784602
5-14,South_East,358,0,0,2021-02-08,315808.97940717835
15-24,South_East,358,0,0,2021-02-08,2241345.395107426
25-44,South_East,358,0,0,2021-02-08,2427809.730718852
45-64,South_East,358,0,0,2021-02-08,1146771.5718427924
65-74,South_East,358,0,0,2021-02-08,943400.4192470231
75+,South_East,358,0,0,2021-02-08,812027.4422183116
1-4,South_East,359,0,0,2021-02-09,964800.4537784602
5-14,South_East,359,0,0,2021-02-09,315808.97940717835
15-24,South_East,359,0,0,2021-02-09,2241345.395107426
25-44,South_East,359,0,0,2021-02-09,2427809.730718852
45-64,South_East,359,0,0,2021-02-09,1146771.5718427924
65-74,South_East,359,0,0,2021-02-09,943400.4192470231
75+,South_East,359,0,0,2021-02-09,812027.4422183116
1-4,South_East,360,0,0,2021-02-10,964800.4537784602
5-14,South_East,360,0,0,2021-02-10,315808.97940717835
15-24,South_East,360,0,0,2021-02-10,2241345.395107426
25-44,South_East,360,0,0,2021-02-10,2427809.730718852
45-64,South_East,360,0,0,2021-02-10,1146771.5718427924
65-74,South_East,360,0,0,2021-02-10,943400.4192470231
75+,South_East,360,0,0,2021-02-10,812027.4422183116
1-4,South_East,361,0,0,2021-02-11,964800.4537784602
5-14,South_East,361,0,0,2021-02-11,315808.97940717835
15-24,South_East,361,0,0,2021-02-11,2241345.395107426
25-44,South_East,361,0,0,2021-02-11,2427809.730718852
45-64,South_East,361,0,0,2021-02-11,1146771.5718427924
65-74,South_East,361,0,0,2021-02-11,943400.4192470231
75+,South_East,361,0,0,2021-02-11,812027.4422183116
1-4,South_East,362,0,0,2021-02-12,964800.4537784602
5-14,South_East,362,0,0,2021-02-12,315808.97940717835
15-24,South_East,362,0,0,2021-02-12,2241345.395107426
25-44,South_East,362,0,0,2021-02-12,2427809.730718852
45-64,South_East,362,0,0,2021-02-12,1146771.5718427924
65-74,South_East,362,0,0,2021-02-12,943400.4192470231
75+,South_East,362,0,0,2021-02-12,812027.4422183116
1-4,South_East,363,0,0,2021-02-13,964800.4537784602
5-14,South_East,363,0,0,2021-02-13,315808.97940717835
15-24,South_East,363,0,0,2021-02-13,2241345.395107426
25-44,South_East,363,0,0,2021-02-13,2427809.730718852
45-64,South_East,363,0,0,2021-02-13,1146771.5718427924
65-74,South_East,363,0,0,2021-02-13,943400.4192470231
75+,South_East,363,0,0,2021-02-13,812027.4422183116
1-4,South_East,364,0,0,2021-02-14,964800.4537784602
5-14,South_East,364,0,0,2021-02-14,315808.97940717835
15-24,South_East,364,0,0,2021-02-14,2241345.395107426
25-44,South_East,364,0,0,2021-02-14,2427809.730718852
45-64,South_East,364,0,0,2021-02-14,1146771.5718427924
65-74,South_East,364,0,0,2021-02-14,943400.4192470231
75+,South_East,364,0,0,2021-02-14,812027.4422183116
1-4,South_East,365,0,0,2021-02-15,964800.4537784602
5-14,South_East,365,0,0,2021-02-15,315808.97940717835
15-24,South_East,365,0,0,2021-02-15,2241345.395107426
25-44,South_East,365,0,0,2021-02-15,2427809.730718852
45-64,South_East,365,0,0,2021-02-15,1146771.5718427924
65-74,South_East,365,0,0,2021-02-15,943400.4192470231
75+,South_East,365,0,0,2021-02-15,812027.4422183116
1-4,South_East,366,0,0,2021-02-16,964800.4537784602
5-14,South_East,366,0,0,2021-02-16,315808.97940717835
15-24,South_East,366,0,0,2021-02-16,2241345.395107426
25-44,South_East,366,0,0,2021-02-16,2427809.730718852
45-64,South_East,366,0,0,2021-02-16,1146771.5718427924
65-74,South_East,366,0,0,2021-02-16,943400.4192470231
75+,South_East,366,0,0,2021-02-16,812027.4422183116
1-4,South_East,367,0,0,2021-02-17,964800.4537784602
5-14,South_East,367,7.707699306516839,0.46621876518969113,2021-02-17,315808.97940717835
15-24,South_East,367,10.048736736456506,0.39278791657127743,2021-02-17,2241345.395107426
25-44,South_East,367,9.550944742977165,0.39741442821261375,2021-02-17,2427809.730718852
45-64,South_East,367,8.31787865912866,0.4215044363484913,2021-02-17,1146771.5718427924
65-74,South_East,367,7.995780717303993,0.17602768793663082,2021-02-17,943400.4192470231
75+,South_East,367,8.179422958822025,0.19035648712591904,2021-02-17,812027.4422183116
1-4,South_East,368,0,0,2021-02-18,964800.4537784602
5-14,South_East,368,0,0,2021-02-18,315808.97940717835
15-24,South_East,368,0,0,2021-02-18,2241345.395107426
25-44,South_East,368,0,0,2021-02-18,2427809.730718852
45-64,South_East,368,0,0,2021-02-18,1146771.5718427924
65-74,South_East,368,0,0,2021-02-18,943400.4192470231
75+,South_East,368,0,0,2021-02-18,812027.4422183116
1-4,South_East,369,0,0,2021-02-19,964800.4537784602
5-14,South_East,369,0,0,2021-02-19,315808.97940717835
15-24,South_East,369,0,0,2021-02-19,2241345.395107426
25-44,South_East,369,0,0,2021-02-19,2427809.730718852
45-64,South_East,369,0,0,2021-02-19,1146771.5718427924
65-74,South_East,369,0,0,2021-02-19,943400.4192470231
75+,South_East,369,0,0,2021-02-19,812027.4422183116
1-4,South_East,370,0,0,2021-02-20,964800.4537784602
5-14,South_East,370,0,0,2021-02-20,315808.97940717835
15-24,South_East,370,0,0,2021-02-20,2241345.395107426
25-44,South_East,370,0,0,2021-02-20,2427809.730718852
45-64,South_East,370,0,0,2021-02-20,1146771.5718427924
65-74,South_East,370,0,0,2021-02-20,943400.4192470231
75+,South_East,370,0,0,2021-02-20,812027.4422183116
1-4,South_East,371,0,0,2021-02-21,964800.4537784602
5-14,South_East,371,0,0,2021-02-21,315808.97940717835
15-24,South_East,371,0,0,2021-02-21,2241345.395107426
25-44,South_East,371,0,0,2021-02-21,2427809.730718852
45-64,South_East,371,0,0,2021-02-21,1146771.5718427924
65-74,South_East,371,0,0,2021-02-21,943400.4192470231
75+,South_East,371,0,0,2021-02-21,812027.4422183116
1-4,South_East,372,0,0,2021-02-22,964800.4537784602
5-14,South_East,372,0,0,2021-02-22,315808.97940717835
15-24,South_East,372,0,0,2021-02-22,2241345.395107426
25-44,South_East,372,0,0,2021-02-22,2427809.730718852
45-64,South_East,372,0,0,2021-02-22,1146771.5718427924
65-74,South_East,372,0,0,2021-02-22,943400.4192470231
75+,South_East,372,0,0,2021-02-22,812027.4422183116
1-4,South_East,373,0,0,2021-02-23,964800.4537784602
5-14,South_East,373,0,0,2021-02-23,315808.97940717835
15-24,South_East,373,0,0,2021-02-23,2241345.395107426
25-44,South_East,373,0,0,2021-02-23,2427809.730718852
45-64,South_East,373,0,0,2021-02-23,1146771.5718427924
65-74,South_East,373,0,0,2021-02-23,943400.4192470231
75+,South_East,373,0,0,2021-02-23,812027.4422183116
1-4,South_East,374,0,0,2021-02-24,964800.4537784602
5-14,South_East,374,0,0,2021-02-24,315808.97940717835
15-24,South_East,374,0,0,2021-02-24,2241345.395107426
25-44,South_East,374,0,0,2021-02-24,2427809.730718852
45-64,South_East,374,0,0,2021-02-24,1146771.5718427924
65-74,South_East,374,0,0,2021-02-24,943400.4192470231
75+,South_East,374,0,0,2021-02-24,812027.4422183116
1-4,South_East,375,0,0,2021-02-25,964800.4537784602
5-14,South_East,375,0,0,2021-02-25,315808.97940717835
15-24,South_East,375,0,0,2021-02-25,2241345.395107426
25-44,South_East,375,0,0,2021-02-25,2427809.730718852
45-64,South_East,375,0,0,2021-02-25,1146771.5718427924
65-74,South_East,375,0,0,2021-02-25,943400.4192470231
75+,South_East,375,0,0,2021-02-25,812027.4422183116
1-4,South_East,376,0,0,2021-02-26,964800.4537784602
5-14,South_East,376,0,0,2021-02-26,315808.97940717835
15-24,South_East,376,0,0,2021-02-26,2241345.395107426
25-44,South_East,376,0,0,2021-02-26,2427809.730718852
45-64,South_East,376,0,0,2021-02-26,1146771.5718427924
65-74,South_East,376,0,0,2021-02-26,943400.4192470231
75+,South_East,376,0,0,2021-02-26,812027.4422183116
1-4,South_East,377,0,0,2021-02-27,964800.4537784602
5-14,South_East,377,0,0,2021-02-27,315808.97940717835
15-24,South_East,377,0,0,2021-02-27,2241345.395107426
25-44,South_East,377,0,0,2021-02-27,2427809.730718852
45-64,South_East,377,0,0,2021-02-27,1146771.5718427924
65-74,South_East,377,0,0,2021-02-27,943400.4192470231
75+,South_East,377,0,0,2021-02-27,812027.4422183116
1-4,South_East,378,0,0,2021-02-28,964800.4537784602
5-14,South_East,378,0,0,2021-02-28,315808.97940717835
15-24,South_East,378,0,0,2021-02-28,2241345.395107426
25-44,South_East,378,0,0,2021-02-28,2427809.730718852
45-64,South_East,378,0,0,2021-02-28,1146771.5718427924
65-74,South_East,378,0,0,2021-02-28,943400.4192470231
75+,South_East,378,0,0,2021-02-28,812027.4422183116
1-4,South_East,379,0,0,2021-03-01,964800.4537784602
5-14,South_East,379,0,0,2021-03-01,315808.97940717835
15-24,South_East,379,0,0,2021-03-01,2241345.395107426
25-44,South_East,379,0,0,2021-03-01,2427809.730718852
45-64,South_East,379,0,0,2021-03-01,1146771.5718427924
65-74,South_East,379,0,0,2021-03-01,943400.4192470231
75+,South_East,379,0,0,2021-03-01,812027.4422183116
1-4,South_East,380,0,0,2021-03-02,964800.4537784602
5-14,South_East,380,0,0,2021-03-02,315808.97940717835
15-24,South_East,380,0,0,2021-03-02,2241345.395107426
25-44,South_East,380,0,0,2021-03-02,2427809.730718852
45-64,South_East,380,0,0,2021-03-02,1146771.5718427924
65-74,South_East,380,0,0,2021-03-02,943400.4192470231
75+,South_East,380,0,0,2021-03-02,812027.4422183116
1-4,South_East,381,0,0,2021-03-03,964800.4537784602
5-14,South_East,381,7.493469879225814,0.49772471358141485,2021-03-03,315808.97940717835
15-24,South_East,381,9.6043778215129,0.40248352491071154,2021-03-03,2241345.395107426
25-44,South_East,381,8.963170297314532,0.40576833733465384,2021-03-03,2427809.730718852
45-64,South_East,381,7.969185056066457,0.43864163983573295,2021-03-03,1146771.5718427924
65-74,South_East,381,7.522508987861609,0.21022922081245626,2021-03-03,943400.4192470231
75+,South_East,381,7.845740145860756,0.22448622193976578,2021-03-03,812027.4422183116
1-4,South_East,382,0,0,2021-03-04,964800.4537784602
5-14,South_East,382,0,0,2021-03-04,315808.97940717835
15-24,South_East,382,0,0,2021-03-04,2241345.395107426
25-44,South_East,382,0,0,2021-03-04,2427809.730718852
45-64,South_East,382,0,0,2021-03-04,1146771.5718427924
65-74,South_East,382,0,0,2021-03-04,943400.4192470231
75+,South_East,382,0,0,2021-03-04,812027.4422183116
1-4,South_East,383,0,0,2021-03-05,964800.4537784602
5-14,South_East,383,0,0,2021-03-05,315808.97940717835
15-24,South_East,383,0,0,2021-03-05,2241345.395107426
25-44,South_East,383,0,0,2021-03-05,2427809.730718852
45-64,South_East,383,0,0,2021-03-05,1146771.5718427924
65-74,South_East,383,0,0,2021-03-05,943400.4192470231
75+,South_East,383,0,0,2021-03-05,812027.4422183116
1-4,South_East,384,0,0,2021-03-06,964800.4537784602
5-14,South_East,384,0,0,2021-03-06,315808.97940717835
15-24,South_East,384,0,0,2021-03-06,2241345.395107426
25-44,South_East,384,0,0,2021-03-06,2427809.730718852
45-64,South_East,384,0,0,2021-03-06,1146771.5718427924
65-74,South_East,384,0,0,2021-03-06,943400.4192470231
75+,South_East,384,0,0,2021-03-06,812027.4422183116
1-4,South_East,385,0,0,2021-03-07,964800.4537784602
5-14,South_East,385,0,0,2021-03-07,315808.97940717835
15-24,South_East,385,0,0,2021-03-07,2241345.395107426
25-44,South_East,385,0,0,2021-03-07,2427809.730718852
45-64,South_East,385,0,0,2021-03-07,1146771.5718427924
65-74,South_East,385,0,0,2021-03-07,943400.4192470231
75+,South_East,385,0,0,2021-03-07,812027.4422183116
1-4,South_East,386,0,0,2021-03-08,964800.4537784602
5-14,South_East,386,0,0,2021-03-08,315808.97940717835
15-24,South_East,386,0,0,2021-03-08,2241345.395107426
25-44,South_East,386,0,0,2021-03-08,2427809.730718852
45-64,South_East,386,0,0,2021-03-08,1146771.5718427924
65-74,South_East,386,0,0,2021-03-08,943400.4192470231
75+,South_East,386,0,0,2021-03-08,812027.4422183116
1-4,South_East,387,0,0,2021-03-09,964800.4537784602
5-14,South_East,387,0,0,2021-03-09,315808.97940717835
15-24,South_East,387,0,0,2021-03-09,2241345.395107426
25-44,South_East,387,0,0,2021-03-09,2427809.730718852
45-64,South_East,387,0,0,2021-03-09,1146771.5718427924
65-74,South_East,387,0,0,2021-03-09,943400.4192470231
75+,South_East,387,0,0,2021-03-09,812027.4422183116
1-4,South_East,388,0,0,2021-03-10,964800.4537784602
5-14,South_East,388,0,0,2021-03-10,315808.97940717835
15-24,South_East,388,0,0,2021-03-10,2241345.395107426
25-44,South_East,388,0,0,2021-03-10,2427809.730718852
45-64,South_East,388,0,0,2021-03-10,1146771.5718427924
65-74,South_East,388,0,0,2021-03-10,943400.4192470231
75+,South_East,388,0,0,2021-03-10,812027.4422183116
1-4,South_East,389,0,0,2021-03-11,964800.4537784602
5-14,South_East,389,0,0,2021-03-11,315808.97940717835
15-24,South_East,389,0,0,2021-03-11,2241345.395107426
25-44,South_East,389,0,0,2021-03-11,2427809.730718852
45-64,South_East,389,0,0,2021-03-11,1146771.5718427924
65-74,South_East,389,0,0,2021-03-11,943400.4192470231
75+,South_East,389,0,0,2021-03-11,812027.4422183116
1-4,South_East,390,0,0,2021-03-12,964800.4537784602
5-14,South_East,390,0,0,2021-03-12,315808.97940717835
15-24,South_East,390,0,0,2021-03-12,2241345.395107426
25-44,South_East,390,0,0,2021-03-12,2427809.730718852
45-64,South_East,390,0,0,2021-03-12,1146771.5718427924
65-74,South_East,390,0,0,2021-03-12,943400.4192470231
75+,South_East,390,0,0,2021-03-12,812027.4422183116
1-4,South_East,391,0,0,2021-03-13,964800.4537784602
5-14,South_East,391,0,0,2021-03-13,315808.97940717835
15-24,South_East,391,0,0,2021-03-13,2241345.395107426
25-44,South_East,391,0,0,2021-03-13,2427809.730718852
45-64,South_East,391,0,0,2021-03-13,1146771.5718427924
65-74,South_East,391,0,0,2021-03-13,943400.4192470231
75+,South_East,391,0,0,2021-03-13,812027.4422183116
1-4,South_East,392,0,0,2021-03-14,964800.4537784602
5-14,South_East,392,0,0,2021-03-14,315808.97940717835
15-24,South_East,392,0,0,2021-03-14,2241345.395107426
25-44,South_East,392,0,0,2021-03-14,2427809.730718852
45-64,South_East,392,0,0,2021-03-14,1146771.5718427924
65-74,South_East,392,0,0,2021-03-14,943400.4192470231
75+,South_East,392,0,0,2021-03-14,812027.4422183116
1-4,South_East,393,0,0,2021-03-15,964800.4537784602
5-14,South_East,393,0,0,2021-03-15,315808.97940717835
15-24,South_East,393,0,0,2021-03-15,2241345.395107426
25-44,South_East,393,0,0,2021-03-15,2427809.730718852
45-64,South_East,393,0,0,2021-03-15,1146771.5718427924
65-74,South_East,393,0,0,2021-03-15,943400.4192470231
75+,South_East,393,0,0,2021-03-15,812027.4422183116
1-4,South_East,394,0,0,2021-03-16,964800.4537784602
5-14,South_East,394,0,0,2021-03-16,315808.97940717835
15-24,South_East,394,0,0,2021-03-16,2241345.395107426
25-44,South_East,394,0,0,2021-03-16,2427809.730718852
45-64,South_East,394,0,0,2021-03-16,1146771.5718427924
65-74,South_East,394,0,0,2021-03-16,943400.4192470231
75+,South_East,394,0,0,2021-03-16,812027.4422183116
1-4,South_East,395,0,0,2021-03-17,964800.4537784602
5-14,South_East,395,7.347675667336408,0.6451385038371195,2021-03-17,315808.97940717835
15-24,South_East,395,9.154961949740041,0.4500214839630775,2021-03-17,2241345.395107426
25-44,South_East,395,8.500609755190492,0.46085489503440547,2021-03-17,2427809.730718852
45-64,South_East,395,7.6390461402347585,0.5420946203820657,2021-03-17,1146771.5718427924
65-74,South_East,395,7.401957883953164,0.32583605836275503,2021-03-17,943400.4192470231
75+,South_East,395,7.577352430532155,0.36367849840073396,2021-03-17,812027.4422183116
1-4,West_Midlands,75,0,0,2020-05-01,692584.7745597636
5-14,West_Midlands,75,0,0,2020-05-01,216414.25914068182
15-24,West_Midlands,75,0,0,2020-05-01,1521347.7465233728
25-44,West_Midlands,75,0,0,2020-05-01,1491941.7643508296
45-64,West_Midlands,75,0,0,2020-05-01,753354.0048563707
65-74,West_Midlands,75,0,0,2020-05-01,584326.1137508729
75+,West_Midlands,75,0,0,2020-05-01,500934.8506820068
1-4,West_Midlands,76,0,0,2020-05-02,692584.7745597636
5-14,West_Midlands,76,0,0,2020-05-02,216414.25914068182
15-24,West_Midlands,76,0,0,2020-05-02,1521347.7465233728
25-44,West_Midlands,76,0,0,2020-05-02,1491941.7643508296
45-64,West_Midlands,76,0,0,2020-05-02,753354.0048563707
65-74,West_Midlands,76,0,0,2020-05-02,584326.1137508729
75+,West_Midlands,76,0,0,2020-05-02,500934.8506820068
1-4,West_Midlands,77,0,0,2020-05-03,692584.7745597636
5-14,West_Midlands,77,0,0,2020-05-03,216414.25914068182
15-24,West_Midlands,77,0,0,2020-05-03,1521347.7465233728
25-44,West_Midlands,77,0,0,2020-05-03,1491941.7643508296
45-64,West_Midlands,77,0,0,2020-05-03,753354.0048563707
65-74,West_Midlands,77,0,0,2020-05-03,584326.1137508729
75+,West_Midlands,77,0,0,2020-05-03,500934.8506820068
1-4,West_Midlands,78,0,0,2020-05-04,692584.7745597636
5-14,West_Midlands,78,0,0,2020-05-04,216414.25914068182
15-24,West_Midlands,78,0,0,2020-05-04,1521347.7465233728
25-44,West_Midlands,78,0,0,2020-05-04,1491941.7643508296
45-64,West_Midlands,78,0,0,2020-05-04,753354.0048563707
65-74,West_Midlands,78,0,0,2020-05-04,584326.1137508729
75+,West_Midlands,78,0,0,2020-05-04,500934.8506820068
1-4,West_Midlands,79,0,0,2020-05-05,692584.7745597636
5-14,West_Midlands,79,0,0,2020-05-05,216414.25914068182
15-24,West_Midlands,79,0,0,2020-05-05,1521347.7465233728
25-44,West_Midlands,79,0,0,2020-05-05,1491941.7643508296
45-64,West_Midlands,79,0,0,2020-05-05,753354.0048563707
65-74,West_Midlands,79,0,0,2020-05-05,584326.1137508729
75+,West_Midlands,79,0,0,2020-05-05,500934.8506820068
1-4,West_Midlands,80,0,0,2020-05-06,692584.7745597636
5-14,West_Midlands,80,0,0,2020-05-06,216414.25914068182
15-24,West_Midlands,80,0,0,2020-05-06,1521347.7465233728
25-44,West_Midlands,80,0,0,2020-05-06,1491941.7643508296
45-64,West_Midlands,80,0,0,2020-05-06,753354.0048563707
65-74,West_Midlands,80,0,0,2020-05-06,584326.1137508729
75+,West_Midlands,80,0,0,2020-05-06,500934.8506820068
1-4,West_Midlands,81,0,0,2020-05-07,692584.7745597636
5-14,West_Midlands,81,0,0,2020-05-07,216414.25914068182
15-24,West_Midlands,81,0,0,2020-05-07,1521347.7465233728
25-44,West_Midlands,81,0,0,2020-05-07,1491941.7643508296
45-64,West_Midlands,81,0,0,2020-05-07,753354.0048563707
65-74,West_Midlands,81,0,0,2020-05-07,584326.1137508729
75+,West_Midlands,81,0,0,2020-05-07,500934.8506820068
1-4,West_Midlands,82,0,0,2020-05-08,692584.7745597636
5-14,West_Midlands,82,0,0,2020-05-08,216414.25914068182
15-24,West_Midlands,82,0,0,2020-05-08,1521347.7465233728
25-44,West_Midlands,82,0,0,2020-05-08,1491941.7643508296
45-64,West_Midlands,82,0,0,2020-05-08,753354.0048563707
65-74,West_Midlands,82,0,0,2020-05-08,584326.1137508729
75+,West_Midlands,82,0,0,2020-05-08,500934.8506820068
1-4,West_Midlands,83,0,0,2020-05-09,692584.7745597636
5-14,West_Midlands,83,0,0,2020-05-09,216414.25914068182
15-24,West_Midlands,83,0,0,2020-05-09,1521347.7465233728
25-44,West_Midlands,83,0,0,2020-05-09,1491941.7643508296
45-64,West_Midlands,83,0,0,2020-05-09,753354.0048563707
65-74,West_Midlands,83,0,0,2020-05-09,584326.1137508729
75+,West_Midlands,83,0,0,2020-05-09,500934.8506820068
1-4,West_Midlands,84,0,0,2020-05-10,692584.7745597636
5-14,West_Midlands,84,0,0,2020-05-10,216414.25914068182
15-24,West_Midlands,84,0,0,2020-05-10,1521347.7465233728
25-44,West_Midlands,84,0,0,2020-05-10,1491941.7643508296
45-64,West_Midlands,84,0,0,2020-05-10,753354.0048563707
65-74,West_Midlands,84,0,0,2020-05-10,584326.1137508729
75+,West_Midlands,84,0,0,2020-05-10,500934.8506820068
1-4,West_Midlands,85,0,0,2020-05-11,692584.7745597636
5-14,West_Midlands,85,0,0,2020-05-11,216414.25914068182
15-24,West_Midlands,85,0,0,2020-05-11,1521347.7465233728
25-44,West_Midlands,85,0,0,2020-05-11,1491941.7643508296
45-64,West_Midlands,85,0,0,2020-05-11,753354.0048563707
65-74,West_Midlands,85,0,0,2020-05-11,584326.1137508729
75+,West_Midlands,85,0,0,2020-05-11,500934.8506820068
1-4,West_Midlands,86,0,0,2020-05-12,692584.7745597636
5-14,West_Midlands,86,0,0,2020-05-12,216414.25914068182
15-24,West_Midlands,86,0,0,2020-05-12,1521347.7465233728
25-44,West_Midlands,86,0,0,2020-05-12,1491941.7643508296
45-64,West_Midlands,86,0,0,2020-05-12,753354.0048563707
65-74,West_Midlands,86,0,0,2020-05-12,584326.1137508729
75+,West_Midlands,86,0,0,2020-05-12,500934.8506820068
1-4,West_Midlands,87,0,0,2020-05-13,692584.7745597636
5-14,West_Midlands,87,8.059419601993081,0.6458783453140963,2020-05-13,216414.25914068182
15-24,West_Midlands,87,9.10315373444542,0.5397547058386573,2020-05-13,1521347.7465233728
25-44,West_Midlands,87,8.499335173074337,0.5206926801104125,2020-05-13,1491941.7643508296
45-64,West_Midlands,87,8.0466858150329,0.5781105112815758,2020-05-13,753354.0048563707
65-74,West_Midlands,87,7.987006416010241,0.3699837580396867,2020-05-13,584326.1137508729
75+,West_Midlands,87,8.277510518430702,0.4874358573453379,2020-05-13,500934.8506820068
1-4,West_Midlands,88,0,0,2020-05-14,692584.7745597636
5-14,West_Midlands,88,0,0,2020-05-14,216414.25914068182
15-24,West_Midlands,88,0,0,2020-05-14,1521347.7465233728
25-44,West_Midlands,88,0,0,2020-05-14,1491941.7643508296
45-64,West_Midlands,88,0,0,2020-05-14,753354.0048563707
65-74,West_Midlands,88,0,0,2020-05-14,584326.1137508729
75+,West_Midlands,88,0,0,2020-05-14,500934.8506820068
1-4,West_Midlands,89,0,0,2020-05-15,692584.7745597636
5-14,West_Midlands,89,0,0,2020-05-15,216414.25914068182
15-24,West_Midlands,89,0,0,2020-05-15,1521347.7465233728
25-44,West_Midlands,89,0,0,2020-05-15,1491941.7643508296
45-64,West_Midlands,89,0,0,2020-05-15,753354.0048563707
65-74,West_Midlands,89,0,0,2020-05-15,584326.1137508729
75+,West_Midlands,89,0,0,2020-05-15,500934.8506820068
1-4,West_Midlands,90,0,0,2020-05-16,692584.7745597636
5-14,West_Midlands,90,0,0,2020-05-16,216414.25914068182
15-24,West_Midlands,90,0,0,2020-05-16,1521347.7465233728
25-44,West_Midlands,90,0,0,2020-05-16,1491941.7643508296
45-64,West_Midlands,90,0,0,2020-05-16,753354.0048563707
65-74,West_Midlands,90,0,0,2020-05-16,584326.1137508729
75+,West_Midlands,90,0,0,2020-05-16,500934.8506820068
1-4,West_Midlands,91,0,0,2020-05-17,692584.7745597636
5-14,West_Midlands,91,0,0,2020-05-17,216414.25914068182
15-24,West_Midlands,91,0,0,2020-05-17,1521347.7465233728
25-44,West_Midlands,91,0,0,2020-05-17,1491941.7643508296
45-64,West_Midlands,91,0,0,2020-05-17,753354.0048563707
65-74,West_Midlands,91,0,0,2020-05-17,584326.1137508729
75+,West_Midlands,91,0,0,2020-05-17,500934.8506820068
1-4,West_Midlands,92,0,0,2020-05-18,692584.7745597636
5-14,West_Midlands,92,0,0,2020-05-18,216414.25914068182
15-24,West_Midlands,92,0,0,2020-05-18,1521347.7465233728
25-44,West_Midlands,92,0,0,2020-05-18,1491941.7643508296
45-64,West_Midlands,92,0,0,2020-05-18,753354.0048563707
65-74,West_Midlands,92,0,0,2020-05-18,584326.1137508729
75+,West_Midlands,92,0,0,2020-05-18,500934.8506820068
1-4,West_Midlands,93,0,0,2020-05-19,692584.7745597636
5-14,West_Midlands,93,0,0,2020-05-19,216414.25914068182
15-24,West_Midlands,93,0,0,2020-05-19,1521347.7465233728
25-44,West_Midlands,93,0,0,2020-05-19,1491941.7643508296
45-64,West_Midlands,93,0,0,2020-05-19,753354.0048563707
65-74,West_Midlands,93,0,0,2020-05-19,584326.1137508729
75+,West_Midlands,93,0,0,2020-05-19,500934.8506820068
1-4,West_Midlands,94,0,0,2020-05-20,692584.7745597636
5-14,West_Midlands,94,0,0,2020-05-20,216414.25914068182
15-24,West_Midlands,94,0,0,2020-05-20,1521347.7465233728
25-44,West_Midlands,94,0,0,2020-05-20,1491941.7643508296
45-64,West_Midlands,94,0,0,2020-05-20,753354.0048563707
65-74,West_Midlands,94,0,0,2020-05-20,584326.1137508729
75+,West_Midlands,94,0,0,2020-05-20,500934.8506820068
1-4,West_Midlands,95,0,0,2020-05-21,692584.7745597636
5-14,West_Midlands,95,0,0,2020-05-21,216414.25914068182
15-24,West_Midlands,95,0,0,2020-05-21,1521347.7465233728
25-44,West_Midlands,95,0,0,2020-05-21,1491941.7643508296
45-64,West_Midlands,95,0,0,2020-05-21,753354.0048563707
65-74,West_Midlands,95,0,0,2020-05-21,584326.1137508729
75+,West_Midlands,95,0,0,2020-05-21,500934.8506820068
1-4,West_Midlands,96,0,0,2020-05-22,692584.7745597636
5-14,West_Midlands,96,0,0,2020-05-22,216414.25914068182
15-24,West_Midlands,96,0,0,2020-05-22,1521347.7465233728
25-44,West_Midlands,96,0,0,2020-05-22,1491941.7643508296
45-64,West_Midlands,96,0,0,2020-05-22,753354.0048563707
65-74,West_Midlands,96,0,0,2020-05-22,584326.1137508729
75+,West_Midlands,96,0,0,2020-05-22,500934.8506820068
1-4,West_Midlands,97,0,0,2020-05-23,692584.7745597636
5-14,West_Midlands,97,0,0,2020-05-23,216414.25914068182
15-24,West_Midlands,97,0,0,2020-05-23,1521347.7465233728
25-44,West_Midlands,97,0,0,2020-05-23,1491941.7643508296
45-64,West_Midlands,97,0,0,2020-05-23,753354.0048563707
65-74,West_Midlands,97,0,0,2020-05-23,584326.1137508729
75+,West_Midlands,97,0,0,2020-05-23,500934.8506820068
1-4,West_Midlands,98,0,0,2020-05-24,692584.7745597636
5-14,West_Midlands,98,0,0,2020-05-24,216414.25914068182
15-24,West_Midlands,98,0,0,2020-05-24,1521347.7465233728
25-44,West_Midlands,98,0,0,2020-05-24,1491941.7643508296
45-64,West_Midlands,98,0,0,2020-05-24,753354.0048563707
65-74,West_Midlands,98,0,0,2020-05-24,584326.1137508729
75+,West_Midlands,98,0,0,2020-05-24,500934.8506820068
1-4,West_Midlands,99,0,0,2020-05-25,692584.7745597636
5-14,West_Midlands,99,0,0,2020-05-25,216414.25914068182
15-24,West_Midlands,99,0,0,2020-05-25,1521347.7465233728
25-44,West_Midlands,99,0,0,2020-05-25,1491941.7643508296
45-64,West_Midlands,99,0,0,2020-05-25,753354.0048563707
65-74,West_Midlands,99,0,0,2020-05-25,584326.1137508729
75+,West_Midlands,99,0,0,2020-05-25,500934.8506820068
1-4,West_Midlands,100,0,0,2020-05-26,692584.7745597636
5-14,West_Midlands,100,0,0,2020-05-26,216414.25914068182
15-24,West_Midlands,100,0,0,2020-05-26,1521347.7465233728
25-44,West_Midlands,100,0,0,2020-05-26,1491941.7643508296
45-64,West_Midlands,100,0,0,2020-05-26,753354.0048563707
65-74,West_Midlands,100,0,0,2020-05-26,584326.1137508729
75+,West_Midlands,100,0,0,2020-05-26,500934.8506820068
1-4,West_Midlands,101,0,0,2020-05-27,692584.7745597636
5-14,West_Midlands,101,7.99741253747002,0.5399068466744422,2020-05-27,216414.25914068182
15-24,West_Midlands,101,8.859847795122795,0.488798693899305,2020-05-27,1521347.7465233728
25-44,West_Midlands,101,8.259956247438202,0.4871540660919755,2020-05-27,1491941.7643508296
45-64,West_Midlands,101,7.898079506551633,0.5090664686081932,2020-05-27,753354.0048563707
65-74,West_Midlands,101,7.642967539486092,0.33059107346106,2020-05-27,584326.1137508729
75+,West_Midlands,101,8.031785197864748,0.39660649703874984,2020-05-27,500934.8506820068
1-4,West_Midlands,102,0,0,2020-05-28,692584.7745597636
5-14,West_Midlands,102,0,0,2020-05-28,216414.25914068182
15-24,West_Midlands,102,0,0,2020-05-28,1521347.7465233728
25-44,West_Midlands,102,0,0,2020-05-28,1491941.7643508296
45-64,West_Midlands,102,0,0,2020-05-28,753354.0048563707
65-74,West_Midlands,102,0,0,2020-05-28,584326.1137508729
75+,West_Midlands,102,0,0,2020-05-28,500934.8506820068
1-4,West_Midlands,103,0,0,2020-05-29,692584.7745597636
5-14,West_Midlands,103,0,0,2020-05-29,216414.25914068182
15-24,West_Midlands,103,0,0,2020-05-29,1521347.7465233728
25-44,West_Midlands,103,0,0,2020-05-29,1491941.7643508296
45-64,West_Midlands,103,0,0,2020-05-29,753354.0048563707
65-74,West_Midlands,103,0,0,2020-05-29,584326.1137508729
75+,West_Midlands,103,0,0,2020-05-29,500934.8506820068
1-4,West_Midlands,104,0,0,2020-05-30,692584.7745597636
5-14,West_Midlands,104,0,0,2020-05-30,216414.25914068182
15-24,West_Midlands,104,0,0,2020-05-30,1521347.7465233728
25-44,West_Midlands,104,0,0,2020-05-30,1491941.7643508296
45-64,West_Midlands,104,0,0,2020-05-30,753354.0048563707
65-74,West_Midlands,104,0,0,2020-05-30,584326.1137508729
75+,West_Midlands,104,0,0,2020-05-30,500934.8506820068
1-4,West_Midlands,105,0,0,2020-05-31,692584.7745597636
5-14,West_Midlands,105,0,0,2020-05-31,216414.25914068182
15-24,West_Midlands,105,0,0,2020-05-31,1521347.7465233728
25-44,West_Midlands,105,0,0,2020-05-31,1491941.7643508296
45-64,West_Midlands,105,0,0,2020-05-31,753354.0048563707
65-74,West_Midlands,105,0,0,2020-05-31,584326.1137508729
75+,West_Midlands,105,0,0,2020-05-31,500934.8506820068
1-4,West_Midlands,106,0,0,2020-06-01,692584.7745597636
5-14,West_Midlands,106,0,0,2020-06-01,216414.25914068182
15-24,West_Midlands,106,0,0,2020-06-01,1521347.7465233728
25-44,West_Midlands,106,0,0,2020-06-01,1491941.7643508296
45-64,West_Midlands,106,0,0,2020-06-01,753354.0048563707
65-74,West_Midlands,106,0,0,2020-06-01,584326.1137508729
75+,West_Midlands,106,0,0,2020-06-01,500934.8506820068
1-4,West_Midlands,107,0,0,2020-06-02,692584.7745597636
5-14,West_Midlands,107,0,0,2020-06-02,216414.25914068182
15-24,West_Midlands,107,0,0,2020-06-02,1521347.7465233728
25-44,West_Midlands,107,0,0,2020-06-02,1491941.7643508296
45-64,West_Midlands,107,0,0,2020-06-02,753354.0048563707
65-74,West_Midlands,107,0,0,2020-06-02,584326.1137508729
75+,West_Midlands,107,0,0,2020-06-02,500934.8506820068
1-4,West_Midlands,108,0,0,2020-06-03,692584.7745597636
5-14,West_Midlands,108,0,0,2020-06-03,216414.25914068182
15-24,West_Midlands,108,0,0,2020-06-03,1521347.7465233728
25-44,West_Midlands,108,0,0,2020-06-03,1491941.7643508296
45-64,West_Midlands,108,0,0,2020-06-03,753354.0048563707
65-74,West_Midlands,108,0,0,2020-06-03,584326.1137508729
75+,West_Midlands,108,0,0,2020-06-03,500934.8506820068
1-4,West_Midlands,109,0,0,2020-06-04,692584.7745597636
5-14,West_Midlands,109,0,0,2020-06-04,216414.25914068182
15-24,West_Midlands,109,0,0,2020-06-04,1521347.7465233728
25-44,West_Midlands,109,0,0,2020-06-04,1491941.7643508296
45-64,West_Midlands,109,0,0,2020-06-04,753354.0048563707
65-74,West_Midlands,109,0,0,2020-06-04,584326.1137508729
75+,West_Midlands,109,0,0,2020-06-04,500934.8506820068
1-4,West_Midlands,110,0,0,2020-06-05,692584.7745597636
5-14,West_Midlands,110,0,0,2020-06-05,216414.25914068182
15-24,West_Midlands,110,0,0,2020-06-05,1521347.7465233728
25-44,West_Midlands,110,0,0,2020-06-05,1491941.7643508296
45-64,West_Midlands,110,0,0,2020-06-05,753354.0048563707
65-74,West_Midlands,110,0,0,2020-06-05,584326.1137508729
75+,West_Midlands,110,0,0,2020-06-05,500934.8506820068
1-4,West_Midlands,111,0,0,2020-06-06,692584.7745597636
5-14,West_Midlands,111,0,0,2020-06-06,216414.25914068182
15-24,West_Midlands,111,0,0,2020-06-06,1521347.7465233728
25-44,West_Midlands,111,0,0,2020-06-06,1491941.7643508296
45-64,West_Midlands,111,0,0,2020-06-06,753354.0048563707
65-74,West_Midlands,111,0,0,2020-06-06,584326.1137508729
75+,West_Midlands,111,0,0,2020-06-06,500934.8506820068
1-4,West_Midlands,112,0,0,2020-06-07,692584.7745597636
5-14,West_Midlands,112,0,0,2020-06-07,216414.25914068182
15-24,West_Midlands,112,0,0,2020-06-07,1521347.7465233728
25-44,West_Midlands,112,0,0,2020-06-07,1491941.7643508296
45-64,West_Midlands,112,0,0,2020-06-07,753354.0048563707
65-74,West_Midlands,112,0,0,2020-06-07,584326.1137508729
75+,West_Midlands,112,0,0,2020-06-07,500934.8506820068
1-4,West_Midlands,113,0,0,2020-06-08,692584.7745597636
5-14,West_Midlands,113,0,0,2020-06-08,216414.25914068182
15-24,West_Midlands,113,0,0,2020-06-08,1521347.7465233728
25-44,West_Midlands,113,0,0,2020-06-08,1491941.7643508296
45-64,West_Midlands,113,0,0,2020-06-08,753354.0048563707
65-74,West_Midlands,113,0,0,2020-06-08,584326.1137508729
75+,West_Midlands,113,0,0,2020-06-08,500934.8506820068
1-4,West_Midlands,114,0,0,2020-06-09,692584.7745597636
5-14,West_Midlands,114,0,0,2020-06-09,216414.25914068182
15-24,West_Midlands,114,0,0,2020-06-09,1521347.7465233728
25-44,West_Midlands,114,0,0,2020-06-09,1491941.7643508296
45-64,West_Midlands,114,0,0,2020-06-09,753354.0048563707
65-74,West_Midlands,114,0,0,2020-06-09,584326.1137508729
75+,West_Midlands,114,0,0,2020-06-09,500934.8506820068
1-4,West_Midlands,115,0,0,2020-06-10,692584.7745597636
5-14,West_Midlands,115,7.982519904862939,0.5300134985729721,2020-06-10,216414.25914068182
15-24,West_Midlands,115,8.692007800623317,0.4977152575748548,2020-06-10,1521347.7465233728
25-44,West_Midlands,115,8.090341395288245,0.49683842588279725,2020-06-10,1491941.7643508296
45-64,West_Midlands,115,7.829230449069224,0.5102448665756796,2020-06-10,753354.0048563707
65-74,West_Midlands,115,7.452850828764634,0.345513659287112,2020-06-10,584326.1137508729
75+,West_Midlands,115,7.861905700010511,0.3856702475629044,2020-06-10,500934.8506820068
1-4,West_Midlands,116,0,0,2020-06-11,692584.7745597636
5-14,West_Midlands,116,0,0,2020-06-11,216414.25914068182
15-24,West_Midlands,116,0,0,2020-06-11,1521347.7465233728
25-44,West_Midlands,116,0,0,2020-06-11,1491941.7643508296
45-64,West_Midlands,116,0,0,2020-06-11,753354.0048563707
65-74,West_Midlands,116,0,0,2020-06-11,584326.1137508729
75+,West_Midlands,116,0,0,2020-06-11,500934.8506820068
1-4,West_Midlands,117,0,0,2020-06-12,692584.7745597636
5-14,West_Midlands,117,0,0,2020-06-12,216414.25914068182
15-24,West_Midlands,117,0,0,2020-06-12,1521347.7465233728
25-44,West_Midlands,117,0,0,2020-06-12,1491941.7643508296
45-64,West_Midlands,117,0,0,2020-06-12,753354.0048563707
65-74,West_Midlands,117,0,0,2020-06-12,584326.1137508729
75+,West_Midlands,117,0,0,2020-06-12,500934.8506820068
1-4,West_Midlands,118,0,0,2020-06-13,692584.7745597636
5-14,West_Midlands,118,0,0,2020-06-13,216414.25914068182
15-24,West_Midlands,118,0,0,2020-06-13,1521347.7465233728
25-44,West_Midlands,118,0,0,2020-06-13,1491941.7643508296
45-64,West_Midlands,118,0,0,2020-06-13,753354.0048563707
65-74,West_Midlands,118,0,0,2020-06-13,584326.1137508729
75+,West_Midlands,118,0,0,2020-06-13,500934.8506820068
1-4,West_Midlands,119,0,0,2020-06-14,692584.7745597636
5-14,West_Midlands,119,0,0,2020-06-14,216414.25914068182
15-24,West_Midlands,119,0,0,2020-06-14,1521347.7465233728
25-44,West_Midlands,119,0,0,2020-06-14,1491941.7643508296
45-64,West_Midlands,119,0,0,2020-06-14,753354.0048563707
65-74,West_Midlands,119,0,0,2020-06-14,584326.1137508729
75+,West_Midlands,119,0,0,2020-06-14,500934.8506820068
1-4,West_Midlands,120,0,0,2020-06-15,692584.7745597636
5-14,West_Midlands,120,0,0,2020-06-15,216414.25914068182
15-24,West_Midlands,120,0,0,2020-06-15,1521347.7465233728
25-44,West_Midlands,120,0,0,2020-06-15,1491941.7643508296
45-64,West_Midlands,120,0,0,2020-06-15,753354.0048563707
65-74,West_Midlands,120,0,0,2020-06-15,584326.1137508729
75+,West_Midlands,120,0,0,2020-06-15,500934.8506820068
1-4,West_Midlands,121,0,0,2020-06-16,692584.7745597636
5-14,West_Midlands,121,0,0,2020-06-16,216414.25914068182
15-24,West_Midlands,121,0,0,2020-06-16,1521347.7465233728
25-44,West_Midlands,121,0,0,2020-06-16,1491941.7643508296
45-64,West_Midlands,121,0,0,2020-06-16,753354.0048563707
65-74,West_Midlands,121,0,0,2020-06-16,584326.1137508729
75+,West_Midlands,121,0,0,2020-06-16,500934.8506820068
1-4,West_Midlands,122,0,0,2020-06-17,692584.7745597636
5-14,West_Midlands,122,0,0,2020-06-17,216414.25914068182
15-24,West_Midlands,122,0,0,2020-06-17,1521347.7465233728
25-44,West_Midlands,122,0,0,2020-06-17,1491941.7643508296
45-64,West_Midlands,122,0,0,2020-06-17,753354.0048563707
65-74,West_Midlands,122,0,0,2020-06-17,584326.1137508729
75+,West_Midlands,122,0,0,2020-06-17,500934.8506820068
1-4,West_Midlands,123,0,0,2020-06-18,692584.7745597636
5-14,West_Midlands,123,0,0,2020-06-18,216414.25914068182
15-24,West_Midlands,123,0,0,2020-06-18,1521347.7465233728
25-44,West_Midlands,123,0,0,2020-06-18,1491941.7643508296
45-64,West_Midlands,123,0,0,2020-06-18,753354.0048563707
65-74,West_Midlands,123,0,0,2020-06-18,584326.1137508729
75+,West_Midlands,123,0,0,2020-06-18,500934.8506820068
1-4,West_Midlands,124,0,0,2020-06-19,692584.7745597636
5-14,West_Midlands,124,0,0,2020-06-19,216414.25914068182
15-24,West_Midlands,124,0,0,2020-06-19,1521347.7465233728
25-44,West_Midlands,124,0,0,2020-06-19,1491941.7643508296
45-64,West_Midlands,124,0,0,2020-06-19,753354.0048563707
65-74,West_Midlands,124,0,0,2020-06-19,584326.1137508729
75+,West_Midlands,124,0,0,2020-06-19,500934.8506820068
1-4,West_Midlands,125,0,0,2020-06-20,692584.7745597636
5-14,West_Midlands,125,0,0,2020-06-20,216414.25914068182
15-24,West_Midlands,125,0,0,2020-06-20,1521347.7465233728
25-44,West_Midlands,125,0,0,2020-06-20,1491941.7643508296
45-64,West_Midlands,125,0,0,2020-06-20,753354.0048563707
65-74,West_Midlands,125,0,0,2020-06-20,584326.1137508729
75+,West_Midlands,125,0,0,2020-06-20,500934.8506820068
1-4,West_Midlands,126,0,0,2020-06-21,692584.7745597636
5-14,West_Midlands,126,0,0,2020-06-21,216414.25914068182
15-24,West_Midlands,126,0,0,2020-06-21,1521347.7465233728
25-44,West_Midlands,126,0,0,2020-06-21,1491941.7643508296
45-64,West_Midlands,126,0,0,2020-06-21,753354.0048563707
65-74,West_Midlands,126,0,0,2020-06-21,584326.1137508729
75+,West_Midlands,126,0,0,2020-06-21,500934.8506820068
1-4,West_Midlands,127,0,0,2020-06-22,692584.7745597636
5-14,West_Midlands,127,0,0,2020-06-22,216414.25914068182
15-24,West_Midlands,127,0,0,2020-06-22,1521347.7465233728
25-44,West_Midlands,127,0,0,2020-06-22,1491941.7643508296
45-64,West_Midlands,127,0,0,2020-06-22,753354.0048563707
65-74,West_Midlands,127,0,0,2020-06-22,584326.1137508729
75+,West_Midlands,127,0,0,2020-06-22,500934.8506820068
1-4,West_Midlands,128,0,0,2020-06-23,692584.7745597636
5-14,West_Midlands,128,0,0,2020-06-23,216414.25914068182
15-24,West_Midlands,128,0,0,2020-06-23,1521347.7465233728
25-44,West_Midlands,128,0,0,2020-06-23,1491941.7643508296
45-64,West_Midlands,128,0,0,2020-06-23,753354.0048563707
65-74,West_Midlands,128,0,0,2020-06-23,584326.1137508729
75+,West_Midlands,128,0,0,2020-06-23,500934.8506820068
1-4,West_Midlands,129,0,0,2020-06-24,692584.7745597636
5-14,West_Midlands,129,7.942741165400205,0.5310627911432972,2020-06-24,216414.25914068182
15-24,West_Midlands,129,8.579412964937855,0.5057063461036073,2020-06-24,1521347.7465233728
25-44,West_Midlands,129,8.001601325946115,0.49774576904693507,2020-06-24,1491941.7643508296
45-64,West_Midlands,129,7.779524516807619,0.5122441531935318,2020-06-24,753354.0048563707
65-74,West_Midlands,129,7.403018609119326,0.34719785044283613,2020-06-24,584326.1137508729
75+,West_Midlands,129,7.750775602165402,0.3639101360303597,2020-06-24,500934.8506820068
1-4,West_Midlands,130,0,0,2020-06-25,692584.7745597636
5-14,West_Midlands,130,0,0,2020-06-25,216414.25914068182
15-24,West_Midlands,130,0,0,2020-06-25,1521347.7465233728
25-44,West_Midlands,130,0,0,2020-06-25,1491941.7643508296
45-64,West_Midlands,130,0,0,2020-06-25,753354.0048563707
65-74,West_Midlands,130,0,0,2020-06-25,584326.1137508729
75+,West_Midlands,130,0,0,2020-06-25,500934.8506820068
1-4,West_Midlands,131,0,0,2020-06-26,692584.7745597636
5-14,West_Midlands,131,0,0,2020-06-26,216414.25914068182
15-24,West_Midlands,131,0,0,2020-06-26,1521347.7465233728
25-44,West_Midlands,131,0,0,2020-06-26,1491941.7643508296
45-64,West_Midlands,131,0,0,2020-06-26,753354.0048563707
65-74,West_Midlands,131,0,0,2020-06-26,584326.1137508729
75+,West_Midlands,131,0,0,2020-06-26,500934.8506820068
1-4,West_Midlands,132,0,0,2020-06-27,692584.7745597636
5-14,West_Midlands,132,0,0,2020-06-27,216414.25914068182
15-24,West_Midlands,132,0,0,2020-06-27,1521347.7465233728
25-44,West_Midlands,132,0,0,2020-06-27,1491941.7643508296
45-64,West_Midlands,132,0,0,2020-06-27,753354.0048563707
65-74,West_Midlands,132,0,0,2020-06-27,584326.1137508729
75+,West_Midlands,132,0,0,2020-06-27,500934.8506820068
1-4,West_Midlands,133,0,0,2020-06-28,692584.7745597636
5-14,West_Midlands,133,0,0,2020-06-28,216414.25914068182
15-24,West_Midlands,133,0,0,2020-06-28,1521347.7465233728
25-44,West_Midlands,133,0,0,2020-06-28,1491941.7643508296
45-64,West_Midlands,133,0,0,2020-06-28,753354.0048563707
65-74,West_Midlands,133,0,0,2020-06-28,584326.1137508729
75+,West_Midlands,133,0,0,2020-06-28,500934.8506820068
1-4,West_Midlands,134,0,0,2020-06-29,692584.7745597636
5-14,West_Midlands,134,0,0,2020-06-29,216414.25914068182
15-24,West_Midlands,134,0,0,2020-06-29,1521347.7465233728
25-44,West_Midlands,134,0,0,2020-06-29,1491941.7643508296
45-64,West_Midlands,134,0,0,2020-06-29,753354.0048563707
65-74,West_Midlands,134,0,0,2020-06-29,584326.1137508729
75+,West_Midlands,134,0,0,2020-06-29,500934.8506820068
1-4,West_Midlands,135,0,0,2020-06-30,692584.7745597636
5-14,West_Midlands,135,0,0,2020-06-30,216414.25914068182
15-24,West_Midlands,135,0,0,2020-06-30,1521347.7465233728
25-44,West_Midlands,135,0,0,2020-06-30,1491941.7643508296
45-64,West_Midlands,135,0,0,2020-06-30,753354.0048563707
65-74,West_Midlands,135,0,0,2020-06-30,584326.1137508729
75+,West_Midlands,135,0,0,2020-06-30,500934.8506820068
1-4,West_Midlands,136,0,0,2020-07-01,692584.7745597636
5-14,West_Midlands,136,0,0,2020-07-01,216414.25914068182
15-24,West_Midlands,136,0,0,2020-07-01,1521347.7465233728
25-44,West_Midlands,136,0,0,2020-07-01,1491941.7643508296
45-64,West_Midlands,136,0,0,2020-07-01,753354.0048563707
65-74,West_Midlands,136,0,0,2020-07-01,584326.1137508729
75+,West_Midlands,136,0,0,2020-07-01,500934.8506820068
1-4,West_Midlands,137,0,0,2020-07-02,692584.7745597636
5-14,West_Midlands,137,0,0,2020-07-02,216414.25914068182
15-24,West_Midlands,137,0,0,2020-07-02,1521347.7465233728
25-44,West_Midlands,137,0,0,2020-07-02,1491941.7643508296
45-64,West_Midlands,137,0,0,2020-07-02,753354.0048563707
65-74,West_Midlands,137,0,0,2020-07-02,584326.1137508729
75+,West_Midlands,137,0,0,2020-07-02,500934.8506820068
1-4,West_Midlands,138,0,0,2020-07-03,692584.7745597636
5-14,West_Midlands,138,0,0,2020-07-03,216414.25914068182
15-24,West_Midlands,138,0,0,2020-07-03,1521347.7465233728
25-44,West_Midlands,138,0,0,2020-07-03,1491941.7643508296
45-64,West_Midlands,138,0,0,2020-07-03,753354.0048563707
65-74,West_Midlands,138,0,0,2020-07-03,584326.1137508729
75+,West_Midlands,138,0,0,2020-07-03,500934.8506820068
1-4,West_Midlands,139,0,0,2020-07-04,692584.7745597636
5-14,West_Midlands,139,0,0,2020-07-04,216414.25914068182
15-24,West_Midlands,139,0,0,2020-07-04,1521347.7465233728
25-44,West_Midlands,139,0,0,2020-07-04,1491941.7643508296
45-64,West_Midlands,139,0,0,2020-07-04,753354.0048563707
65-74,West_Midlands,139,0,0,2020-07-04,584326.1137508729
75+,West_Midlands,139,0,0,2020-07-04,500934.8506820068
1-4,West_Midlands,140,0,0,2020-07-05,692584.7745597636
5-14,West_Midlands,140,0,0,2020-07-05,216414.25914068182
15-24,West_Midlands,140,0,0,2020-07-05,1521347.7465233728
25-44,West_Midlands,140,0,0,2020-07-05,1491941.7643508296
45-64,West_Midlands,140,0,0,2020-07-05,753354.0048563707
65-74,West_Midlands,140,0,0,2020-07-05,584326.1137508729
75+,West_Midlands,140,0,0,2020-07-05,500934.8506820068
1-4,West_Midlands,141,0,0,2020-07-06,692584.7745597636
5-14,West_Midlands,141,0,0,2020-07-06,216414.25914068182
15-24,West_Midlands,141,0,0,2020-07-06,1521347.7465233728
25-44,West_Midlands,141,0,0,2020-07-06,1491941.7643508296
45-64,West_Midlands,141,0,0,2020-07-06,753354.0048563707
65-74,West_Midlands,141,0,0,2020-07-06,584326.1137508729
75+,West_Midlands,141,0,0,2020-07-06,500934.8506820068
1-4,West_Midlands,142,0,0,2020-07-07,692584.7745597636
5-14,West_Midlands,142,0,0,2020-07-07,216414.25914068182
15-24,West_Midlands,142,0,0,2020-07-07,1521347.7465233728
25-44,West_Midlands,142,0,0,2020-07-07,1491941.7643508296
45-64,West_Midlands,142,0,0,2020-07-07,753354.0048563707
65-74,West_Midlands,142,0,0,2020-07-07,584326.1137508729
75+,West_Midlands,142,0,0,2020-07-07,500934.8506820068
1-4,West_Midlands,143,0,0,2020-07-08,692584.7745597636
5-14,West_Midlands,143,7.853789313156497,0.5275906775123012,2020-07-08,216414.25914068182
15-24,West_Midlands,143,8.495252604118699,0.5022488325664433,2020-07-08,1521347.7465233728
25-44,West_Midlands,143,7.945535877392781,0.4892558217020805,2020-07-08,1491941.7643508296
45-64,West_Midlands,143,7.728639751395702,0.509119445555693,2020-07-08,753354.0048563707
65-74,West_Midlands,143,7.444700284839762,0.33509833004385997,2020-07-08,584326.1137508729
75+,West_Midlands,143,7.694101887469784,0.3474527070594998,2020-07-08,500934.8506820068
1-4,West_Midlands,144,0,0,2020-07-09,692584.7745597636
5-14,West_Midlands,144,0,0,2020-07-09,216414.25914068182
15-24,West_Midlands,144,0,0,2020-07-09,1521347.7465233728
25-44,West_Midlands,144,0,0,2020-07-09,1491941.7643508296
45-64,West_Midlands,144,0,0,2020-07-09,753354.0048563707
65-74,West_Midlands,144,0,0,2020-07-09,584326.1137508729
75+,West_Midlands,144,0,0,2020-07-09,500934.8506820068
1-4,West_Midlands,145,0,0,2020-07-10,692584.7745597636
5-14,West_Midlands,145,0,0,2020-07-10,216414.25914068182
15-24,West_Midlands,145,0,0,2020-07-10,1521347.7465233728
25-44,West_Midlands,145,0,0,2020-07-10,1491941.7643508296
45-64,West_Midlands,145,0,0,2020-07-10,753354.0048563707
65-74,West_Midlands,145,0,0,2020-07-10,584326.1137508729
75+,West_Midlands,145,0,0,2020-07-10,500934.8506820068
1-4,West_Midlands,146,0,0,2020-07-11,692584.7745597636
5-14,West_Midlands,146,0,0,2020-07-11,216414.25914068182
15-24,West_Midlands,146,0,0,2020-07-11,1521347.7465233728
25-44,West_Midlands,146,0,0,2020-07-11,1491941.7643508296
45-64,West_Midlands,146,0,0,2020-07-11,753354.0048563707
65-74,West_Midlands,146,0,0,2020-07-11,584326.1137508729
75+,West_Midlands,146,0,0,2020-07-11,500934.8506820068
1-4,West_Midlands,147,0,0,2020-07-12,692584.7745597636
5-14,West_Midlands,147,0,0,2020-07-12,216414.25914068182
15-24,West_Midlands,147,0,0,2020-07-12,1521347.7465233728
25-44,West_Midlands,147,0,0,2020-07-12,1491941.7643508296
45-64,West_Midlands,147,0,0,2020-07-12,753354.0048563707
65-74,West_Midlands,147,0,0,2020-07-12,584326.1137508729
75+,West_Midlands,147,0,0,2020-07-12,500934.8506820068
1-4,West_Midlands,148,0,0,2020-07-13,692584.7745597636
5-14,West_Midlands,148,0,0,2020-07-13,216414.25914068182
15-24,West_Midlands,148,0,0,2020-07-13,1521347.7465233728
25-44,West_Midlands,148,0,0,2020-07-13,1491941.7643508296
45-64,West_Midlands,148,0,0,2020-07-13,753354.0048563707
65-74,West_Midlands,148,0,0,2020-07-13,584326.1137508729
75+,West_Midlands,148,0,0,2020-07-13,500934.8506820068
1-4,West_Midlands,149,0,0,2020-07-14,692584.7745597636
5-14,West_Midlands,149,0,0,2020-07-14,216414.25914068182
15-24,West_Midlands,149,0,0,2020-07-14,1521347.7465233728
25-44,West_Midlands,149,0,0,2020-07-14,1491941.7643508296
45-64,West_Midlands,149,0,0,2020-07-14,753354.0048563707
65-74,West_Midlands,149,0,0,2020-07-14,584326.1137508729
75+,West_Midlands,149,0,0,2020-07-14,500934.8506820068
1-4,West_Midlands,150,0,0,2020-07-15,692584.7745597636
5-14,West_Midlands,150,0,0,2020-07-15,216414.25914068182
15-24,West_Midlands,150,0,0,2020-07-15,1521347.7465233728
25-44,West_Midlands,150,0,0,2020-07-15,1491941.7643508296
45-64,West_Midlands,150,0,0,2020-07-15,753354.0048563707
65-74,West_Midlands,150,0,0,2020-07-15,584326.1137508729
75+,West_Midlands,150,0,0,2020-07-15,500934.8506820068
1-4,West_Midlands,151,0,0,2020-07-16,692584.7745597636
5-14,West_Midlands,151,0,0,2020-07-16,216414.25914068182
15-24,West_Midlands,151,0,0,2020-07-16,1521347.7465233728
25-44,West_Midlands,151,0,0,2020-07-16,1491941.7643508296
45-64,West_Midlands,151,0,0,2020-07-16,753354.0048563707
65-74,West_Midlands,151,0,0,2020-07-16,584326.1137508729
75+,West_Midlands,151,0,0,2020-07-16,500934.8506820068
1-4,West_Midlands,152,0,0,2020-07-17,692584.7745597636
5-14,West_Midlands,152,0,0,2020-07-17,216414.25914068182
15-24,West_Midlands,152,0,0,2020-07-17,1521347.7465233728
25-44,West_Midlands,152,0,0,2020-07-17,1491941.7643508296
45-64,West_Midlands,152,0,0,2020-07-17,753354.0048563707
65-74,West_Midlands,152,0,0,2020-07-17,584326.1137508729
75+,West_Midlands,152,0,0,2020-07-17,500934.8506820068
1-4,West_Midlands,153,0,0,2020-07-18,692584.7745597636
5-14,West_Midlands,153,0,0,2020-07-18,216414.25914068182
15-24,West_Midlands,153,0,0,2020-07-18,1521347.7465233728
25-44,West_Midlands,153,0,0,2020-07-18,1491941.7643508296
45-64,West_Midlands,153,0,0,2020-07-18,753354.0048563707
65-74,West_Midlands,153,0,0,2020-07-18,584326.1137508729
75+,West_Midlands,153,0,0,2020-07-18,500934.8506820068
1-4,West_Midlands,154,0,0,2020-07-19,692584.7745597636
5-14,West_Midlands,154,0,0,2020-07-19,216414.25914068182
15-24,West_Midlands,154,0,0,2020-07-19,1521347.7465233728
25-44,West_Midlands,154,0,0,2020-07-19,1491941.7643508296
45-64,West_Midlands,154,0,0,2020-07-19,753354.0048563707
65-74,West_Midlands,154,0,0,2020-07-19,584326.1137508729
75+,West_Midlands,154,0,0,2020-07-19,500934.8506820068
1-4,West_Midlands,155,0,0,2020-07-20,692584.7745597636
5-14,West_Midlands,155,0,0,2020-07-20,216414.25914068182
15-24,West_Midlands,155,0,0,2020-07-20,1521347.7465233728
25-44,West_Midlands,155,0,0,2020-07-20,1491941.7643508296
45-64,West_Midlands,155,0,0,2020-07-20,753354.0048563707
65-74,West_Midlands,155,0,0,2020-07-20,584326.1137508729
75+,West_Midlands,155,0,0,2020-07-20,500934.8506820068
1-4,West_Midlands,156,0,0,2020-07-21,692584.7745597636
5-14,West_Midlands,156,0,0,2020-07-21,216414.25914068182
15-24,West_Midlands,156,0,0,2020-07-21,1521347.7465233728
25-44,West_Midlands,156,0,0,2020-07-21,1491941.7643508296
45-64,West_Midlands,156,0,0,2020-07-21,753354.0048563707
65-74,West_Midlands,156,0,0,2020-07-21,584326.1137508729
75+,West_Midlands,156,0,0,2020-07-21,500934.8506820068
1-4,West_Midlands,157,0,0,2020-07-22,692584.7745597636
5-14,West_Midlands,157,7.753272329660751,0.5187112820005196,2020-07-22,216414.25914068182
15-24,West_Midlands,157,8.446523878470188,0.5047156597763466,2020-07-22,1521347.7465233728
25-44,West_Midlands,157,7.906768350159615,0.4878390792534205,2020-07-22,1491941.7643508296
45-64,West_Midlands,157,7.697015396571173,0.503868921924508,2020-07-22,753354.0048563707
65-74,West_Midlands,157,7.53501239547136,0.32724997019627583,2020-07-22,584326.1137508729
75+,West_Midlands,157,7.660378625901784,0.35571389328392516,2020-07-22,500934.8506820068
1-4,West_Midlands,158,0,0,2020-07-23,692584.7745597636
5-14,West_Midlands,158,0,0,2020-07-23,216414.25914068182
15-24,West_Midlands,158,0,0,2020-07-23,1521347.7465233728
25-44,West_Midlands,158,0,0,2020-07-23,1491941.7643508296
45-64,West_Midlands,158,0,0,2020-07-23,753354.0048563707
65-74,West_Midlands,158,0,0,2020-07-23,584326.1137508729
75+,West_Midlands,158,0,0,2020-07-23,500934.8506820068
1-4,West_Midlands,159,0,0,2020-07-24,692584.7745597636
5-14,West_Midlands,159,0,0,2020-07-24,216414.25914068182
15-24,West_Midlands,159,0,0,2020-07-24,1521347.7465233728
25-44,West_Midlands,159,0,0,2020-07-24,1491941.7643508296
45-64,West_Midlands,159,0,0,2020-07-24,753354.0048563707
65-74,West_Midlands,159,0,0,2020-07-24,584326.1137508729
75+,West_Midlands,159,0,0,2020-07-24,500934.8506820068
1-4,West_Midlands,160,0,0,2020-07-25,692584.7745597636
5-14,West_Midlands,160,0,0,2020-07-25,216414.25914068182
15-24,West_Midlands,160,0,0,2020-07-25,1521347.7465233728
25-44,West_Midlands,160,0,0,2020-07-25,1491941.7643508296
45-64,West_Midlands,160,0,0,2020-07-25,753354.0048563707
65-74,West_Midlands,160,0,0,2020-07-25,584326.1137508729
75+,West_Midlands,160,0,0,2020-07-25,500934.8506820068
1-4,West_Midlands,161,0,0,2020-07-26,692584.7745597636
5-14,West_Midlands,161,0,0,2020-07-26,216414.25914068182
15-24,West_Midlands,161,0,0,2020-07-26,1521347.7465233728
25-44,West_Midlands,161,0,0,2020-07-26,1491941.7643508296
45-64,West_Midlands,161,0,0,2020-07-26,753354.0048563707
65-74,West_Midlands,161,0,0,2020-07-26,584326.1137508729
75+,West_Midlands,161,0,0,2020-07-26,500934.8506820068
1-4,West_Midlands,162,0,0,2020-07-27,692584.7745597636
5-14,West_Midlands,162,0,0,2020-07-27,216414.25914068182
15-24,West_Midlands,162,0,0,2020-07-27,1521347.7465233728
25-44,West_Midlands,162,0,0,2020-07-27,1491941.7643508296
45-64,West_Midlands,162,0,0,2020-07-27,753354.0048563707
65-74,West_Midlands,162,0,0,2020-07-27,584326.1137508729
75+,West_Midlands,162,0,0,2020-07-27,500934.8506820068
1-4,West_Midlands,163,0,0,2020-07-28,692584.7745597636
5-14,West_Midlands,163,0,0,2020-07-28,216414.25914068182
15-24,West_Midlands,163,0,0,2020-07-28,1521347.7465233728
25-44,West_Midlands,163,0,0,2020-07-28,1491941.7643508296
45-64,West_Midlands,163,0,0,2020-07-28,753354.0048563707
65-74,West_Midlands,163,0,0,2020-07-28,584326.1137508729
75+,West_Midlands,163,0,0,2020-07-28,500934.8506820068
1-4,West_Midlands,164,0,0,2020-07-29,692584.7745597636
5-14,West_Midlands,164,0,0,2020-07-29,216414.25914068182
15-24,West_Midlands,164,0,0,2020-07-29,1521347.7465233728
25-44,West_Midlands,164,0,0,2020-07-29,1491941.7643508296
45-64,West_Midlands,164,0,0,2020-07-29,753354.0048563707
65-74,West_Midlands,164,0,0,2020-07-29,584326.1137508729
75+,West_Midlands,164,0,0,2020-07-29,500934.8506820068
1-4,West_Midlands,165,0,0,2020-07-30,692584.7745597636
5-14,West_Midlands,165,0,0,2020-07-30,216414.25914068182
15-24,West_Midlands,165,0,0,2020-07-30,1521347.7465233728
25-44,West_Midlands,165,0,0,2020-07-30,1491941.7643508296
45-64,West_Midlands,165,0,0,2020-07-30,753354.0048563707
65-74,West_Midlands,165,0,0,2020-07-30,584326.1137508729
75+,West_Midlands,165,0,0,2020-07-30,500934.8506820068
1-4,West_Midlands,166,0,0,2020-07-31,692584.7745597636
5-14,West_Midlands,166,0,0,2020-07-31,216414.25914068182
15-24,West_Midlands,166,0,0,2020-07-31,1521347.7465233728
25-44,West_Midlands,166,0,0,2020-07-31,1491941.7643508296
45-64,West_Midlands,166,0,0,2020-07-31,753354.0048563707
65-74,West_Midlands,166,0,0,2020-07-31,584326.1137508729
75+,West_Midlands,166,0,0,2020-07-31,500934.8506820068
1-4,West_Midlands,167,0,0,2020-08-01,692584.7745597636
5-14,West_Midlands,167,0,0,2020-08-01,216414.25914068182
15-24,West_Midlands,167,0,0,2020-08-01,1521347.7465233728
25-44,West_Midlands,167,0,0,2020-08-01,1491941.7643508296
45-64,West_Midlands,167,0,0,2020-08-01,753354.0048563707
65-74,West_Midlands,167,0,0,2020-08-01,584326.1137508729
75+,West_Midlands,167,0,0,2020-08-01,500934.8506820068
1-4,West_Midlands,168,0,0,2020-08-02,692584.7745597636
5-14,West_Midlands,168,0,0,2020-08-02,216414.25914068182
15-24,West_Midlands,168,0,0,2020-08-02,1521347.7465233728
25-44,West_Midlands,168,0,0,2020-08-02,1491941.7643508296
45-64,West_Midlands,168,0,0,2020-08-02,753354.0048563707
65-74,West_Midlands,168,0,0,2020-08-02,584326.1137508729
75+,West_Midlands,168,0,0,2020-08-02,500934.8506820068
1-4,West_Midlands,169,0,0,2020-08-03,692584.7745597636
5-14,West_Midlands,169,0,0,2020-08-03,216414.25914068182
15-24,West_Midlands,169,0,0,2020-08-03,1521347.7465233728
25-44,West_Midlands,169,0,0,2020-08-03,1491941.7643508296
45-64,West_Midlands,169,0,0,2020-08-03,753354.0048563707
65-74,West_Midlands,169,0,0,2020-08-03,584326.1137508729
75+,West_Midlands,169,0,0,2020-08-03,500934.8506820068
1-4,West_Midlands,170,0,0,2020-08-04,692584.7745597636
5-14,West_Midlands,170,0,0,2020-08-04,216414.25914068182
15-24,West_Midlands,170,0,0,2020-08-04,1521347.7465233728
25-44,West_Midlands,170,0,0,2020-08-04,1491941.7643508296
45-64,West_Midlands,170,0,0,2020-08-04,753354.0048563707
65-74,West_Midlands,170,0,0,2020-08-04,584326.1137508729
75+,West_Midlands,170,0,0,2020-08-04,500934.8506820068
1-4,West_Midlands,171,0,0,2020-08-05,692584.7745597636
5-14,West_Midlands,171,7.5706541674302565,0.5204960269786837,2020-08-05,216414.25914068182
15-24,West_Midlands,171,8.338937414879647,0.502235789907729,2020-08-05,1521347.7465233728
25-44,West_Midlands,171,7.808817443164582,0.48663585731126885,2020-08-05,1491941.7643508296
45-64,West_Midlands,171,7.5776790941601835,0.5043710168717312,2020-08-05,753354.0048563707
65-74,West_Midlands,171,7.457356596239611,0.3187898491783073,2020-08-05,584326.1137508729
75+,West_Midlands,171,7.496556022913806,0.36633849925761625,2020-08-05,500934.8506820068
1-4,West_Midlands,172,0,0,2020-08-06,692584.7745597636
5-14,West_Midlands,172,0,0,2020-08-06,216414.25914068182
15-24,West_Midlands,172,0,0,2020-08-06,1521347.7465233728
25-44,West_Midlands,172,0,0,2020-08-06,1491941.7643508296
45-64,West_Midlands,172,0,0,2020-08-06,753354.0048563707
65-74,West_Midlands,172,0,0,2020-08-06,584326.1137508729
75+,West_Midlands,172,0,0,2020-08-06,500934.8506820068
1-4,West_Midlands,173,0,0,2020-08-07,692584.7745597636
5-14,West_Midlands,173,0,0,2020-08-07,216414.25914068182
15-24,West_Midlands,173,0,0,2020-08-07,1521347.7465233728
25-44,West_Midlands,173,0,0,2020-08-07,1491941.7643508296
45-64,West_Midlands,173,0,0,2020-08-07,753354.0048563707
65-74,West_Midlands,173,0,0,2020-08-07,584326.1137508729
75+,West_Midlands,173,0,0,2020-08-07,500934.8506820068
1-4,West_Midlands,174,0,0,2020-08-08,692584.7745597636
5-14,West_Midlands,174,0,0,2020-08-08,216414.25914068182
15-24,West_Midlands,174,0,0,2020-08-08,1521347.7465233728
25-44,West_Midlands,174,0,0,2020-08-08,1491941.7643508296
45-64,West_Midlands,174,0,0,2020-08-08,753354.0048563707
65-74,West_Midlands,174,0,0,2020-08-08,584326.1137508729
75+,West_Midlands,174,0,0,2020-08-08,500934.8506820068
1-4,West_Midlands,175,0,0,2020-08-09,692584.7745597636
5-14,West_Midlands,175,0,0,2020-08-09,216414.25914068182
15-24,West_Midlands,175,0,0,2020-08-09,1521347.7465233728
25-44,West_Midlands,175,0,0,2020-08-09,1491941.7643508296
45-64,West_Midlands,175,0,0,2020-08-09,753354.0048563707
65-74,West_Midlands,175,0,0,2020-08-09,584326.1137508729
75+,West_Midlands,175,0,0,2020-08-09,500934.8506820068
1-4,West_Midlands,176,0,0,2020-08-10,692584.7745597636
5-14,West_Midlands,176,0,0,2020-08-10,216414.25914068182
15-24,West_Midlands,176,0,0,2020-08-10,1521347.7465233728
25-44,West_Midlands,176,0,0,2020-08-10,1491941.7643508296
45-64,West_Midlands,176,0,0,2020-08-10,753354.0048563707
65-74,West_Midlands,176,0,0,2020-08-10,584326.1137508729
75+,West_Midlands,176,0,0,2020-08-10,500934.8506820068
1-4,West_Midlands,177,0,0,2020-08-11,692584.7745597636
5-14,West_Midlands,177,0,0,2020-08-11,216414.25914068182
15-24,West_Midlands,177,0,0,2020-08-11,1521347.7465233728
25-44,West_Midlands,177,0,0,2020-08-11,1491941.7643508296
45-64,West_Midlands,177,0,0,2020-08-11,753354.0048563707
65-74,West_Midlands,177,0,0,2020-08-11,584326.1137508729
75+,West_Midlands,177,0,0,2020-08-11,500934.8506820068
1-4,West_Midlands,178,0,0,2020-08-12,692584.7745597636
5-14,West_Midlands,178,0,0,2020-08-12,216414.25914068182
15-24,West_Midlands,178,0,0,2020-08-12,1521347.7465233728
25-44,West_Midlands,178,0,0,2020-08-12,1491941.7643508296
45-64,West_Midlands,178,0,0,2020-08-12,753354.0048563707
65-74,West_Midlands,178,0,0,2020-08-12,584326.1137508729
75+,West_Midlands,178,0,0,2020-08-12,500934.8506820068
1-4,West_Midlands,179,0,0,2020-08-13,692584.7745597636
5-14,West_Midlands,179,0,0,2020-08-13,216414.25914068182
15-24,West_Midlands,179,0,0,2020-08-13,1521347.7465233728
25-44,West_Midlands,179,0,0,2020-08-13,1491941.7643508296
45-64,West_Midlands,179,0,0,2020-08-13,753354.0048563707
65-74,West_Midlands,179,0,0,2020-08-13,584326.1137508729
75+,West_Midlands,179,0,0,2020-08-13,500934.8506820068
1-4,West_Midlands,180,0,0,2020-08-14,692584.7745597636
5-14,West_Midlands,180,0,0,2020-08-14,216414.25914068182
15-24,West_Midlands,180,0,0,2020-08-14,1521347.7465233728
25-44,West_Midlands,180,0,0,2020-08-14,1491941.7643508296
45-64,West_Midlands,180,0,0,2020-08-14,753354.0048563707
65-74,West_Midlands,180,0,0,2020-08-14,584326.1137508729
75+,West_Midlands,180,0,0,2020-08-14,500934.8506820068
1-4,West_Midlands,181,0,0,2020-08-15,692584.7745597636
5-14,West_Midlands,181,0,0,2020-08-15,216414.25914068182
15-24,West_Midlands,181,0,0,2020-08-15,1521347.7465233728
25-44,West_Midlands,181,0,0,2020-08-15,1491941.7643508296
45-64,West_Midlands,181,0,0,2020-08-15,753354.0048563707
65-74,West_Midlands,181,0,0,2020-08-15,584326.1137508729
75+,West_Midlands,181,0,0,2020-08-15,500934.8506820068
1-4,West_Midlands,182,0,0,2020-08-16,692584.7745597636
5-14,West_Midlands,182,0,0,2020-08-16,216414.25914068182
15-24,West_Midlands,182,0,0,2020-08-16,1521347.7465233728
25-44,West_Midlands,182,0,0,2020-08-16,1491941.7643508296
45-64,West_Midlands,182,0,0,2020-08-16,753354.0048563707
65-74,West_Midlands,182,0,0,2020-08-16,584326.1137508729
75+,West_Midlands,182,0,0,2020-08-16,500934.8506820068
1-4,West_Midlands,183,0,0,2020-08-17,692584.7745597636
5-14,West_Midlands,183,0,0,2020-08-17,216414.25914068182
15-24,West_Midlands,183,0,0,2020-08-17,1521347.7465233728
25-44,West_Midlands,183,0,0,2020-08-17,1491941.7643508296
45-64,West_Midlands,183,0,0,2020-08-17,753354.0048563707
65-74,West_Midlands,183,0,0,2020-08-17,584326.1137508729
75+,West_Midlands,183,0,0,2020-08-17,500934.8506820068
1-4,West_Midlands,184,0,0,2020-08-18,692584.7745597636
5-14,West_Midlands,184,0,0,2020-08-18,216414.25914068182
15-24,West_Midlands,184,0,0,2020-08-18,1521347.7465233728
25-44,West_Midlands,184,0,0,2020-08-18,1491941.7643508296
45-64,West_Midlands,184,0,0,2020-08-18,753354.0048563707
65-74,West_Midlands,184,0,0,2020-08-18,584326.1137508729
75+,West_Midlands,184,0,0,2020-08-18,500934.8506820068
1-4,West_Midlands,185,0,0,2020-08-19,692584.7745597636
5-14,West_Midlands,185,7.284573590776472,0.5259252159497932,2020-08-19,216414.25914068182
15-24,West_Midlands,185,8.177186118137842,0.4933589756654999,2020-08-19,1521347.7465233728
25-44,West_Midlands,185,7.675669898944525,0.48255611948472793,2020-08-19,1491941.7643508296
45-64,West_Midlands,185,7.379865826375186,0.5013043070573961,2020-08-19,753354.0048563707
65-74,West_Midlands,185,7.192706137342989,0.3145529512359446,2020-08-19,584326.1137508729
75+,West_Midlands,185,7.18027479318201,0.3686308385365818,2020-08-19,500934.8506820068
1-4,West_Midlands,186,0,0,2020-08-20,692584.7745597636
5-14,West_Midlands,186,0,0,2020-08-20,216414.25914068182
15-24,West_Midlands,186,0,0,2020-08-20,1521347.7465233728
25-44,West_Midlands,186,0,0,2020-08-20,1491941.7643508296
45-64,West_Midlands,186,0,0,2020-08-20,753354.0048563707
65-74,West_Midlands,186,0,0,2020-08-20,584326.1137508729
75+,West_Midlands,186,0,0,2020-08-20,500934.8506820068
1-4,West_Midlands,187,0,0,2020-08-21,692584.7745597636
5-14,West_Midlands,187,0,0,2020-08-21,216414.25914068182
15-24,West_Midlands,187,0,0,2020-08-21,1521347.7465233728
25-44,West_Midlands,187,0,0,2020-08-21,1491941.7643508296
45-64,West_Midlands,187,0,0,2020-08-21,753354.0048563707
65-74,West_Midlands,187,0,0,2020-08-21,584326.1137508729
75+,West_Midlands,187,0,0,2020-08-21,500934.8506820068
1-4,West_Midlands,188,0,0,2020-08-22,692584.7745597636
5-14,West_Midlands,188,0,0,2020-08-22,216414.25914068182
15-24,West_Midlands,188,0,0,2020-08-22,1521347.7465233728
25-44,West_Midlands,188,0,0,2020-08-22,1491941.7643508296
45-64,West_Midlands,188,0,0,2020-08-22,753354.0048563707
65-74,West_Midlands,188,0,0,2020-08-22,584326.1137508729
75+,West_Midlands,188,0,0,2020-08-22,500934.8506820068
1-4,West_Midlands,189,0,0,2020-08-23,692584.7745597636
5-14,West_Midlands,189,0,0,2020-08-23,216414.25914068182
15-24,West_Midlands,189,0,0,2020-08-23,1521347.7465233728
25-44,West_Midlands,189,0,0,2020-08-23,1491941.7643508296
45-64,West_Midlands,189,0,0,2020-08-23,753354.0048563707
65-74,West_Midlands,189,0,0,2020-08-23,584326.1137508729
75+,West_Midlands,189,0,0,2020-08-23,500934.8506820068
1-4,West_Midlands,190,0,0,2020-08-24,692584.7745597636
5-14,West_Midlands,190,0,0,2020-08-24,216414.25914068182
15-24,West_Midlands,190,0,0,2020-08-24,1521347.7465233728
25-44,West_Midlands,190,0,0,2020-08-24,1491941.7643508296
45-64,West_Midlands,190,0,0,2020-08-24,753354.0048563707
65-74,West_Midlands,190,0,0,2020-08-24,584326.1137508729
75+,West_Midlands,190,0,0,2020-08-24,500934.8506820068
1-4,West_Midlands,191,0,0,2020-08-25,692584.7745597636
5-14,West_Midlands,191,0,0,2020-08-25,216414.25914068182
15-24,West_Midlands,191,0,0,2020-08-25,1521347.7465233728
25-44,West_Midlands,191,0,0,2020-08-25,1491941.7643508296
45-64,West_Midlands,191,0,0,2020-08-25,753354.0048563707
65-74,West_Midlands,191,0,0,2020-08-25,584326.1137508729
75+,West_Midlands,191,0,0,2020-08-25,500934.8506820068
1-4,West_Midlands,192,0,0,2020-08-26,692584.7745597636
5-14,West_Midlands,192,0,0,2020-08-26,216414.25914068182
15-24,West_Midlands,192,0,0,2020-08-26,1521347.7465233728
25-44,West_Midlands,192,0,0,2020-08-26,1491941.7643508296
45-64,West_Midlands,192,0,0,2020-08-26,753354.0048563707
65-74,West_Midlands,192,0,0,2020-08-26,584326.1137508729
75+,West_Midlands,192,0,0,2020-08-26,500934.8506820068
1-4,West_Midlands,193,0,0,2020-08-27,692584.7745597636
5-14,West_Midlands,193,0,0,2020-08-27,216414.25914068182
15-24,West_Midlands,193,0,0,2020-08-27,1521347.7465233728
25-44,West_Midlands,193,0,0,2020-08-27,1491941.7643508296
45-64,West_Midlands,193,0,0,2020-08-27,753354.0048563707
65-74,West_Midlands,193,0,0,2020-08-27,584326.1137508729
75+,West_Midlands,193,0,0,2020-08-27,500934.8506820068
1-4,West_Midlands,194,0,0,2020-08-28,692584.7745597636
5-14,West_Midlands,194,0,0,2020-08-28,216414.25914068182
15-24,West_Midlands,194,0,0,2020-08-28,1521347.7465233728
25-44,West_Midlands,194,0,0,2020-08-28,1491941.7643508296
45-64,West_Midlands,194,0,0,2020-08-28,753354.0048563707
65-74,West_Midlands,194,0,0,2020-08-28,584326.1137508729
75+,West_Midlands,194,0,0,2020-08-28,500934.8506820068
1-4,West_Midlands,195,0,0,2020-08-29,692584.7745597636
5-14,West_Midlands,195,0,0,2020-08-29,216414.25914068182
15-24,West_Midlands,195,0,0,2020-08-29,1521347.7465233728
25-44,West_Midlands,195,0,0,2020-08-29,1491941.7643508296
45-64,West_Midlands,195,0,0,2020-08-29,753354.0048563707
65-74,West_Midlands,195,0,0,2020-08-29,584326.1137508729
75+,West_Midlands,195,0,0,2020-08-29,500934.8506820068
1-4,West_Midlands,196,0,0,2020-08-30,692584.7745597636
5-14,West_Midlands,196,0,0,2020-08-30,216414.25914068182
15-24,West_Midlands,196,0,0,2020-08-30,1521347.7465233728
25-44,West_Midlands,196,0,0,2020-08-30,1491941.7643508296
45-64,West_Midlands,196,0,0,2020-08-30,753354.0048563707
65-74,West_Midlands,196,0,0,2020-08-30,584326.1137508729
75+,West_Midlands,196,0,0,2020-08-30,500934.8506820068
1-4,West_Midlands,197,0,0,2020-08-31,692584.7745597636
5-14,West_Midlands,197,0,0,2020-08-31,216414.25914068182
15-24,West_Midlands,197,0,0,2020-08-31,1521347.7465233728
25-44,West_Midlands,197,0,0,2020-08-31,1491941.7643508296
45-64,West_Midlands,197,0,0,2020-08-31,753354.0048563707
65-74,West_Midlands,197,0,0,2020-08-31,584326.1137508729
75+,West_Midlands,197,0,0,2020-08-31,500934.8506820068
1-4,West_Midlands,198,0,0,2020-09-01,692584.7745597636
5-14,West_Midlands,198,0,0,2020-09-01,216414.25914068182
15-24,West_Midlands,198,0,0,2020-09-01,1521347.7465233728
25-44,West_Midlands,198,0,0,2020-09-01,1491941.7643508296
45-64,West_Midlands,198,0,0,2020-09-01,753354.0048563707
65-74,West_Midlands,198,0,0,2020-09-01,584326.1137508729
75+,West_Midlands,198,0,0,2020-09-01,500934.8506820068
1-4,West_Midlands,199,0,0,2020-09-02,692584.7745597636
5-14,West_Midlands,199,6.972618073420851,0.5290760060769871,2020-09-02,216414.25914068182
15-24,West_Midlands,199,8.053897215170759,0.483862965650366,2020-09-02,1521347.7465233728
25-44,West_Midlands,199,7.641011632859775,0.46899718277278374,2020-09-02,1491941.7643508296
45-64,West_Midlands,199,7.2343129200837755,0.4861807673565638,2020-09-02,753354.0048563707
65-74,West_Midlands,199,6.984563212539201,0.2966636009753732,2020-09-02,584326.1137508729
75+,West_Midlands,199,6.80716753816699,0.36128468290119903,2020-09-02,500934.8506820068
1-4,West_Midlands,200,0,0,2020-09-03,692584.7745597636
5-14,West_Midlands,200,0,0,2020-09-03,216414.25914068182
15-24,West_Midlands,200,0,0,2020-09-03,1521347.7465233728
25-44,West_Midlands,200,0,0,2020-09-03,1491941.7643508296
45-64,West_Midlands,200,0,0,2020-09-03,753354.0048563707
65-74,West_Midlands,200,0,0,2020-09-03,584326.1137508729
75+,West_Midlands,200,0,0,2020-09-03,500934.8506820068
1-4,West_Midlands,201,0,0,2020-09-04,692584.7745597636
5-14,West_Midlands,201,0,0,2020-09-04,216414.25914068182
15-24,West_Midlands,201,0,0,2020-09-04,1521347.7465233728
25-44,West_Midlands,201,0,0,2020-09-04,1491941.7643508296
45-64,West_Midlands,201,0,0,2020-09-04,753354.0048563707
65-74,West_Midlands,201,0,0,2020-09-04,584326.1137508729
75+,West_Midlands,201,0,0,2020-09-04,500934.8506820068
1-4,West_Midlands,202,0,0,2020-09-05,692584.7745597636
5-14,West_Midlands,202,0,0,2020-09-05,216414.25914068182
15-24,West_Midlands,202,0,0,2020-09-05,1521347.7465233728
25-44,West_Midlands,202,0,0,2020-09-05,1491941.7643508296
45-64,West_Midlands,202,0,0,2020-09-05,753354.0048563707
65-74,West_Midlands,202,0,0,2020-09-05,584326.1137508729
75+,West_Midlands,202,0,0,2020-09-05,500934.8506820068
1-4,West_Midlands,203,0,0,2020-09-06,692584.7745597636
5-14,West_Midlands,203,0,0,2020-09-06,216414.25914068182
15-24,West_Midlands,203,0,0,2020-09-06,1521347.7465233728
25-44,West_Midlands,203,0,0,2020-09-06,1491941.7643508296
45-64,West_Midlands,203,0,0,2020-09-06,753354.0048563707
65-74,West_Midlands,203,0,0,2020-09-06,584326.1137508729
75+,West_Midlands,203,0,0,2020-09-06,500934.8506820068
1-4,West_Midlands,204,0,0,2020-09-07,692584.7745597636
5-14,West_Midlands,204,0,0,2020-09-07,216414.25914068182
15-24,West_Midlands,204,0,0,2020-09-07,1521347.7465233728
25-44,West_Midlands,204,0,0,2020-09-07,1491941.7643508296
45-64,West_Midlands,204,0,0,2020-09-07,753354.0048563707
65-74,West_Midlands,204,0,0,2020-09-07,584326.1137508729
75+,West_Midlands,204,0,0,2020-09-07,500934.8506820068
1-4,West_Midlands,205,0,0,2020-09-08,692584.7745597636
5-14,West_Midlands,205,0,0,2020-09-08,216414.25914068182
15-24,West_Midlands,205,0,0,2020-09-08,1521347.7465233728
25-44,West_Midlands,205,0,0,2020-09-08,1491941.7643508296
45-64,West_Midlands,205,0,0,2020-09-08,753354.0048563707
65-74,West_Midlands,205,0,0,2020-09-08,584326.1137508729
75+,West_Midlands,205,0,0,2020-09-08,500934.8506820068
1-4,West_Midlands,206,0,0,2020-09-09,692584.7745597636
5-14,West_Midlands,206,0,0,2020-09-09,216414.25914068182
15-24,West_Midlands,206,0,0,2020-09-09,1521347.7465233728
25-44,West_Midlands,206,0,0,2020-09-09,1491941.7643508296
45-64,West_Midlands,206,0,0,2020-09-09,753354.0048563707
65-74,West_Midlands,206,0,0,2020-09-09,584326.1137508729
75+,West_Midlands,206,0,0,2020-09-09,500934.8506820068
1-4,West_Midlands,207,0,0,2020-09-10,692584.7745597636
5-14,West_Midlands,207,0,0,2020-09-10,216414.25914068182
15-24,West_Midlands,207,0,0,2020-09-10,1521347.7465233728
25-44,West_Midlands,207,0,0,2020-09-10,1491941.7643508296
45-64,West_Midlands,207,0,0,2020-09-10,753354.0048563707
65-74,West_Midlands,207,0,0,2020-09-10,584326.1137508729
75+,West_Midlands,207,0,0,2020-09-10,500934.8506820068
1-4,West_Midlands,208,0,0,2020-09-11,692584.7745597636
5-14,West_Midlands,208,0,0,2020-09-11,216414.25914068182
15-24,West_Midlands,208,0,0,2020-09-11,1521347.7465233728
25-44,West_Midlands,208,0,0,2020-09-11,1491941.7643508296
45-64,West_Midlands,208,0,0,2020-09-11,753354.0048563707
65-74,West_Midlands,208,0,0,2020-09-11,584326.1137508729
75+,West_Midlands,208,0,0,2020-09-11,500934.8506820068
1-4,West_Midlands,209,0,0,2020-09-12,692584.7745597636
5-14,West_Midlands,209,0,0,2020-09-12,216414.25914068182
15-24,West_Midlands,209,0,0,2020-09-12,1521347.7465233728
25-44,West_Midlands,209,0,0,2020-09-12,1491941.7643508296
45-64,West_Midlands,209,0,0,2020-09-12,753354.0048563707
65-74,West_Midlands,209,0,0,2020-09-12,584326.1137508729
75+,West_Midlands,209,0,0,2020-09-12,500934.8506820068
1-4,West_Midlands,210,0,0,2020-09-13,692584.7745597636
5-14,West_Midlands,210,0,0,2020-09-13,216414.25914068182
15-24,West_Midlands,210,0,0,2020-09-13,1521347.7465233728
25-44,West_Midlands,210,0,0,2020-09-13,1491941.7643508296
45-64,West_Midlands,210,0,0,2020-09-13,753354.0048563707
65-74,West_Midlands,210,0,0,2020-09-13,584326.1137508729
75+,West_Midlands,210,0,0,2020-09-13,500934.8506820068
1-4,West_Midlands,211,0,0,2020-09-14,692584.7745597636
5-14,West_Midlands,211,0,0,2020-09-14,216414.25914068182
15-24,West_Midlands,211,0,0,2020-09-14,1521347.7465233728
25-44,West_Midlands,211,0,0,2020-09-14,1491941.7643508296
45-64,West_Midlands,211,0,0,2020-09-14,753354.0048563707
65-74,West_Midlands,211,0,0,2020-09-14,584326.1137508729
75+,West_Midlands,211,0,0,2020-09-14,500934.8506820068
1-4,West_Midlands,212,0,0,2020-09-15,692584.7745597636
5-14,West_Midlands,212,0,0,2020-09-15,216414.25914068182
15-24,West_Midlands,212,0,0,2020-09-15,1521347.7465233728
25-44,West_Midlands,212,0,0,2020-09-15,1491941.7643508296
45-64,West_Midlands,212,0,0,2020-09-15,753354.0048563707
65-74,West_Midlands,212,0,0,2020-09-15,584326.1137508729
75+,West_Midlands,212,0,0,2020-09-15,500934.8506820068
1-4,West_Midlands,213,0,0,2020-09-16,692584.7745597636
5-14,West_Midlands,213,6.790390570484993,0.5112672696313725,2020-09-16,216414.25914068182
15-24,West_Midlands,213,8.176042282548751,0.45710104964626663,2020-09-16,1521347.7465233728
25-44,West_Midlands,213,7.9188153594430215,0.43813208930695413,2020-09-16,1491941.7643508296
45-64,West_Midlands,213,7.372139101971916,0.4604150112560378,2020-09-16,753354.0048563707
65-74,West_Midlands,213,7.0407898372031434,0.26050686577345444,2020-09-16,584326.1137508729
75+,West_Midlands,213,6.570170817808692,0.33807682136292677,2020-09-16,500934.8506820068
1-4,West_Midlands,214,0,0,2020-09-17,692584.7745597636
5-14,West_Midlands,214,0,0,2020-09-17,216414.25914068182
15-24,West_Midlands,214,0,0,2020-09-17,1521347.7465233728
25-44,West_Midlands,214,0,0,2020-09-17,1491941.7643508296
45-64,West_Midlands,214,0,0,2020-09-17,753354.0048563707
65-74,West_Midlands,214,0,0,2020-09-17,584326.1137508729
75+,West_Midlands,214,0,0,2020-09-17,500934.8506820068
1-4,West_Midlands,215,0,0,2020-09-18,692584.7745597636
5-14,West_Midlands,215,0,0,2020-09-18,216414.25914068182
15-24,West_Midlands,215,0,0,2020-09-18,1521347.7465233728
25-44,West_Midlands,215,0,0,2020-09-18,1491941.7643508296
45-64,West_Midlands,215,0,0,2020-09-18,753354.0048563707
65-74,West_Midlands,215,0,0,2020-09-18,584326.1137508729
75+,West_Midlands,215,0,0,2020-09-18,500934.8506820068
1-4,West_Midlands,216,0,0,2020-09-19,692584.7745597636
5-14,West_Midlands,216,0,0,2020-09-19,216414.25914068182
15-24,West_Midlands,216,0,0,2020-09-19,1521347.7465233728
25-44,West_Midlands,216,0,0,2020-09-19,1491941.7643508296
45-64,West_Midlands,216,0,0,2020-09-19,753354.0048563707
65-74,West_Midlands,216,0,0,2020-09-19,584326.1137508729
75+,West_Midlands,216,0,0,2020-09-19,500934.8506820068
1-4,West_Midlands,217,0,0,2020-09-20,692584.7745597636
5-14,West_Midlands,217,0,0,2020-09-20,216414.25914068182
15-24,West_Midlands,217,0,0,2020-09-20,1521347.7465233728
25-44,West_Midlands,217,0,0,2020-09-20,1491941.7643508296
45-64,West_Midlands,217,0,0,2020-09-20,753354.0048563707
65-74,West_Midlands,217,0,0,2020-09-20,584326.1137508729
75+,West_Midlands,217,0,0,2020-09-20,500934.8506820068
1-4,West_Midlands,218,0,0,2020-09-21,692584.7745597636
5-14,West_Midlands,218,0,0,2020-09-21,216414.25914068182
15-24,West_Midlands,218,0,0,2020-09-21,1521347.7465233728
25-44,West_Midlands,218,0,0,2020-09-21,1491941.7643508296
45-64,West_Midlands,218,0,0,2020-09-21,753354.0048563707
65-74,West_Midlands,218,0,0,2020-09-21,584326.1137508729
75+,West_Midlands,218,0,0,2020-09-21,500934.8506820068
1-4,West_Midlands,219,0,0,2020-09-22,692584.7745597636
5-14,West_Midlands,219,0,0,2020-09-22,216414.25914068182
15-24,West_Midlands,219,0,0,2020-09-22,1521347.7465233728
25-44,West_Midlands,219,0,0,2020-09-22,1491941.7643508296
45-64,West_Midlands,219,0,0,2020-09-22,753354.0048563707
65-74,West_Midlands,219,0,0,2020-09-22,584326.1137508729
75+,West_Midlands,219,0,0,2020-09-22,500934.8506820068
1-4,West_Midlands,220,0,0,2020-09-23,692584.7745597636
5-14,West_Midlands,220,0,0,2020-09-23,216414.25914068182
15-24,West_Midlands,220,0,0,2020-09-23,1521347.7465233728
25-44,West_Midlands,220,0,0,2020-09-23,1491941.7643508296
45-64,West_Midlands,220,0,0,2020-09-23,753354.0048563707
65-74,West_Midlands,220,0,0,2020-09-23,584326.1137508729
75+,West_Midlands,220,0,0,2020-09-23,500934.8506820068
1-4,West_Midlands,221,0,0,2020-09-24,692584.7745597636
5-14,West_Midlands,221,0,0,2020-09-24,216414.25914068182
15-24,West_Midlands,221,0,0,2020-09-24,1521347.7465233728
25-44,West_Midlands,221,0,0,2020-09-24,1491941.7643508296
45-64,West_Midlands,221,0,0,2020-09-24,753354.0048563707
65-74,West_Midlands,221,0,0,2020-09-24,584326.1137508729
75+,West_Midlands,221,0,0,2020-09-24,500934.8506820068
1-4,West_Midlands,222,0,0,2020-09-25,692584.7745597636
5-14,West_Midlands,222,0,0,2020-09-25,216414.25914068182
15-24,West_Midlands,222,0,0,2020-09-25,1521347.7465233728
25-44,West_Midlands,222,0,0,2020-09-25,1491941.7643508296
45-64,West_Midlands,222,0,0,2020-09-25,753354.0048563707
65-74,West_Midlands,222,0,0,2020-09-25,584326.1137508729
75+,West_Midlands,222,0,0,2020-09-25,500934.8506820068
1-4,West_Midlands,223,0,0,2020-09-26,692584.7745597636
5-14,West_Midlands,223,0,0,2020-09-26,216414.25914068182
15-24,West_Midlands,223,0,0,2020-09-26,1521347.7465233728
25-44,West_Midlands,223,0,0,2020-09-26,1491941.7643508296
45-64,West_Midlands,223,0,0,2020-09-26,753354.0048563707
65-74,West_Midlands,223,0,0,2020-09-26,584326.1137508729
75+,West_Midlands,223,0,0,2020-09-26,500934.8506820068
1-4,West_Midlands,224,0,0,2020-09-27,692584.7745597636
5-14,West_Midlands,224,0,0,2020-09-27,216414.25914068182
15-24,West_Midlands,224,0,0,2020-09-27,1521347.7465233728
25-44,West_Midlands,224,0,0,2020-09-27,1491941.7643508296
45-64,West_Midlands,224,0,0,2020-09-27,753354.0048563707
65-74,West_Midlands,224,0,0,2020-09-27,584326.1137508729
75+,West_Midlands,224,0,0,2020-09-27,500934.8506820068
1-4,West_Midlands,225,0,0,2020-09-28,692584.7745597636
5-14,West_Midlands,225,0,0,2020-09-28,216414.25914068182
15-24,West_Midlands,225,0,0,2020-09-28,1521347.7465233728
25-44,West_Midlands,225,0,0,2020-09-28,1491941.7643508296
45-64,West_Midlands,225,0,0,2020-09-28,753354.0048563707
65-74,West_Midlands,225,0,0,2020-09-28,584326.1137508729
75+,West_Midlands,225,0,0,2020-09-28,500934.8506820068
1-4,West_Midlands,226,0,0,2020-09-29,692584.7745597636
5-14,West_Midlands,226,0,0,2020-09-29,216414.25914068182
15-24,West_Midlands,226,0,0,2020-09-29,1521347.7465233728
25-44,West_Midlands,226,0,0,2020-09-29,1491941.7643508296
45-64,West_Midlands,226,0,0,2020-09-29,753354.0048563707
65-74,West_Midlands,226,0,0,2020-09-29,584326.1137508729
75+,West_Midlands,226,0,0,2020-09-29,500934.8506820068
1-4,West_Midlands,227,0,0,2020-09-30,692584.7745597636
5-14,West_Midlands,227,6.918375736711678,0.48519772405948447,2020-09-30,216414.25914068182
15-24,West_Midlands,227,8.728544714570349,0.42202878957954465,2020-09-30,1521347.7465233728
25-44,West_Midlands,227,8.54644333305991,0.41158258492569777,2020-09-30,1491941.7643508296
45-64,West_Midlands,227,7.949438417823041,0.42544842993111176,2020-09-30,753354.0048563707
65-74,West_Midlands,227,7.474886618994068,0.1965508151278475,2020-09-30,584326.1137508729
75+,West_Midlands,227,6.695508608161665,0.29328019031599,2020-09-30,500934.8506820068
1-4,West_Midlands,228,0,0,2020-10-01,692584.7745597636
5-14,West_Midlands,228,0,0,2020-10-01,216414.25914068182
15-24,West_Midlands,228,0,0,2020-10-01,1521347.7465233728
25-44,West_Midlands,228,0,0,2020-10-01,1491941.7643508296
45-64,West_Midlands,228,0,0,2020-10-01,753354.0048563707
65-74,West_Midlands,228,0,0,2020-10-01,584326.1137508729
75+,West_Midlands,228,0,0,2020-10-01,500934.8506820068
1-4,West_Midlands,229,0,0,2020-10-02,692584.7745597636
5-14,West_Midlands,229,0,0,2020-10-02,216414.25914068182
15-24,West_Midlands,229,0,0,2020-10-02,1521347.7465233728
25-44,West_Midlands,229,0,0,2020-10-02,1491941.7643508296
45-64,West_Midlands,229,0,0,2020-10-02,753354.0048563707
65-74,West_Midlands,229,0,0,2020-10-02,584326.1137508729
75+,West_Midlands,229,0,0,2020-10-02,500934.8506820068
1-4,West_Midlands,230,0,0,2020-10-03,692584.7745597636
5-14,West_Midlands,230,0,0,2020-10-03,216414.25914068182
15-24,West_Midlands,230,0,0,2020-10-03,1521347.7465233728
25-44,West_Midlands,230,0,0,2020-10-03,1491941.7643508296
45-64,West_Midlands,230,0,0,2020-10-03,753354.0048563707
65-74,West_Midlands,230,0,0,2020-10-03,584326.1137508729
75+,West_Midlands,230,0,0,2020-10-03,500934.8506820068
1-4,West_Midlands,231,0,0,2020-10-04,692584.7745597636
5-14,West_Midlands,231,0,0,2020-10-04,216414.25914068182
15-24,West_Midlands,231,0,0,2020-10-04,1521347.7465233728
25-44,West_Midlands,231,0,0,2020-10-04,1491941.7643508296
45-64,West_Midlands,231,0,0,2020-10-04,753354.0048563707
65-74,West_Midlands,231,0,0,2020-10-04,584326.1137508729
75+,West_Midlands,231,0,0,2020-10-04,500934.8506820068
1-4,West_Midlands,232,0,0,2020-10-05,692584.7745597636
5-14,West_Midlands,232,0,0,2020-10-05,216414.25914068182
15-24,West_Midlands,232,0,0,2020-10-05,1521347.7465233728
25-44,West_Midlands,232,0,0,2020-10-05,1491941.7643508296
45-64,West_Midlands,232,0,0,2020-10-05,753354.0048563707
65-74,West_Midlands,232,0,0,2020-10-05,584326.1137508729
75+,West_Midlands,232,0,0,2020-10-05,500934.8506820068
1-4,West_Midlands,233,0,0,2020-10-06,692584.7745597636
5-14,West_Midlands,233,0,0,2020-10-06,216414.25914068182
15-24,West_Midlands,233,0,0,2020-10-06,1521347.7465233728
25-44,West_Midlands,233,0,0,2020-10-06,1491941.7643508296
45-64,West_Midlands,233,0,0,2020-10-06,753354.0048563707
65-74,West_Midlands,233,0,0,2020-10-06,584326.1137508729
75+,West_Midlands,233,0,0,2020-10-06,500934.8506820068
1-4,West_Midlands,234,0,0,2020-10-07,692584.7745597636
5-14,West_Midlands,234,0,0,2020-10-07,216414.25914068182
15-24,West_Midlands,234,0,0,2020-10-07,1521347.7465233728
25-44,West_Midlands,234,0,0,2020-10-07,1491941.7643508296
45-64,West_Midlands,234,0,0,2020-10-07,753354.0048563707
65-74,West_Midlands,234,0,0,2020-10-07,584326.1137508729
75+,West_Midlands,234,0,0,2020-10-07,500934.8506820068
1-4,West_Midlands,235,0,0,2020-10-08,692584.7745597636
5-14,West_Midlands,235,0,0,2020-10-08,216414.25914068182
15-24,West_Midlands,235,0,0,2020-10-08,1521347.7465233728
25-44,West_Midlands,235,0,0,2020-10-08,1491941.7643508296
45-64,West_Midlands,235,0,0,2020-10-08,753354.0048563707
65-74,West_Midlands,235,0,0,2020-10-08,584326.1137508729
75+,West_Midlands,235,0,0,2020-10-08,500934.8506820068
1-4,West_Midlands,236,0,0,2020-10-09,692584.7745597636
5-14,West_Midlands,236,0,0,2020-10-09,216414.25914068182
15-24,West_Midlands,236,0,0,2020-10-09,1521347.7465233728
25-44,West_Midlands,236,0,0,2020-10-09,1491941.7643508296
45-64,West_Midlands,236,0,0,2020-10-09,753354.0048563707
65-74,West_Midlands,236,0,0,2020-10-09,584326.1137508729
75+,West_Midlands,236,0,0,2020-10-09,500934.8506820068
1-4,West_Midlands,237,0,0,2020-10-10,692584.7745597636
5-14,West_Midlands,237,0,0,2020-10-10,216414.25914068182
15-24,West_Midlands,237,0,0,2020-10-10,1521347.7465233728
25-44,West_Midlands,237,0,0,2020-10-10,1491941.7643508296
45-64,West_Midlands,237,0,0,2020-10-10,753354.0048563707
65-74,West_Midlands,237,0,0,2020-10-10,584326.1137508729
75+,West_Midlands,237,0,0,2020-10-10,500934.8506820068
1-4,West_Midlands,238,0,0,2020-10-11,692584.7745597636
5-14,West_Midlands,238,0,0,2020-10-11,216414.25914068182
15-24,West_Midlands,238,0,0,2020-10-11,1521347.7465233728
25-44,West_Midlands,238,0,0,2020-10-11,1491941.7643508296
45-64,West_Midlands,238,0,0,2020-10-11,753354.0048563707
65-74,West_Midlands,238,0,0,2020-10-11,584326.1137508729
75+,West_Midlands,238,0,0,2020-10-11,500934.8506820068
1-4,West_Midlands,239,0,0,2020-10-12,692584.7745597636
5-14,West_Midlands,239,0,0,2020-10-12,216414.25914068182
15-24,West_Midlands,239,0,0,2020-10-12,1521347.7465233728
25-44,West_Midlands,239,0,0,2020-10-12,1491941.7643508296
45-64,West_Midlands,239,0,0,2020-10-12,753354.0048563707
65-74,West_Midlands,239,0,0,2020-10-12,584326.1137508729
75+,West_Midlands,239,0,0,2020-10-12,500934.8506820068
1-4,West_Midlands,240,0,0,2020-10-13,692584.7745597636
5-14,West_Midlands,240,0,0,2020-10-13,216414.25914068182
15-24,West_Midlands,240,0,0,2020-10-13,1521347.7465233728
25-44,West_Midlands,240,0,0,2020-10-13,1491941.7643508296
45-64,West_Midlands,240,0,0,2020-10-13,753354.0048563707
65-74,West_Midlands,240,0,0,2020-10-13,584326.1137508729
75+,West_Midlands,240,0,0,2020-10-13,500934.8506820068
1-4,West_Midlands,241,0,0,2020-10-14,692584.7745597636
5-14,West_Midlands,241,7.3038076070319216,0.46231163991068613,2020-10-14,216414.25914068182
15-24,West_Midlands,241,9.526516412459468,0.4042910005528679,2020-10-14,1521347.7465233728
25-44,West_Midlands,241,9.264089930061457,0.39631485877626205,2020-10-14,1491941.7643508296
45-64,West_Midlands,241,8.683761996046114,0.40538779292179244,2020-10-14,753354.0048563707
65-74,West_Midlands,241,8.1534734733567,0.14622217539968693,2020-10-14,584326.1137508729
75+,West_Midlands,241,7.202614899846496,0.24322333762709772,2020-10-14,500934.8506820068
1-4,West_Midlands,242,0,0,2020-10-15,692584.7745597636
5-14,West_Midlands,242,0,0,2020-10-15,216414.25914068182
15-24,West_Midlands,242,0,0,2020-10-15,1521347.7465233728
25-44,West_Midlands,242,0,0,2020-10-15,1491941.7643508296
45-64,West_Midlands,242,0,0,2020-10-15,753354.0048563707
65-74,West_Midlands,242,0,0,2020-10-15,584326.1137508729
75+,West_Midlands,242,0,0,2020-10-15,500934.8506820068
1-4,West_Midlands,243,0,0,2020-10-16,692584.7745597636
5-14,West_Midlands,243,0,0,2020-10-16,216414.25914068182
15-24,West_Midlands,243,0,0,2020-10-16,1521347.7465233728
25-44,West_Midlands,243,0,0,2020-10-16,1491941.7643508296
45-64,West_Midlands,243,0,0,2020-10-16,753354.0048563707
65-74,West_Midlands,243,0,0,2020-10-16,584326.1137508729
75+,West_Midlands,243,0,0,2020-10-16,500934.8506820068
1-4,West_Midlands,244,0,0,2020-10-17,692584.7745597636
5-14,West_Midlands,244,0,0,2020-10-17,216414.25914068182
15-24,West_Midlands,244,0,0,2020-10-17,1521347.7465233728
25-44,West_Midlands,244,0,0,2020-10-17,1491941.7643508296
45-64,West_Midlands,244,0,0,2020-10-17,753354.0048563707
65-74,West_Midlands,244,0,0,2020-10-17,584326.1137508729
75+,West_Midlands,244,0,0,2020-10-17,500934.8506820068
1-4,West_Midlands,245,0,0,2020-10-18,692584.7745597636
5-14,West_Midlands,245,0,0,2020-10-18,216414.25914068182
15-24,West_Midlands,245,0,0,2020-10-18,1521347.7465233728
25-44,West_Midlands,245,0,0,2020-10-18,1491941.7643508296
45-64,West_Midlands,245,0,0,2020-10-18,753354.0048563707
65-74,West_Midlands,245,0,0,2020-10-18,584326.1137508729
75+,West_Midlands,245,0,0,2020-10-18,500934.8506820068
1-4,West_Midlands,246,0,0,2020-10-19,692584.7745597636
5-14,West_Midlands,246,0,0,2020-10-19,216414.25914068182
15-24,West_Midlands,246,0,0,2020-10-19,1521347.7465233728
25-44,West_Midlands,246,0,0,2020-10-19,1491941.7643508296
45-64,West_Midlands,246,0,0,2020-10-19,753354.0048563707
65-74,West_Midlands,246,0,0,2020-10-19,584326.1137508729
75+,West_Midlands,246,0,0,2020-10-19,500934.8506820068
1-4,West_Midlands,247,0,0,2020-10-20,692584.7745597636
5-14,West_Midlands,247,0,0,2020-10-20,216414.25914068182
15-24,West_Midlands,247,0,0,2020-10-20,1521347.7465233728
25-44,West_Midlands,247,0,0,2020-10-20,1491941.7643508296
45-64,West_Midlands,247,0,0,2020-10-20,753354.0048563707
65-74,West_Midlands,247,0,0,2020-10-20,584326.1137508729
75+,West_Midlands,247,0,0,2020-10-20,500934.8506820068
1-4,West_Midlands,248,0,0,2020-10-21,692584.7745597636
5-14,West_Midlands,248,0,0,2020-10-21,216414.25914068182
15-24,West_Midlands,248,0,0,2020-10-21,1521347.7465233728
25-44,West_Midlands,248,0,0,2020-10-21,1491941.7643508296
45-64,West_Midlands,248,0,0,2020-10-21,753354.0048563707
65-74,West_Midlands,248,0,0,2020-10-21,584326.1137508729
75+,West_Midlands,248,0,0,2020-10-21,500934.8506820068
1-4,West_Midlands,249,0,0,2020-10-22,692584.7745597636
5-14,West_Midlands,249,0,0,2020-10-22,216414.25914068182
15-24,West_Midlands,249,0,0,2020-10-22,1521347.7465233728
25-44,West_Midlands,249,0,0,2020-10-22,1491941.7643508296
45-64,West_Midlands,249,0,0,2020-10-22,753354.0048563707
65-74,West_Midlands,249,0,0,2020-10-22,584326.1137508729
75+,West_Midlands,249,0,0,2020-10-22,500934.8506820068
1-4,West_Midlands,250,0,0,2020-10-23,692584.7745597636
5-14,West_Midlands,250,0,0,2020-10-23,216414.25914068182
15-24,West_Midlands,250,0,0,2020-10-23,1521347.7465233728
25-44,West_Midlands,250,0,0,2020-10-23,1491941.7643508296
45-64,West_Midlands,250,0,0,2020-10-23,753354.0048563707
65-74,West_Midlands,250,0,0,2020-10-23,584326.1137508729
75+,West_Midlands,250,0,0,2020-10-23,500934.8506820068
1-4,West_Midlands,251,0,0,2020-10-24,692584.7745597636
5-14,West_Midlands,251,0,0,2020-10-24,216414.25914068182
15-24,West_Midlands,251,0,0,2020-10-24,1521347.7465233728
25-44,West_Midlands,251,0,0,2020-10-24,1491941.7643508296
45-64,West_Midlands,251,0,0,2020-10-24,753354.0048563707
65-74,West_Midlands,251,0,0,2020-10-24,584326.1137508729
75+,West_Midlands,251,0,0,2020-10-24,500934.8506820068
1-4,West_Midlands,252,0,0,2020-10-25,692584.7745597636
5-14,West_Midlands,252,0,0,2020-10-25,216414.25914068182
15-24,West_Midlands,252,0,0,2020-10-25,1521347.7465233728
25-44,West_Midlands,252,0,0,2020-10-25,1491941.7643508296
45-64,West_Midlands,252,0,0,2020-10-25,753354.0048563707
65-74,West_Midlands,252,0,0,2020-10-25,584326.1137508729
75+,West_Midlands,252,0,0,2020-10-25,500934.8506820068
1-4,West_Midlands,253,0,0,2020-10-26,692584.7745597636
5-14,West_Midlands,253,0,0,2020-10-26,216414.25914068182
15-24,West_Midlands,253,0,0,2020-10-26,1521347.7465233728
25-44,West_Midlands,253,0,0,2020-10-26,1491941.7643508296
45-64,West_Midlands,253,0,0,2020-10-26,753354.0048563707
65-74,West_Midlands,253,0,0,2020-10-26,584326.1137508729
75+,West_Midlands,253,0,0,2020-10-26,500934.8506820068
1-4,West_Midlands,254,0,0,2020-10-27,692584.7745597636
5-14,West_Midlands,254,0,0,2020-10-27,216414.25914068182
15-24,West_Midlands,254,0,0,2020-10-27,1521347.7465233728
25-44,West_Midlands,254,0,0,2020-10-27,1491941.7643508296
45-64,West_Midlands,254,0,0,2020-10-27,753354.0048563707
65-74,West_Midlands,254,0,0,2020-10-27,584326.1137508729
75+,West_Midlands,254,0,0,2020-10-27,500934.8506820068
1-4,West_Midlands,255,0,0,2020-10-28,692584.7745597636
5-14,West_Midlands,255,7.525636818439893,0.45163848807040835,2020-10-28,216414.25914068182
15-24,West_Midlands,255,10.116795662434065,0.39614463284846174,2020-10-28,1521347.7465233728
25-44,West_Midlands,255,9.742914049336962,0.3912342240333261,2020-10-28,1491941.7643508296
45-64,West_Midlands,255,9.105072955111753,0.3974883012898619,2020-10-28,753354.0048563707
65-74,West_Midlands,255,8.595533899247352,0.1313707229008633,2020-10-28,584326.1137508729
75+,West_Midlands,255,7.682438072273759,0.2145848726267278,2020-10-28,500934.8506820068
1-4,West_Midlands,256,0,0,2020-10-29,692584.7745597636
5-14,West_Midlands,256,0,0,2020-10-29,216414.25914068182
15-24,West_Midlands,256,0,0,2020-10-29,1521347.7465233728
25-44,West_Midlands,256,0,0,2020-10-29,1491941.7643508296
45-64,West_Midlands,256,0,0,2020-10-29,753354.0048563707
65-74,West_Midlands,256,0,0,2020-10-29,584326.1137508729
75+,West_Midlands,256,0,0,2020-10-29,500934.8506820068
1-4,West_Midlands,257,0,0,2020-10-30,692584.7745597636
5-14,West_Midlands,257,0,0,2020-10-30,216414.25914068182
15-24,West_Midlands,257,0,0,2020-10-30,1521347.7465233728
25-44,West_Midlands,257,0,0,2020-10-30,1491941.7643508296
45-64,West_Midlands,257,0,0,2020-10-30,753354.0048563707
65-74,West_Midlands,257,0,0,2020-10-30,584326.1137508729
75+,West_Midlands,257,0,0,2020-10-30,500934.8506820068
1-4,West_Midlands,258,0,0,2020-10-31,692584.7745597636
5-14,West_Midlands,258,0,0,2020-10-31,216414.25914068182
15-24,West_Midlands,258,0,0,2020-10-31,1521347.7465233728
25-44,West_Midlands,258,0,0,2020-10-31,1491941.7643508296
45-64,West_Midlands,258,0,0,2020-10-31,753354.0048563707
65-74,West_Midlands,258,0,0,2020-10-31,584326.1137508729
75+,West_Midlands,258,0,0,2020-10-31,500934.8506820068
1-4,West_Midlands,259,0,0,2020-11-01,692584.7745597636
5-14,West_Midlands,259,0,0,2020-11-01,216414.25914068182
15-24,West_Midlands,259,0,0,2020-11-01,1521347.7465233728
25-44,West_Midlands,259,0,0,2020-11-01,1491941.7643508296
45-64,West_Midlands,259,0,0,2020-11-01,753354.0048563707
65-74,West_Midlands,259,0,0,2020-11-01,584326.1137508729
75+,West_Midlands,259,0,0,2020-11-01,500934.8506820068
1-4,West_Midlands,260,0,0,2020-11-02,692584.7745597636
5-14,West_Midlands,260,0,0,2020-11-02,216414.25914068182
15-24,West_Midlands,260,0,0,2020-11-02,1521347.7465233728
25-44,West_Midlands,260,0,0,2020-11-02,1491941.7643508296
45-64,West_Midlands,260,0,0,2020-11-02,753354.0048563707
65-74,West_Midlands,260,0,0,2020-11-02,584326.1137508729
75+,West_Midlands,260,0,0,2020-11-02,500934.8506820068
1-4,West_Midlands,261,0,0,2020-11-03,692584.7745597636
5-14,West_Midlands,261,0,0,2020-11-03,216414.25914068182
15-24,West_Midlands,261,0,0,2020-11-03,1521347.7465233728
25-44,West_Midlands,261,0,0,2020-11-03,1491941.7643508296
45-64,West_Midlands,261,0,0,2020-11-03,753354.0048563707
65-74,West_Midlands,261,0,0,2020-11-03,584326.1137508729
75+,West_Midlands,261,0,0,2020-11-03,500934.8506820068
1-4,West_Midlands,262,0,0,2020-11-04,692584.7745597636
5-14,West_Midlands,262,0,0,2020-11-04,216414.25914068182
15-24,West_Midlands,262,0,0,2020-11-04,1521347.7465233728
25-44,West_Midlands,262,0,0,2020-11-04,1491941.7643508296
45-64,West_Midlands,262,0,0,2020-11-04,753354.0048563707
65-74,West_Midlands,262,0,0,2020-11-04,584326.1137508729
75+,West_Midlands,262,0,0,2020-11-04,500934.8506820068
1-4,West_Midlands,263,0,0,2020-11-05,692584.7745597636
5-14,West_Midlands,263,0,0,2020-11-05,216414.25914068182
15-24,West_Midlands,263,0,0,2020-11-05,1521347.7465233728
25-44,West_Midlands,263,0,0,2020-11-05,1491941.7643508296
45-64,West_Midlands,263,0,0,2020-11-05,753354.0048563707
65-74,West_Midlands,263,0,0,2020-11-05,584326.1137508729
75+,West_Midlands,263,0,0,2020-11-05,500934.8506820068
1-4,West_Midlands,264,0,0,2020-11-06,692584.7745597636
5-14,West_Midlands,264,0,0,2020-11-06,216414.25914068182
15-24,West_Midlands,264,0,0,2020-11-06,1521347.7465233728
25-44,West_Midlands,264,0,0,2020-11-06,1491941.7643508296
45-64,West_Midlands,264,0,0,2020-11-06,753354.0048563707
65-74,West_Midlands,264,0,0,2020-11-06,584326.1137508729
75+,West_Midlands,264,0,0,2020-11-06,500934.8506820068
1-4,West_Midlands,265,0,0,2020-11-07,692584.7745597636
5-14,West_Midlands,265,0,0,2020-11-07,216414.25914068182
15-24,West_Midlands,265,0,0,2020-11-07,1521347.7465233728
25-44,West_Midlands,265,0,0,2020-11-07,1491941.7643508296
45-64,West_Midlands,265,0,0,2020-11-07,753354.0048563707
65-74,West_Midlands,265,0,0,2020-11-07,584326.1137508729
75+,West_Midlands,265,0,0,2020-11-07,500934.8506820068
1-4,West_Midlands,266,0,0,2020-11-08,692584.7745597636
5-14,West_Midlands,266,0,0,2020-11-08,216414.25914068182
15-24,West_Midlands,266,0,0,2020-11-08,1521347.7465233728
25-44,West_Midlands,266,0,0,2020-11-08,1491941.7643508296
45-64,West_Midlands,266,0,0,2020-11-08,753354.0048563707
65-74,West_Midlands,266,0,0,2020-11-08,584326.1137508729
75+,West_Midlands,266,0,0,2020-11-08,500934.8506820068
1-4,West_Midlands,267,0,0,2020-11-09,692584.7745597636
5-14,West_Midlands,267,0,0,2020-11-09,216414.25914068182
15-24,West_Midlands,267,0,0,2020-11-09,1521347.7465233728
25-44,West_Midlands,267,0,0,2020-11-09,1491941.7643508296
45-64,West_Midlands,267,0,0,2020-11-09,753354.0048563707
65-74,West_Midlands,267,0,0,2020-11-09,584326.1137508729
75+,West_Midlands,267,0,0,2020-11-09,500934.8506820068
1-4,West_Midlands,268,0,0,2020-11-10,692584.7745597636
5-14,West_Midlands,268,0,0,2020-11-10,216414.25914068182
15-24,West_Midlands,268,0,0,2020-11-10,1521347.7465233728
25-44,West_Midlands,268,0,0,2020-11-10,1491941.7643508296
45-64,West_Midlands,268,0,0,2020-11-10,753354.0048563707
65-74,West_Midlands,268,0,0,2020-11-10,584326.1137508729
75+,West_Midlands,268,0,0,2020-11-10,500934.8506820068
1-4,West_Midlands,269,0,0,2020-11-11,692584.7745597636
5-14,West_Midlands,269,7.575029678327544,0.4528320547767714,2020-11-11,216414.25914068182
15-24,West_Midlands,269,10.447519128436538,0.3904510226579062,2020-11-11,1521347.7465233728
25-44,West_Midlands,269,10.00344099730627,0.3849241396919502,2020-11-11,1491941.7643508296
45-64,West_Midlands,269,9.294029607005013,0.3952113340407553,2020-11-11,753354.0048563707
65-74,West_Midlands,269,8.727259702193933,0.13004646228087846,2020-11-11,584326.1137508729
75+,West_Midlands,269,8.023695326351426,0.1952591134628972,2020-11-11,500934.8506820068
1-4,West_Midlands,270,0,0,2020-11-12,692584.7745597636
5-14,West_Midlands,270,0,0,2020-11-12,216414.25914068182
15-24,West_Midlands,270,0,0,2020-11-12,1521347.7465233728
25-44,West_Midlands,270,0,0,2020-11-12,1491941.7643508296
45-64,West_Midlands,270,0,0,2020-11-12,753354.0048563707
65-74,West_Midlands,270,0,0,2020-11-12,584326.1137508729
75+,West_Midlands,270,0,0,2020-11-12,500934.8506820068
1-4,West_Midlands,271,0,0,2020-11-13,692584.7745597636
5-14,West_Midlands,271,0,0,2020-11-13,216414.25914068182
15-24,West_Midlands,271,0,0,2020-11-13,1521347.7465233728
25-44,West_Midlands,271,0,0,2020-11-13,1491941.7643508296
45-64,West_Midlands,271,0,0,2020-11-13,753354.0048563707
65-74,West_Midlands,271,0,0,2020-11-13,584326.1137508729
75+,West_Midlands,271,0,0,2020-11-13,500934.8506820068
1-4,West_Midlands,272,0,0,2020-11-14,692584.7745597636
5-14,West_Midlands,272,0,0,2020-11-14,216414.25914068182
15-24,West_Midlands,272,0,0,2020-11-14,1521347.7465233728
25-44,West_Midlands,272,0,0,2020-11-14,1491941.7643508296
45-64,West_Midlands,272,0,0,2020-11-14,753354.0048563707
65-74,West_Midlands,272,0,0,2020-11-14,584326.1137508729
75+,West_Midlands,272,0,0,2020-11-14,500934.8506820068
1-4,West_Midlands,273,0,0,2020-11-15,692584.7745597636
5-14,West_Midlands,273,0,0,2020-11-15,216414.25914068182
15-24,West_Midlands,273,0,0,2020-11-15,1521347.7465233728
25-44,West_Midlands,273,0,0,2020-11-15,1491941.7643508296
45-64,West_Midlands,273,0,0,2020-11-15,753354.0048563707
65-74,West_Midlands,273,0,0,2020-11-15,584326.1137508729
75+,West_Midlands,273,0,0,2020-11-15,500934.8506820068
1-4,West_Midlands,274,0,0,2020-11-16,692584.7745597636
5-14,West_Midlands,274,0,0,2020-11-16,216414.25914068182
15-24,West_Midlands,274,0,0,2020-11-16,1521347.7465233728
25-44,West_Midlands,274,0,0,2020-11-16,1491941.7643508296
45-64,West_Midlands,274,0,0,2020-11-16,753354.0048563707
65-74,West_Midlands,274,0,0,2020-11-16,584326.1137508729
75+,West_Midlands,274,0,0,2020-11-16,500934.8506820068
1-4,West_Midlands,275,0,0,2020-11-17,692584.7745597636
5-14,West_Midlands,275,0,0,2020-11-17,216414.25914068182
15-24,West_Midlands,275,0,0,2020-11-17,1521347.7465233728
25-44,West_Midlands,275,0,0,2020-11-17,1491941.7643508296
45-64,West_Midlands,275,0,0,2020-11-17,753354.0048563707
65-74,West_Midlands,275,0,0,2020-11-17,584326.1137508729
75+,West_Midlands,275,0,0,2020-11-17,500934.8506820068
1-4,West_Midlands,276,0,0,2020-11-18,692584.7745597636
5-14,West_Midlands,276,0,0,2020-11-18,216414.25914068182
15-24,West_Midlands,276,0,0,2020-11-18,1521347.7465233728
25-44,West_Midlands,276,0,0,2020-11-18,1491941.7643508296
45-64,West_Midlands,276,0,0,2020-11-18,753354.0048563707
65-74,West_Midlands,276,0,0,2020-11-18,584326.1137508729
75+,West_Midlands,276,0,0,2020-11-18,500934.8506820068
1-4,West_Midlands,277,0,0,2020-11-19,692584.7745597636
5-14,West_Midlands,277,0,0,2020-11-19,216414.25914068182
15-24,West_Midlands,277,0,0,2020-11-19,1521347.7465233728
25-44,West_Midlands,277,0,0,2020-11-19,1491941.7643508296
45-64,West_Midlands,277,0,0,2020-11-19,753354.0048563707
65-74,West_Midlands,277,0,0,2020-11-19,584326.1137508729
75+,West_Midlands,277,0,0,2020-11-19,500934.8506820068
1-4,West_Midlands,278,0,0,2020-11-20,692584.7745597636
5-14,West_Midlands,278,0,0,2020-11-20,216414.25914068182
15-24,West_Midlands,278,0,0,2020-11-20,1521347.7465233728
25-44,West_Midlands,278,0,0,2020-11-20,1491941.7643508296
45-64,West_Midlands,278,0,0,2020-11-20,753354.0048563707
65-74,West_Midlands,278,0,0,2020-11-20,584326.1137508729
75+,West_Midlands,278,0,0,2020-11-20,500934.8506820068
1-4,West_Midlands,279,0,0,2020-11-21,692584.7745597636
5-14,West_Midlands,279,0,0,2020-11-21,216414.25914068182
15-24,West_Midlands,279,0,0,2020-11-21,1521347.7465233728
25-44,West_Midlands,279,0,0,2020-11-21,1491941.7643508296
45-64,West_Midlands,279,0,0,2020-11-21,753354.0048563707
65-74,West_Midlands,279,0,0,2020-11-21,584326.1137508729
75+,West_Midlands,279,0,0,2020-11-21,500934.8506820068
1-4,West_Midlands,280,0,0,2020-11-22,692584.7745597636
5-14,West_Midlands,280,0,0,2020-11-22,216414.25914068182
15-24,West_Midlands,280,0,0,2020-11-22,1521347.7465233728
25-44,West_Midlands,280,0,0,2020-11-22,1491941.7643508296
45-64,West_Midlands,280,0,0,2020-11-22,753354.0048563707
65-74,West_Midlands,280,0,0,2020-11-22,584326.1137508729
75+,West_Midlands,280,0,0,2020-11-22,500934.8506820068
1-4,West_Midlands,281,0,0,2020-11-23,692584.7745597636
5-14,West_Midlands,281,0,0,2020-11-23,216414.25914068182
15-24,West_Midlands,281,0,0,2020-11-23,1521347.7465233728
25-44,West_Midlands,281,0,0,2020-11-23,1491941.7643508296
45-64,West_Midlands,281,0,0,2020-11-23,753354.0048563707
65-74,West_Midlands,281,0,0,2020-11-23,584326.1137508729
75+,West_Midlands,281,0,0,2020-11-23,500934.8506820068
1-4,West_Midlands,282,0,0,2020-11-24,692584.7745597636
5-14,West_Midlands,282,0,0,2020-11-24,216414.25914068182
15-24,West_Midlands,282,0,0,2020-11-24,1521347.7465233728
25-44,West_Midlands,282,0,0,2020-11-24,1491941.7643508296
45-64,West_Midlands,282,0,0,2020-11-24,753354.0048563707
65-74,West_Midlands,282,0,0,2020-11-24,584326.1137508729
75+,West_Midlands,282,0,0,2020-11-24,500934.8506820068
1-4,West_Midlands,283,0,0,2020-11-25,692584.7745597636
5-14,West_Midlands,283,7.426027380835067,0.4603569421684993,2020-11-25,216414.25914068182
15-24,West_Midlands,283,10.243853731348237,0.3955870705553459,2020-11-25,1521347.7465233728
25-44,West_Midlands,283,9.895253978671699,0.38680174132735445,2020-11-25,1491941.7643508296
45-64,West_Midlands,283,9.114050305273942,0.3968634266922396,2020-11-25,753354.0048563707
65-74,West_Midlands,283,8.39994695719311,0.14254881604920858,2020-11-25,584326.1137508729
75+,West_Midlands,283,8.164431535734868,0.18805282078435237,2020-11-25,500934.8506820068
1-4,West_Midlands,284,0,0,2020-11-26,692584.7745597636
5-14,West_Midlands,284,0,0,2020-11-26,216414.25914068182
15-24,West_Midlands,284,0,0,2020-11-26,1521347.7465233728
25-44,West_Midlands,284,0,0,2020-11-26,1491941.7643508296
45-64,West_Midlands,284,0,0,2020-11-26,753354.0048563707
65-74,West_Midlands,284,0,0,2020-11-26,584326.1137508729
75+,West_Midlands,284,0,0,2020-11-26,500934.8506820068
1-4,West_Midlands,285,0,0,2020-11-27,692584.7745597636
5-14,West_Midlands,285,0,0,2020-11-27,216414.25914068182
15-24,West_Midlands,285,0,0,2020-11-27,1521347.7465233728
25-44,West_Midlands,285,0,0,2020-11-27,1491941.7643508296
45-64,West_Midlands,285,0,0,2020-11-27,753354.0048563707
65-74,West_Midlands,285,0,0,2020-11-27,584326.1137508729
75+,West_Midlands,285,0,0,2020-11-27,500934.8506820068
1-4,West_Midlands,286,0,0,2020-11-28,692584.7745597636
5-14,West_Midlands,286,0,0,2020-11-28,216414.25914068182
15-24,West_Midlands,286,0,0,2020-11-28,1521347.7465233728
25-44,West_Midlands,286,0,0,2020-11-28,1491941.7643508296
45-64,West_Midlands,286,0,0,2020-11-28,753354.0048563707
65-74,West_Midlands,286,0,0,2020-11-28,584326.1137508729
75+,West_Midlands,286,0,0,2020-11-28,500934.8506820068
1-4,West_Midlands,287,0,0,2020-11-29,692584.7745597636
5-14,West_Midlands,287,0,0,2020-11-29,216414.25914068182
15-24,West_Midlands,287,0,0,2020-11-29,1521347.7465233728
25-44,West_Midlands,287,0,0,2020-11-29,1491941.7643508296
45-64,West_Midlands,287,0,0,2020-11-29,753354.0048563707
65-74,West_Midlands,287,0,0,2020-11-29,584326.1137508729
75+,West_Midlands,287,0,0,2020-11-29,500934.8506820068
1-4,West_Midlands,288,0,0,2020-11-30,692584.7745597636
5-14,West_Midlands,288,0,0,2020-11-30,216414.25914068182
15-24,West_Midlands,288,0,0,2020-11-30,1521347.7465233728
25-44,West_Midlands,288,0,0,2020-11-30,1491941.7643508296
45-64,West_Midlands,288,0,0,2020-11-30,753354.0048563707
65-74,West_Midlands,288,0,0,2020-11-30,584326.1137508729
75+,West_Midlands,288,0,0,2020-11-30,500934.8506820068
1-4,West_Midlands,289,0,0,2020-12-01,692584.7745597636
5-14,West_Midlands,289,0,0,2020-12-01,216414.25914068182
15-24,West_Midlands,289,0,0,2020-12-01,1521347.7465233728
25-44,West_Midlands,289,0,0,2020-12-01,1491941.7643508296
45-64,West_Midlands,289,0,0,2020-12-01,753354.0048563707
65-74,West_Midlands,289,0,0,2020-12-01,584326.1137508729
75+,West_Midlands,289,0,0,2020-12-01,500934.8506820068
1-4,West_Midlands,290,0,0,2020-12-02,692584.7745597636
5-14,West_Midlands,290,0,0,2020-12-02,216414.25914068182
15-24,West_Midlands,290,0,0,2020-12-02,1521347.7465233728
25-44,West_Midlands,290,0,0,2020-12-02,1491941.7643508296
45-64,West_Midlands,290,0,0,2020-12-02,753354.0048563707
65-74,West_Midlands,290,0,0,2020-12-02,584326.1137508729
75+,West_Midlands,290,0,0,2020-12-02,500934.8506820068
1-4,West_Midlands,291,0,0,2020-12-03,692584.7745597636
5-14,West_Midlands,291,0,0,2020-12-03,216414.25914068182
15-24,West_Midlands,291,0,0,2020-12-03,1521347.7465233728
25-44,West_Midlands,291,0,0,2020-12-03,1491941.7643508296
45-64,West_Midlands,291,0,0,2020-12-03,753354.0048563707
65-74,West_Midlands,291,0,0,2020-12-03,584326.1137508729
75+,West_Midlands,291,0,0,2020-12-03,500934.8506820068
1-4,West_Midlands,292,0,0,2020-12-04,692584.7745597636
5-14,West_Midlands,292,0,0,2020-12-04,216414.25914068182
15-24,West_Midlands,292,0,0,2020-12-04,1521347.7465233728
25-44,West_Midlands,292,0,0,2020-12-04,1491941.7643508296
45-64,West_Midlands,292,0,0,2020-12-04,753354.0048563707
65-74,West_Midlands,292,0,0,2020-12-04,584326.1137508729
75+,West_Midlands,292,0,0,2020-12-04,500934.8506820068
1-4,West_Midlands,293,0,0,2020-12-05,692584.7745597636
5-14,West_Midlands,293,0,0,2020-12-05,216414.25914068182
15-24,West_Midlands,293,0,0,2020-12-05,1521347.7465233728
25-44,West_Midlands,293,0,0,2020-12-05,1491941.7643508296
45-64,West_Midlands,293,0,0,2020-12-05,753354.0048563707
65-74,West_Midlands,293,0,0,2020-12-05,584326.1137508729
75+,West_Midlands,293,0,0,2020-12-05,500934.8506820068
1-4,West_Midlands,294,0,0,2020-12-06,692584.7745597636
5-14,West_Midlands,294,0,0,2020-12-06,216414.25914068182
15-24,West_Midlands,294,0,0,2020-12-06,1521347.7465233728
25-44,West_Midlands,294,0,0,2020-12-06,1491941.7643508296
45-64,West_Midlands,294,0,0,2020-12-06,753354.0048563707
65-74,West_Midlands,294,0,0,2020-12-06,584326.1137508729
75+,West_Midlands,294,0,0,2020-12-06,500934.8506820068
1-4,West_Midlands,295,0,0,2020-12-07,692584.7745597636
5-14,West_Midlands,295,0,0,2020-12-07,216414.25914068182
15-24,West_Midlands,295,0,0,2020-12-07,1521347.7465233728
25-44,West_Midlands,295,0,0,2020-12-07,1491941.7643508296
45-64,West_Midlands,295,0,0,2020-12-07,753354.0048563707
65-74,West_Midlands,295,0,0,2020-12-07,584326.1137508729
75+,West_Midlands,295,0,0,2020-12-07,500934.8506820068
1-4,West_Midlands,296,0,0,2020-12-08,692584.7745597636
5-14,West_Midlands,296,0,0,2020-12-08,216414.25914068182
15-24,West_Midlands,296,0,0,2020-12-08,1521347.7465233728
25-44,West_Midlands,296,0,0,2020-12-08,1491941.7643508296
45-64,West_Midlands,296,0,0,2020-12-08,753354.0048563707
65-74,West_Midlands,296,0,0,2020-12-08,584326.1137508729
75+,West_Midlands,296,0,0,2020-12-08,500934.8506820068
1-4,West_Midlands,297,0,0,2020-12-09,692584.7745597636
5-14,West_Midlands,297,7.384690202453845,0.46876625022737267,2020-12-09,216414.25914068182
15-24,West_Midlands,297,10.074547233193908,0.39953990498597247,2020-12-09,1521347.7465233728
25-44,West_Midlands,297,9.679579961713399,0.3916301553214858,2020-12-09,1491941.7643508296
45-64,West_Midlands,297,9.014318299834747,0.40395564620125557,2020-12-09,753354.0048563707
65-74,West_Midlands,297,8.246501479442447,0.15564786532457725,2020-12-09,584326.1137508729
75+,West_Midlands,297,8.194823474739161,0.18972674294399847,2020-12-09,500934.8506820068
1-4,West_Midlands,298,0,0,2020-12-10,692584.7745597636
5-14,West_Midlands,298,0,0,2020-12-10,216414.25914068182
15-24,West_Midlands,298,0,0,2020-12-10,1521347.7465233728
25-44,West_Midlands,298,0,0,2020-12-10,1491941.7643508296
45-64,West_Midlands,298,0,0,2020-12-10,753354.0048563707
65-74,West_Midlands,298,0,0,2020-12-10,584326.1137508729
75+,West_Midlands,298,0,0,2020-12-10,500934.8506820068
1-4,West_Midlands,299,0,0,2020-12-11,692584.7745597636
5-14,West_Midlands,299,0,0,2020-12-11,216414.25914068182
15-24,West_Midlands,299,0,0,2020-12-11,1521347.7465233728
25-44,West_Midlands,299,0,0,2020-12-11,1491941.7643508296
45-64,West_Midlands,299,0,0,2020-12-11,753354.0048563707
65-74,West_Midlands,299,0,0,2020-12-11,584326.1137508729
75+,West_Midlands,299,0,0,2020-12-11,500934.8506820068
1-4,West_Midlands,300,0,0,2020-12-12,692584.7745597636
5-14,West_Midlands,300,0,0,2020-12-12,216414.25914068182
15-24,West_Midlands,300,0,0,2020-12-12,1521347.7465233728
25-44,West_Midlands,300,0,0,2020-12-12,1491941.7643508296
45-64,West_Midlands,300,0,0,2020-12-12,753354.0048563707
65-74,West_Midlands,300,0,0,2020-12-12,584326.1137508729
75+,West_Midlands,300,0,0,2020-12-12,500934.8506820068
1-4,West_Midlands,301,0,0,2020-12-13,692584.7745597636
5-14,West_Midlands,301,0,0,2020-12-13,216414.25914068182
15-24,West_Midlands,301,0,0,2020-12-13,1521347.7465233728
25-44,West_Midlands,301,0,0,2020-12-13,1491941.7643508296
45-64,West_Midlands,301,0,0,2020-12-13,753354.0048563707
65-74,West_Midlands,301,0,0,2020-12-13,584326.1137508729
75+,West_Midlands,301,0,0,2020-12-13,500934.8506820068
1-4,West_Midlands,302,0,0,2020-12-14,692584.7745597636
5-14,West_Midlands,302,0,0,2020-12-14,216414.25914068182
15-24,West_Midlands,302,0,0,2020-12-14,1521347.7465233728
25-44,West_Midlands,302,0,0,2020-12-14,1491941.7643508296
45-64,West_Midlands,302,0,0,2020-12-14,753354.0048563707
65-74,West_Midlands,302,0,0,2020-12-14,584326.1137508729
75+,West_Midlands,302,0,0,2020-12-14,500934.8506820068
1-4,West_Midlands,303,0,0,2020-12-15,692584.7745597636
5-14,West_Midlands,303,0,0,2020-12-15,216414.25914068182
15-24,West_Midlands,303,0,0,2020-12-15,1521347.7465233728
25-44,West_Midlands,303,0,0,2020-12-15,1491941.7643508296
45-64,West_Midlands,303,0,0,2020-12-15,753354.0048563707
65-74,West_Midlands,303,0,0,2020-12-15,584326.1137508729
75+,West_Midlands,303,0,0,2020-12-15,500934.8506820068
1-4,West_Midlands,304,0,0,2020-12-16,692584.7745597636
5-14,West_Midlands,304,0,0,2020-12-16,216414.25914068182
15-24,West_Midlands,304,0,0,2020-12-16,1521347.7465233728
25-44,West_Midlands,304,0,0,2020-12-16,1491941.7643508296
45-64,West_Midlands,304,0,0,2020-12-16,753354.0048563707
65-74,West_Midlands,304,0,0,2020-12-16,584326.1137508729
75+,West_Midlands,304,0,0,2020-12-16,500934.8506820068
1-4,West_Midlands,305,0,0,2020-12-17,692584.7745597636
5-14,West_Midlands,305,0,0,2020-12-17,216414.25914068182
15-24,West_Midlands,305,0,0,2020-12-17,1521347.7465233728
25-44,West_Midlands,305,0,0,2020-12-17,1491941.7643508296
45-64,West_Midlands,305,0,0,2020-12-17,753354.0048563707
65-74,West_Midlands,305,0,0,2020-12-17,584326.1137508729
75+,West_Midlands,305,0,0,2020-12-17,500934.8506820068
1-4,West_Midlands,306,0,0,2020-12-18,692584.7745597636
5-14,West_Midlands,306,0,0,2020-12-18,216414.25914068182
15-24,West_Midlands,306,0,0,2020-12-18,1521347.7465233728
25-44,West_Midlands,306,0,0,2020-12-18,1491941.7643508296
45-64,West_Midlands,306,0,0,2020-12-18,753354.0048563707
65-74,West_Midlands,306,0,0,2020-12-18,584326.1137508729
75+,West_Midlands,306,0,0,2020-12-18,500934.8506820068
1-4,West_Midlands,307,0,0,2020-12-19,692584.7745597636
5-14,West_Midlands,307,0,0,2020-12-19,216414.25914068182
15-24,West_Midlands,307,0,0,2020-12-19,1521347.7465233728
25-44,West_Midlands,307,0,0,2020-12-19,1491941.7643508296
45-64,West_Midlands,307,0,0,2020-12-19,753354.0048563707
65-74,West_Midlands,307,0,0,2020-12-19,584326.1137508729
75+,West_Midlands,307,0,0,2020-12-19,500934.8506820068
1-4,West_Midlands,308,0,0,2020-12-20,692584.7745597636
5-14,West_Midlands,308,0,0,2020-12-20,216414.25914068182
15-24,West_Midlands,308,0,0,2020-12-20,1521347.7465233728
25-44,West_Midlands,308,0,0,2020-12-20,1491941.7643508296
45-64,West_Midlands,308,0,0,2020-12-20,753354.0048563707
65-74,West_Midlands,308,0,0,2020-12-20,584326.1137508729
75+,West_Midlands,308,0,0,2020-12-20,500934.8506820068
1-4,West_Midlands,309,0,0,2020-12-21,692584.7745597636
5-14,West_Midlands,309,0,0,2020-12-21,216414.25914068182
15-24,West_Midlands,309,0,0,2020-12-21,1521347.7465233728
25-44,West_Midlands,309,0,0,2020-12-21,1491941.7643508296
45-64,West_Midlands,309,0,0,2020-12-21,753354.0048563707
65-74,West_Midlands,309,0,0,2020-12-21,584326.1137508729
75+,West_Midlands,309,0,0,2020-12-21,500934.8506820068
1-4,West_Midlands,310,0,0,2020-12-22,692584.7745597636
5-14,West_Midlands,310,0,0,2020-12-22,216414.25914068182
15-24,West_Midlands,310,0,0,2020-12-22,1521347.7465233728
25-44,West_Midlands,310,0,0,2020-12-22,1491941.7643508296
45-64,West_Midlands,310,0,0,2020-12-22,753354.0048563707
65-74,West_Midlands,310,0,0,2020-12-22,584326.1137508729
75+,West_Midlands,310,0,0,2020-12-22,500934.8506820068
1-4,West_Midlands,311,0,0,2020-12-23,692584.7745597636
5-14,West_Midlands,311,7.762203977082554,0.46292538704549485,2020-12-23,216414.25914068182
15-24,West_Midlands,311,10.373157078881775,0.3978690878356787,2020-12-23,1521347.7465233728
25-44,West_Midlands,311,9.963532929021984,0.39065278419836197,2020-12-23,1491941.7643508296
45-64,West_Midlands,311,9.242727917881398,0.40236309932960257,2020-12-23,753354.0048563707
65-74,West_Midlands,311,8.57569554054287,0.14942970986887794,2020-12-23,584326.1137508729
75+,West_Midlands,311,8.3668107187481109,0.1864949887804581,2020-12-23,500934.8506820068
1-4,West_Midlands,312,0,0,2020-12-24,692584.7745597636
5-14,West_Midlands,312,0,0,2020-12-24,216414.25914068182
15-24,West_Midlands,312,0,0,2020-12-24,1521347.7465233728
25-44,West_Midlands,312,0,0,2020-12-24,1491941.7643508296
45-64,West_Midlands,312,0,0,2020-12-24,753354.0048563707
65-74,West_Midlands,312,0,0,2020-12-24,584326.1137508729
75+,West_Midlands,312,0,0,2020-12-24,500934.8506820068
1-4,West_Midlands,313,0,0,2020-12-25,692584.7745597636
5-14,West_Midlands,313,0,0,2020-12-25,216414.25914068182
15-24,West_Midlands,313,0,0,2020-12-25,1521347.7465233728
25-44,West_Midlands,313,0,0,2020-12-25,1491941.7643508296
45-64,West_Midlands,313,0,0,2020-12-25,753354.0048563707
65-74,West_Midlands,313,0,0,2020-12-25,584326.1137508729
75+,West_Midlands,313,0,0,2020-12-25,500934.8506820068
1-4,West_Midlands,314,0,0,2020-12-26,692584.7745597636
5-14,West_Midlands,314,0,0,2020-12-26,216414.25914068182
15-24,West_Midlands,314,0,0,2020-12-26,1521347.7465233728
25-44,West_Midlands,314,0,0,2020-12-26,1491941.7643508296
45-64,West_Midlands,314,0,0,2020-12-26,753354.0048563707
65-74,West_Midlands,314,0,0,2020-12-26,584326.1137508729
75+,West_Midlands,314,0,0,2020-12-26,500934.8506820068
1-4,West_Midlands,315,0,0,2020-12-27,692584.7745597636
5-14,West_Midlands,315,0,0,2020-12-27,216414.25914068182
15-24,West_Midlands,315,0,0,2020-12-27,1521347.7465233728
25-44,West_Midlands,315,0,0,2020-12-27,1491941.7643508296
45-64,West_Midlands,315,0,0,2020-12-27,753354.0048563707
65-74,West_Midlands,315,0,0,2020-12-27,584326.1137508729
75+,West_Midlands,315,0,0,2020-12-27,500934.8506820068
1-4,West_Midlands,316,0,0,2020-12-28,692584.7745597636
5-14,West_Midlands,316,0,0,2020-12-28,216414.25914068182
15-24,West_Midlands,316,0,0,2020-12-28,1521347.7465233728
25-44,West_Midlands,316,0,0,2020-12-28,1491941.7643508296
45-64,West_Midlands,316,0,0,2020-12-28,753354.0048563707
65-74,West_Midlands,316,0,0,2020-12-28,584326.1137508729
75+,West_Midlands,316,0,0,2020-12-28,500934.8506820068
1-4,West_Midlands,317,0,0,2020-12-29,692584.7745597636
5-14,West_Midlands,317,0,0,2020-12-29,216414.25914068182
15-24,West_Midlands,317,0,0,2020-12-29,1521347.7465233728
25-44,West_Midlands,317,0,0,2020-12-29,1491941.7643508296
45-64,West_Midlands,317,0,0,2020-12-29,753354.0048563707
65-74,West_Midlands,317,0,0,2020-12-29,584326.1137508729
75+,West_Midlands,317,0,0,2020-12-29,500934.8506820068
1-4,West_Midlands,318,0,0,2020-12-30,692584.7745597636
5-14,West_Midlands,318,0,0,2020-12-30,216414.25914068182
15-24,West_Midlands,318,0,0,2020-12-30,1521347.7465233728
25-44,West_Midlands,318,0,0,2020-12-30,1491941.7643508296
45-64,West_Midlands,318,0,0,2020-12-30,753354.0048563707
65-74,West_Midlands,318,0,0,2020-12-30,584326.1137508729
75+,West_Midlands,318,0,0,2020-12-30,500934.8506820068
1-4,West_Midlands,319,0,0,2020-12-31,692584.7745597636
5-14,West_Midlands,319,0,0,2020-12-31,216414.25914068182
15-24,West_Midlands,319,0,0,2020-12-31,1521347.7465233728
25-44,West_Midlands,319,0,0,2020-12-31,1491941.7643508296
45-64,West_Midlands,319,0,0,2020-12-31,753354.0048563707
65-74,West_Midlands,319,0,0,2020-12-31,584326.1137508729
75+,West_Midlands,319,0,0,2020-12-31,500934.8506820068
1-4,West_Midlands,320,0,0,2021-01-01,692584.7745597636
5-14,West_Midlands,320,0,0,2021-01-01,216414.25914068182
15-24,West_Midlands,320,0,0,2021-01-01,1521347.7465233728
25-44,West_Midlands,320,0,0,2021-01-01,1491941.7643508296
45-64,West_Midlands,320,0,0,2021-01-01,753354.0048563707
65-74,West_Midlands,320,0,0,2021-01-01,584326.1137508729
75+,West_Midlands,320,0,0,2021-01-01,500934.8506820068
1-4,West_Midlands,321,0,0,2021-01-02,692584.7745597636
5-14,West_Midlands,321,0,0,2021-01-02,216414.25914068182
15-24,West_Midlands,321,0,0,2021-01-02,1521347.7465233728
25-44,West_Midlands,321,0,0,2021-01-02,1491941.7643508296
45-64,West_Midlands,321,0,0,2021-01-02,753354.0048563707
65-74,West_Midlands,321,0,0,2021-01-02,584326.1137508729
75+,West_Midlands,321,0,0,2021-01-02,500934.8506820068
1-4,West_Midlands,322,0,0,2021-01-03,692584.7745597636
5-14,West_Midlands,322,0,0,2021-01-03,216414.25914068182
15-24,West_Midlands,322,0,0,2021-01-03,1521347.7465233728
25-44,West_Midlands,322,0,0,2021-01-03,1491941.7643508296
45-64,West_Midlands,322,0,0,2021-01-03,753354.0048563707
65-74,West_Midlands,322,0,0,2021-01-03,584326.1137508729
75+,West_Midlands,322,0,0,2021-01-03,500934.8506820068
1-4,West_Midlands,323,0,0,2021-01-04,692584.7745597636
5-14,West_Midlands,323,0,0,2021-01-04,216414.25914068182
15-24,West_Midlands,323,0,0,2021-01-04,1521347.7465233728
25-44,West_Midlands,323,0,0,2021-01-04,1491941.7643508296
45-64,West_Midlands,323,0,0,2021-01-04,753354.0048563707
65-74,West_Midlands,323,0,0,2021-01-04,584326.1137508729
75+,West_Midlands,323,0,0,2021-01-04,500934.8506820068
1-4,West_Midlands,324,0,0,2021-01-05,692584.7745597636
5-14,West_Midlands,324,0,0,2021-01-05,216414.25914068182
15-24,West_Midlands,324,0,0,2021-01-05,1521347.7465233728
25-44,West_Midlands,324,0,0,2021-01-05,1491941.7643508296
45-64,West_Midlands,324,0,0,2021-01-05,753354.0048563707
65-74,West_Midlands,324,0,0,2021-01-05,584326.1137508729
75+,West_Midlands,324,0,0,2021-01-05,500934.8506820068
1-4,West_Midlands,325,0,0,2021-01-06,692584.7745597636
5-14,West_Midlands,325,8.222385103591515,0.4487749004218921,2021-01-06,216414.25914068182
15-24,West_Midlands,325,10.607041324607058,0.3946511586954796,2021-01-06,1521347.7465233728
25-44,West_Midlands,325,10.399785514628649,0.38486096750337445,2021-01-06,1491941.7643508296
45-64,West_Midlands,325,9.24201008341176,0.4011434442785347,2021-01-06,753354.0048563707
65-74,West_Midlands,325,8.882292707140115,0.13494271056215995,2021-01-06,584326.1137508729
75+,West_Midlands,325,8.552269163743555,0.18077044138342618,2021-01-06,500934.8506820068
1-4,West_Midlands,326,0,0,2021-01-07,692584.7745597636
5-14,West_Midlands,326,0,0,2021-01-07,216414.25914068182
15-24,West_Midlands,326,0,0,2021-01-07,1521347.7465233728
25-44,West_Midlands,326,0,0,2021-01-07,1491941.7643508296
45-64,West_Midlands,326,0,0,2021-01-07,753354.0048563707
65-74,West_Midlands,326,0,0,2021-01-07,584326.1137508729
75+,West_Midlands,326,0,0,2021-01-07,500934.8506820068
1-4,West_Midlands,327,0,0,2021-01-08,692584.7745597636
5-14,West_Midlands,327,0,0,2021-01-08,216414.25914068182
15-24,West_Midlands,327,0,0,2021-01-08,1521347.7465233728
25-44,West_Midlands,327,0,0,2021-01-08,1491941.7643508296
45-64,West_Midlands,327,0,0,2021-01-08,753354.0048563707
65-74,West_Midlands,327,0,0,2021-01-08,584326.1137508729
75+,West_Midlands,327,0,0,2021-01-08,500934.8506820068
1-4,West_Midlands,328,0,0,2021-01-09,692584.7745597636
5-14,West_Midlands,328,0,0,2021-01-09,216414.25914068182
15-24,West_Midlands,328,0,0,2021-01-09,1521347.7465233728
25-44,West_Midlands,328,0,0,2021-01-09,1491941.7643508296
45-64,West_Midlands,328,0,0,2021-01-09,753354.0048563707
65-74,West_Midlands,328,0,0,2021-01-09,584326.1137508729
75+,West_Midlands,328,0,0,2021-01-09,500934.8506820068
1-4,West_Midlands,329,0,0,2021-01-10,692584.7745597636
5-14,West_Midlands,329,0,0,2021-01-10,216414.25914068182
15-24,West_Midlands,329,0,0,2021-01-10,1521347.7465233728
25-44,West_Midlands,329,0,0,2021-01-10,1491941.7643508296
45-64,West_Midlands,329,0,0,2021-01-10,753354.0048563707
65-74,West_Midlands,329,0,0,2021-01-10,584326.1137508729
75+,West_Midlands,329,0,0,2021-01-10,500934.8506820068
1-4,West_Midlands,330,0,0,2021-01-11,692584.7745597636
5-14,West_Midlands,330,0,0,2021-01-11,216414.25914068182
15-24,West_Midlands,330,0,0,2021-01-11,1521347.7465233728
25-44,West_Midlands,330,0,0,2021-01-11,1491941.7643508296
45-64,West_Midlands,330,0,0,2021-01-11,753354.0048563707
65-74,West_Midlands,330,0,0,2021-01-11,584326.1137508729
75+,West_Midlands,330,0,0,2021-01-11,500934.8506820068
1-4,West_Midlands,331,0,0,2021-01-12,692584.7745597636
5-14,West_Midlands,331,0,0,2021-01-12,216414.25914068182
15-24,West_Midlands,331,0,0,2021-01-12,1521347.7465233728
25-44,West_Midlands,331,0,0,2021-01-12,1491941.7643508296
45-64,West_Midlands,331,0,0,2021-01-12,753354.0048563707
65-74,West_Midlands,331,0,0,2021-01-12,584326.1137508729
75+,West_Midlands,331,0,0,2021-01-12,500934.8506820068
1-4,West_Midlands,332,0,0,2021-01-13,692584.7745597636
5-14,West_Midlands,332,0,0,2021-01-13,216414.25914068182
15-24,West_Midlands,332,0,0,2021-01-13,1521347.7465233728
25-44,West_Midlands,332,0,0,2021-01-13,1491941.7643508296
45-64,West_Midlands,332,0,0,2021-01-13,753354.0048563707
65-74,West_Midlands,332,0,0,2021-01-13,584326.1137508729
75+,West_Midlands,332,0,0,2021-01-13,500934.8506820068
1-4,West_Midlands,333,0,0,2021-01-14,692584.7745597636
5-14,West_Midlands,333,0,0,2021-01-14,216414.25914068182
15-24,West_Midlands,333,0,0,2021-01-14,1521347.7465233728
25-44,West_Midlands,333,0,0,2021-01-14,1491941.7643508296
45-64,West_Midlands,333,0,0,2021-01-14,753354.0048563707
65-74,West_Midlands,333,0,0,2021-01-14,584326.1137508729
75+,West_Midlands,333,0,0,2021-01-14,500934.8506820068
1-4,West_Midlands,334,0,0,2021-01-15,692584.7745597636
5-14,West_Midlands,334,0,0,2021-01-15,216414.25914068182
15-24,West_Midlands,334,0,0,2021-01-15,1521347.7465233728
25-44,West_Midlands,334,0,0,2021-01-15,1491941.7643508296
45-64,West_Midlands,334,0,0,2021-01-15,753354.0048563707
65-74,West_Midlands,334,0,0,2021-01-15,584326.1137508729
75+,West_Midlands,334,0,0,2021-01-15,500934.8506820068
1-4,West_Midlands,335,0,0,2021-01-16,692584.7745597636
5-14,West_Midlands,335,0,0,2021-01-16,216414.25914068182
15-24,West_Midlands,335,0,0,2021-01-16,1521347.7465233728
25-44,West_Midlands,335,0,0,2021-01-16,1491941.7643508296
45-64,West_Midlands,335,0,0,2021-01-16,753354.0048563707
65-74,West_Midlands,335,0,0,2021-01-16,584326.1137508729
75+,West_Midlands,335,0,0,2021-01-16,500934.8506820068
1-4,West_Midlands,336,0,0,2021-01-17,692584.7745597636
5-14,West_Midlands,336,0,0,2021-01-17,216414.25914068182
15-24,West_Midlands,336,0,0,2021-01-17,1521347.7465233728
25-44,West_Midlands,336,0,0,2021-01-17,1491941.7643508296
45-64,West_Midlands,336,0,0,2021-01-17,753354.0048563707
65-74,West_Midlands,336,0,0,2021-01-17,584326.1137508729
75+,West_Midlands,336,0,0,2021-01-17,500934.8506820068
1-4,West_Midlands,337,0,0,2021-01-18,692584.7745597636
5-14,West_Midlands,337,0,0,2021-01-18,216414.25914068182
15-24,West_Midlands,337,0,0,2021-01-18,1521347.7465233728
25-44,West_Midlands,337,0,0,2021-01-18,1491941.7643508296
45-64,West_Midlands,337,0,0,2021-01-18,753354.0048563707
65-74,West_Midlands,337,0,0,2021-01-18,584326.1137508729
75+,West_Midlands,337,0,0,2021-01-18,500934.8506820068
1-4,West_Midlands,338,0,0,2021-01-19,692584.7745597636
5-14,West_Midlands,338,0,0,2021-01-19,216414.25914068182
15-24,West_Midlands,338,0,0,2021-01-19,1521347.7465233728
25-44,West_Midlands,338,0,0,2021-01-19,1491941.7643508296
45-64,West_Midlands,338,0,0,2021-01-19,753354.0048563707
65-74,West_Midlands,338,0,0,2021-01-19,584326.1137508729
75+,West_Midlands,338,0,0,2021-01-19,500934.8506820068
1-4,West_Midlands,339,0,0,2021-01-20,692584.7745597636
5-14,West_Midlands,339,8.398893311632673,0.4396141951019801,2021-01-20,216414.25914068182
15-24,West_Midlands,339,10.647969793855745,0.39286321169863797,2021-01-20,1521347.7465233728
25-44,West_Midlands,339,10.370626994034707,0.3829953023286653,2021-01-20,1491941.7643508296
45-64,West_Midlands,339,9.12140469846557,0.4035931242651468,2021-01-20,753354.0048563707
65-74,West_Midlands,339,8.817423365852857,0.1352266482861074,2021-01-20,584326.1137508729
75+,West_Midlands,339,8.66985465628778,0.17375602638655685,2021-01-20,500934.8506820068
1-4,West_Midlands,340,0,0,2021-01-21,692584.7745597636
5-14,West_Midlands,340,0,0,2021-01-21,216414.25914068182
15-24,West_Midlands,340,0,0,2021-01-21,1521347.7465233728
25-44,West_Midlands,340,0,0,2021-01-21,1491941.7643508296
45-64,West_Midlands,340,0,0,2021-01-21,753354.0048563707
65-74,West_Midlands,340,0,0,2021-01-21,584326.1137508729
75+,West_Midlands,340,0,0,2021-01-21,500934.8506820068
1-4,West_Midlands,341,0,0,2021-01-22,692584.7745597636
5-14,West_Midlands,341,0,0,2021-01-22,216414.25914068182
15-24,West_Midlands,341,0,0,2021-01-22,1521347.7465233728
25-44,West_Midlands,341,0,0,2021-01-22,1491941.7643508296
45-64,West_Midlands,341,0,0,2021-01-22,753354.0048563707
65-74,West_Midlands,341,0,0,2021-01-22,584326.1137508729
75+,West_Midlands,341,0,0,2021-01-22,500934.8506820068
1-4,West_Midlands,342,0,0,2021-01-23,692584.7745597636
5-14,West_Midlands,342,0,0,2021-01-23,216414.25914068182
15-24,West_Midlands,342,0,0,2021-01-23,1521347.7465233728
25-44,West_Midlands,342,0,0,2021-01-23,1491941.7643508296
45-64,West_Midlands,342,0,0,2021-01-23,753354.0048563707
65-74,West_Midlands,342,0,0,2021-01-23,584326.1137508729
75+,West_Midlands,342,0,0,2021-01-23,500934.8506820068
1-4,West_Midlands,343,0,0,2021-01-24,692584.7745597636
5-14,West_Midlands,343,0,0,2021-01-24,216414.25914068182
15-24,West_Midlands,343,0,0,2021-01-24,1521347.7465233728
25-44,West_Midlands,343,0,0,2021-01-24,1491941.7643508296
45-64,West_Midlands,343,0,0,2021-01-24,753354.0048563707
65-74,West_Midlands,343,0,0,2021-01-24,584326.1137508729
75+,West_Midlands,343,0,0,2021-01-24,500934.8506820068
1-4,West_Midlands,344,0,0,2021-01-25,692584.7745597636
5-14,West_Midlands,344,0,0,2021-01-25,216414.25914068182
15-24,West_Midlands,344,0,0,2021-01-25,1521347.7465233728
25-44,West_Midlands,344,0,0,2021-01-25,1491941.7643508296
45-64,West_Midlands,344,0,0,2021-01-25,753354.0048563707
65-74,West_Midlands,344,0,0,2021-01-25,584326.1137508729
75+,West_Midlands,344,0,0,2021-01-25,500934.8506820068
1-4,West_Midlands,345,0,0,2021-01-26,692584.7745597636
5-14,West_Midlands,345,0,0,2021-01-26,216414.25914068182
15-24,West_Midlands,345,0,0,2021-01-26,1521347.7465233728
25-44,West_Midlands,345,0,0,2021-01-26,1491941.7643508296
45-64,West_Midlands,345,0,0,2021-01-26,753354.0048563707
65-74,West_Midlands,345,0,0,2021-01-26,584326.1137508729
75+,West_Midlands,345,0,0,2021-01-26,500934.8506820068
1-4,West_Midlands,346,0,0,2021-01-27,692584.7745597636
5-14,West_Midlands,346,0,0,2021-01-27,216414.25914068182
15-24,West_Midlands,346,0,0,2021-01-27,1521347.7465233728
25-44,West_Midlands,346,0,0,2021-01-27,1491941.7643508296
45-64,West_Midlands,346,0,0,2021-01-27,753354.0048563707
65-74,West_Midlands,346,0,0,2021-01-27,584326.1137508729
75+,West_Midlands,346,0,0,2021-01-27,500934.8506820068
1-4,West_Midlands,347,0,0,2021-01-28,692584.7745597636
5-14,West_Midlands,347,0,0,2021-01-28,216414.25914068182
15-24,West_Midlands,347,0,0,2021-01-28,1521347.7465233728
25-44,West_Midlands,347,0,0,2021-01-28,1491941.7643508296
45-64,West_Midlands,347,0,0,2021-01-28,753354.0048563707
65-74,West_Midlands,347,0,0,2021-01-28,584326.1137508729
75+,West_Midlands,347,0,0,2021-01-28,500934.8506820068
1-4,West_Midlands,348,0,0,2021-01-29,692584.7745597636
5-14,West_Midlands,348,0,0,2021-01-29,216414.25914068182
15-24,West_Midlands,348,0,0,2021-01-29,1521347.7465233728
25-44,West_Midlands,348,0,0,2021-01-29,1491941.7643508296
45-64,West_Midlands,348,0,0,2021-01-29,753354.0048563707
65-74,West_Midlands,348,0,0,2021-01-29,584326.1137508729
75+,West_Midlands,348,0,0,2021-01-29,500934.8506820068
1-4,West_Midlands,349,0,0,2021-01-30,692584.7745597636
5-14,West_Midlands,349,0,0,2021-01-30,216414.25914068182
15-24,West_Midlands,349,0,0,2021-01-30,1521347.7465233728
25-44,West_Midlands,349,0,0,2021-01-30,1491941.7643508296
45-64,West_Midlands,349,0,0,2021-01-30,753354.0048563707
65-74,West_Midlands,349,0,0,2021-01-30,584326.1137508729
75+,West_Midlands,349,0,0,2021-01-30,500934.8506820068
1-4,West_Midlands,350,0,0,2021-01-31,692584.7745597636
5-14,West_Midlands,350,0,0,2021-01-31,216414.25914068182
15-24,West_Midlands,350,0,0,2021-01-31,1521347.7465233728
25-44,West_Midlands,350,0,0,2021-01-31,1491941.7643508296
45-64,West_Midlands,350,0,0,2021-01-31,753354.0048563707
65-74,West_Midlands,350,0,0,2021-01-31,584326.1137508729
75+,West_Midlands,350,0,0,2021-01-31,500934.8506820068
1-4,West_Midlands,351,0,0,2021-02-01,692584.7745597636
5-14,West_Midlands,351,0,0,2021-02-01,216414.25914068182
15-24,West_Midlands,351,0,0,2021-02-01,1521347.7465233728
25-44,West_Midlands,351,0,0,2021-02-01,1491941.7643508296
45-64,West_Midlands,351,0,0,2021-02-01,753354.0048563707
65-74,West_Midlands,351,0,0,2021-02-01,584326.1137508729
75+,West_Midlands,351,0,0,2021-02-01,500934.8506820068
1-4,West_Midlands,352,0,0,2021-02-02,692584.7745597636
5-14,West_Midlands,352,0,0,2021-02-02,216414.25914068182
15-24,West_Midlands,352,0,0,2021-02-02,1521347.7465233728
25-44,West_Midlands,352,0,0,2021-02-02,1491941.7643508296
45-64,West_Midlands,352,0,0,2021-02-02,753354.0048563707
65-74,West_Midlands,352,0,0,2021-02-02,584326.1137508729
75+,West_Midlands,352,0,0,2021-02-02,500934.8506820068
1-4,West_Midlands,353,0,0,2021-02-03,692584.7745597636
5-14,West_Midlands,353,8.245579459220195,0.4445956482951978,2021-02-03,216414.25914068182
15-24,West_Midlands,353,10.447823365044819,0.3920560362124797,2021-02-03,1521347.7465233728
25-44,West_Midlands,353,9.990689567212522,0.38688712067518394,2021-02-03,1491941.7643508296
45-64,West_Midlands,353,8.887321955203538,0.4079255721207056,2021-02-03,753354.0048563707
65-74,West_Midlands,353,8.533014557713397,0.14717019758052932,2021-02-03,584326.1137508729
75+,West_Midlands,353,8.53395817239243,0.1802605372739459,2021-02-03,500934.8506820068
1-4,West_Midlands,354,0,0,2021-02-04,692584.7745597636
5-14,West_Midlands,354,0,0,2021-02-04,216414.25914068182
15-24,West_Midlands,354,0,0,2021-02-04,1521347.7465233728
25-44,West_Midlands,354,0,0,2021-02-04,1491941.7643508296
45-64,West_Midlands,354,0,0,2021-02-04,753354.0048563707
65-74,West_Midlands,354,0,0,2021-02-04,584326.1137508729
75+,West_Midlands,354,0,0,2021-02-04,500934.8506820068
1-4,West_Midlands,355,0,0,2021-02-05,692584.7745597636
5-14,West_Midlands,355,0,0,2021-02-05,216414.25914068182
15-24,West_Midlands,355,0,0,2021-02-05,1521347.7465233728
25-44,West_Midlands,355,0,0,2021-02-05,1491941.7643508296
45-64,West_Midlands,355,0,0,2021-02-05,753354.0048563707
65-74,West_Midlands,355,0,0,2021-02-05,584326.1137508729
75+,West_Midlands,355,0,0,2021-02-05,500934.8506820068
1-4,West_Midlands,356,0,0,2021-02-06,692584.7745597636
5-14,West_Midlands,356,0,0,2021-02-06,216414.25914068182
15-24,West_Midlands,356,0,0,2021-02-06,1521347.7465233728
25-44,West_Midlands,356,0,0,2021-02-06,1491941.7643508296
45-64,West_Midlands,356,0,0,2021-02-06,753354.0048563707
65-74,West_Midlands,356,0,0,2021-02-06,584326.1137508729
75+,West_Midlands,356,0,0,2021-02-06,500934.8506820068
1-4,West_Midlands,357,0,0,2021-02-07,692584.7745597636
5-14,West_Midlands,357,0,0,2021-02-07,216414.25914068182
15-24,West_Midlands,357,0,0,2021-02-07,1521347.7465233728
25-44,West_Midlands,357,0,0,2021-02-07,1491941.7643508296
45-64,West_Midlands,357,0,0,2021-02-07,753354.0048563707
65-74,West_Midlands,357,0,0,2021-02-07,584326.1137508729
75+,West_Midlands,357,0,0,2021-02-07,500934.8506820068
1-4,West_Midlands,358,0,0,2021-02-08,692584.7745597636
5-14,West_Midlands,358,0,0,2021-02-08,216414.25914068182
15-24,West_Midlands,358,0,0,2021-02-08,1521347.7465233728
25-44,West_Midlands,358,0,0,2021-02-08,1491941.7643508296
45-64,West_Midlands,358,0,0,2021-02-08,753354.0048563707
65-74,West_Midlands,358,0,0,2021-02-08,584326.1137508729
75+,West_Midlands,358,0,0,2021-02-08,500934.8506820068
1-4,West_Midlands,359,0,0,2021-02-09,692584.7745597636
5-14,West_Midlands,359,0,0,2021-02-09,216414.25914068182
15-24,West_Midlands,359,0,0,2021-02-09,1521347.7465233728
25-44,West_Midlands,359,0,0,2021-02-09,1491941.7643508296
45-64,West_Midlands,359,0,0,2021-02-09,753354.0048563707
65-74,West_Midlands,359,0,0,2021-02-09,584326.1137508729
75+,West_Midlands,359,0,0,2021-02-09,500934.8506820068
1-4,West_Midlands,360,0,0,2021-02-10,692584.7745597636
5-14,West_Midlands,360,0,0,2021-02-10,216414.25914068182
15-24,West_Midlands,360,0,0,2021-02-10,1521347.7465233728
25-44,West_Midlands,360,0,0,2021-02-10,1491941.7643508296
45-64,West_Midlands,360,0,0,2021-02-10,753354.0048563707
65-74,West_Midlands,360,0,0,2021-02-10,584326.1137508729
75+,West_Midlands,360,0,0,2021-02-10,500934.8506820068
1-4,West_Midlands,361,0,0,2021-02-11,692584.7745597636
5-14,West_Midlands,361,0,0,2021-02-11,216414.25914068182
15-24,West_Midlands,361,0,0,2021-02-11,1521347.7465233728
25-44,West_Midlands,361,0,0,2021-02-11,1491941.7643508296
45-64,West_Midlands,361,0,0,2021-02-11,753354.0048563707
65-74,West_Midlands,361,0,0,2021-02-11,584326.1137508729
75+,West_Midlands,361,0,0,2021-02-11,500934.8506820068
1-4,West_Midlands,362,0,0,2021-02-12,692584.7745597636
5-14,West_Midlands,362,0,0,2021-02-12,216414.25914068182
15-24,West_Midlands,362,0,0,2021-02-12,1521347.7465233728
25-44,West_Midlands,362,0,0,2021-02-12,1491941.7643508296
45-64,West_Midlands,362,0,0,2021-02-12,753354.0048563707
65-74,West_Midlands,362,0,0,2021-02-12,584326.1137508729
75+,West_Midlands,362,0,0,2021-02-12,500934.8506820068
1-4,West_Midlands,363,0,0,2021-02-13,692584.7745597636
5-14,West_Midlands,363,0,0,2021-02-13,216414.25914068182
15-24,West_Midlands,363,0,0,2021-02-13,1521347.7465233728
25-44,West_Midlands,363,0,0,2021-02-13,1491941.7643508296
45-64,West_Midlands,363,0,0,2021-02-13,753354.0048563707
65-74,West_Midlands,363,0,0,2021-02-13,584326.1137508729
75+,West_Midlands,363,0,0,2021-02-13,500934.8506820068
1-4,West_Midlands,364,0,0,2021-02-14,692584.7745597636
5-14,West_Midlands,364,0,0,2021-02-14,216414.25914068182
15-24,West_Midlands,364,0,0,2021-02-14,1521347.7465233728
25-44,West_Midlands,364,0,0,2021-02-14,1491941.7643508296
45-64,West_Midlands,364,0,0,2021-02-14,753354.0048563707
65-74,West_Midlands,364,0,0,2021-02-14,584326.1137508729
75+,West_Midlands,364,0,0,2021-02-14,500934.8506820068
1-4,West_Midlands,365,0,0,2021-02-15,692584.7745597636
5-14,West_Midlands,365,0,0,2021-02-15,216414.25914068182
15-24,West_Midlands,365,0,0,2021-02-15,1521347.7465233728
25-44,West_Midlands,365,0,0,2021-02-15,1491941.7643508296
45-64,West_Midlands,365,0,0,2021-02-15,753354.0048563707
65-74,West_Midlands,365,0,0,2021-02-15,584326.1137508729
75+,West_Midlands,365,0,0,2021-02-15,500934.8506820068
1-4,West_Midlands,366,0,0,2021-02-16,692584.7745597636
5-14,West_Midlands,366,0,0,2021-02-16,216414.25914068182
15-24,West_Midlands,366,0,0,2021-02-16,1521347.7465233728
25-44,West_Midlands,366,0,0,2021-02-16,1491941.7643508296
45-64,West_Midlands,366,0,0,2021-02-16,753354.0048563707
65-74,West_Midlands,366,0,0,2021-02-16,584326.1137508729
75+,West_Midlands,366,0,0,2021-02-16,500934.8506820068
1-4,West_Midlands,367,0,0,2021-02-17,692584.7745597636
5-14,West_Midlands,367,7.804156818905662,0.4631122134683493,2021-02-17,216414.25914068182
15-24,West_Midlands,367,9.946441894244135,0.40246340565973454,2021-02-17,1521347.7465233728
25-44,West_Midlands,367,9.376726421832892,0.3978268597178296,2021-02-17,1491941.7643508296
45-64,West_Midlands,367,8.485095416958211,0.41688373002557483,2021-02-17,753354.0048563707
65-74,West_Midlands,367,8.111033853525901,0.17595658404736492,2021-02-17,584326.1137508729
75+,West_Midlands,367,8.012550303884003,0.21621200880480243,2021-02-17,500934.8506820068
1-4,West_Midlands,368,0,0,2021-02-18,692584.7745597636
5-14,West_Midlands,368,0,0,2021-02-18,216414.25914068182
15-24,West_Midlands,368,0,0,2021-02-18,1521347.7465233728
25-44,West_Midlands,368,0,0,2021-02-18,1491941.7643508296
45-64,West_Midlands,368,0,0,2021-02-18,753354.0048563707
65-74,West_Midlands,368,0,0,2021-02-18,584326.1137508729
75+,West_Midlands,368,0,0,2021-02-18,500934.8506820068
1-4,West_Midlands,369,0,0,2021-02-19,692584.7745597636
5-14,West_Midlands,369,0,0,2021-02-19,216414.25914068182
15-24,West_Midlands,369,0,0,2021-02-19,1521347.7465233728
25-44,West_Midlands,369,0,0,2021-02-19,1491941.7643508296
45-64,West_Midlands,369,0,0,2021-02-19,753354.0048563707
65-74,West_Midlands,369,0,0,2021-02-19,584326.1137508729
75+,West_Midlands,369,0,0,2021-02-19,500934.8506820068
1-4,West_Midlands,370,0,0,2021-02-20,692584.7745597636
5-14,West_Midlands,370,0,0,2021-02-20,216414.25914068182
15-24,West_Midlands,370,0,0,2021-02-20,1521347.7465233728
25-44,West_Midlands,370,0,0,2021-02-20,1491941.7643508296
45-64,West_Midlands,370,0,0,2021-02-20,753354.0048563707
65-74,West_Midlands,370,0,0,2021-02-20,584326.1137508729
75+,West_Midlands,370,0,0,2021-02-20,500934.8506820068
1-4,West_Midlands,371,0,0,2021-02-21,692584.7745597636
5-14,West_Midlands,371,0,0,2021-02-21,216414.25914068182
15-24,West_Midlands,371,0,0,2021-02-21,1521347.7465233728
25-44,West_Midlands,371,0,0,2021-02-21,1491941.7643508296
45-64,West_Midlands,371,0,0,2021-02-21,753354.0048563707
65-74,West_Midlands,371,0,0,2021-02-21,584326.1137508729
75+,West_Midlands,371,0,0,2021-02-21,500934.8506820068
1-4,West_Midlands,372,0,0,2021-02-22,692584.7745597636
5-14,West_Midlands,372,0,0,2021-02-22,216414.25914068182
15-24,West_Midlands,372,0,0,2021-02-22,1521347.7465233728
25-44,West_Midlands,372,0,0,2021-02-22,1491941.7643508296
45-64,West_Midlands,372,0,0,2021-02-22,753354.0048563707
65-74,West_Midlands,372,0,0,2021-02-22,584326.1137508729
75+,West_Midlands,372,0,0,2021-02-22,500934.8506820068
1-4,West_Midlands,373,0,0,2021-02-23,692584.7745597636
5-14,West_Midlands,373,0,0,2021-02-23,216414.25914068182
15-24,West_Midlands,373,0,0,2021-02-23,1521347.7465233728
25-44,West_Midlands,373,0,0,2021-02-23,1491941.7643508296
45-64,West_Midlands,373,0,0,2021-02-23,753354.0048563707
65-74,West_Midlands,373,0,0,2021-02-23,584326.1137508729
75+,West_Midlands,373,0,0,2021-02-23,500934.8506820068
1-4,West_Midlands,374,0,0,2021-02-24,692584.7745597636
5-14,West_Midlands,374,0,0,2021-02-24,216414.25914068182
15-24,West_Midlands,374,0,0,2021-02-24,1521347.7465233728
25-44,West_Midlands,374,0,0,2021-02-24,1491941.7643508296
45-64,West_Midlands,374,0,0,2021-02-24,753354.0048563707
65-74,West_Midlands,374,0,0,2021-02-24,584326.1137508729
75+,West_Midlands,374,0,0,2021-02-24,500934.8506820068
1-4,West_Midlands,375,0,0,2021-02-25,692584.7745597636
5-14,West_Midlands,375,0,0,2021-02-25,216414.25914068182
15-24,West_Midlands,375,0,0,2021-02-25,1521347.7465233728
25-44,West_Midlands,375,0,0,2021-02-25,1491941.7643508296
45-64,West_Midlands,375,0,0,2021-02-25,753354.0048563707
65-74,West_Midlands,375,0,0,2021-02-25,584326.1137508729
75+,West_Midlands,375,0,0,2021-02-25,500934.8506820068
1-4,West_Midlands,376,0,0,2021-02-26,692584.7745597636
5-14,West_Midlands,376,0,0,2021-02-26,216414.25914068182
15-24,West_Midlands,376,0,0,2021-02-26,1521347.7465233728
25-44,West_Midlands,376,0,0,2021-02-26,1491941.7643508296
45-64,West_Midlands,376,0,0,2021-02-26,753354.0048563707
65-74,West_Midlands,376,0,0,2021-02-26,584326.1137508729
75+,West_Midlands,376,0,0,2021-02-26,500934.8506820068
1-4,West_Midlands,377,0,0,2021-02-27,692584.7745597636
5-14,West_Midlands,377,0,0,2021-02-27,216414.25914068182
15-24,West_Midlands,377,0,0,2021-02-27,1521347.7465233728
25-44,West_Midlands,377,0,0,2021-02-27,1491941.7643508296
45-64,West_Midlands,377,0,0,2021-02-27,753354.0048563707
65-74,West_Midlands,377,0,0,2021-02-27,584326.1137508729
75+,West_Midlands,377,0,0,2021-02-27,500934.8506820068
1-4,West_Midlands,378,0,0,2021-02-28,692584.7745597636
5-14,West_Midlands,378,0,0,2021-02-28,216414.25914068182
15-24,West_Midlands,378,0,0,2021-02-28,1521347.7465233728
25-44,West_Midlands,378,0,0,2021-02-28,1491941.7643508296
45-64,West_Midlands,378,0,0,2021-02-28,753354.0048563707
65-74,West_Midlands,378,0,0,2021-02-28,584326.1137508729
75+,West_Midlands,378,0,0,2021-02-28,500934.8506820068
1-4,West_Midlands,379,0,0,2021-03-01,692584.7745597636
5-14,West_Midlands,379,0,0,2021-03-01,216414.25914068182
15-24,West_Midlands,379,0,0,2021-03-01,1521347.7465233728
25-44,West_Midlands,379,0,0,2021-03-01,1491941.7643508296
45-64,West_Midlands,379,0,0,2021-03-01,753354.0048563707
65-74,West_Midlands,379,0,0,2021-03-01,584326.1137508729
75+,West_Midlands,379,0,0,2021-03-01,500934.8506820068
1-4,West_Midlands,380,0,0,2021-03-02,692584.7745597636
5-14,West_Midlands,380,0,0,2021-03-02,216414.25914068182
15-24,West_Midlands,380,0,0,2021-03-02,1521347.7465233728
25-44,West_Midlands,380,0,0,2021-03-02,1491941.7643508296
45-64,West_Midlands,380,0,0,2021-03-02,753354.0048563707
65-74,West_Midlands,380,0,0,2021-03-02,584326.1137508729
75+,West_Midlands,380,0,0,2021-03-02,500934.8506820068
1-4,West_Midlands,381,0,0,2021-03-03,692584.7745597636
5-14,West_Midlands,381,7.477993522584103,0.5060329883149048,2021-03-03,216414.25914068182
15-24,West_Midlands,381,9.401997333287335,0.4163175331853372,2021-03-03,1521347.7465233728
25-44,West_Midlands,381,8.974983390122691,0.4051479825224107,2021-03-03,1491941.7643508296
45-64,West_Midlands,381,8.277507522796553,0.4309284052593923,2021-03-03,753354.0048563707
65-74,West_Midlands,381,7.726445483791306,0.20654635434770435,2021-03-03,584326.1137508729
75+,West_Midlands,381,7.440698035188254,0.2765834683739838,2021-03-03,500934.8506820068
1-4,West_Midlands,382,0,0,2021-03-04,692584.7745597636
5-14,West_Midlands,382,0,0,2021-03-04,216414.25914068182
15-24,West_Midlands,382,0,0,2021-03-04,1521347.7465233728
25-44,West_Midlands,382,0,0,2021-03-04,1491941.7643508296
45-64,West_Midlands,382,0,0,2021-03-04,753354.0048563707
65-74,West_Midlands,382,0,0,2021-03-04,584326.1137508729
75+,West_Midlands,382,0,0,2021-03-04,500934.8506820068
1-4,West_Midlands,383,0,0,2021-03-05,692584.7745597636
5-14,West_Midlands,383,0,0,2021-03-05,216414.25914068182
15-24,West_Midlands,383,0,0,2021-03-05,1521347.7465233728
25-44,West_Midlands,383,0,0,2021-03-05,1491941.7643508296
45-64,West_Midlands,383,0,0,2021-03-05,753354.0048563707
65-74,West_Midlands,383,0,0,2021-03-05,584326.1137508729
75+,West_Midlands,383,0,0,2021-03-05,500934.8506820068
1-4,West_Midlands,384,0,0,2021-03-06,692584.7745597636
5-14,West_Midlands,384,0,0,2021-03-06,216414.25914068182
15-24,West_Midlands,384,0,0,2021-03-06,1521347.7465233728
25-44,West_Midlands,384,0,0,2021-03-06,1491941.7643508296
45-64,West_Midlands,384,0,0,2021-03-06,753354.0048563707
65-74,West_Midlands,384,0,0,2021-03-06,584326.1137508729
75+,West_Midlands,384,0,0,2021-03-06,500934.8506820068
1-4,West_Midlands,385,0,0,2021-03-07,692584.7745597636
5-14,West_Midlands,385,0,0,2021-03-07,216414.25914068182
15-24,West_Midlands,385,0,0,2021-03-07,1521347.7465233728
25-44,West_Midlands,385,0,0,2021-03-07,1491941.7643508296
45-64,West_Midlands,385,0,0,2021-03-07,753354.0048563707
65-74,West_Midlands,385,0,0,2021-03-07,584326.1137508729
75+,West_Midlands,385,0,0,2021-03-07,500934.8506820068
1-4,West_Midlands,386,0,0,2021-03-08,692584.7745597636
5-14,West_Midlands,386,0,0,2021-03-08,216414.25914068182
15-24,West_Midlands,386,0,0,2021-03-08,1521347.7465233728
25-44,West_Midlands,386,0,0,2021-03-08,1491941.7643508296
45-64,West_Midlands,386,0,0,2021-03-08,753354.0048563707
65-74,West_Midlands,386,0,0,2021-03-08,584326.1137508729
75+,West_Midlands,386,0,0,2021-03-08,500934.8506820068
1-4,West_Midlands,387,0,0,2021-03-09,692584.7745597636
5-14,West_Midlands,387,0,0,2021-03-09,216414.25914068182
15-24,West_Midlands,387,0,0,2021-03-09,1521347.7465233728
25-44,West_Midlands,387,0,0,2021-03-09,1491941.7643508296
45-64,West_Midlands,387,0,0,2021-03-09,753354.0048563707
65-74,West_Midlands,387,0,0,2021-03-09,584326.1137508729
75+,West_Midlands,387,0,0,2021-03-09,500934.8506820068
1-4,West_Midlands,388,0,0,2021-03-10,692584.7745597636
5-14,West_Midlands,388,0,0,2021-03-10,216414.25914068182
15-24,West_Midlands,388,0,0,2021-03-10,1521347.7465233728
25-44,West_Midlands,388,0,0,2021-03-10,1491941.7643508296
45-64,West_Midlands,388,0,0,2021-03-10,753354.0048563707
65-74,West_Midlands,388,0,0,2021-03-10,584326.1137508729
75+,West_Midlands,388,0,0,2021-03-10,500934.8506820068
1-4,West_Midlands,389,0,0,2021-03-11,692584.7745597636
5-14,West_Midlands,389,0,0,2021-03-11,216414.25914068182
15-24,West_Midlands,389,0,0,2021-03-11,1521347.7465233728
25-44,West_Midlands,389,0,0,2021-03-11,1491941.7643508296
45-64,West_Midlands,389,0,0,2021-03-11,753354.0048563707
65-74,West_Midlands,389,0,0,2021-03-11,584326.1137508729
75+,West_Midlands,389,0,0,2021-03-11,500934.8506820068
1-4,West_Midlands,390,0,0,2021-03-12,692584.7745597636
5-14,West_Midlands,390,0,0,2021-03-12,216414.25914068182
15-24,West_Midlands,390,0,0,2021-03-12,1521347.7465233728
25-44,West_Midlands,390,0,0,2021-03-12,1491941.7643508296
45-64,West_Midlands,390,0,0,2021-03-12,753354.0048563707
65-74,West_Midlands,390,0,0,2021-03-12,584326.1137508729
75+,West_Midlands,390,0,0,2021-03-12,500934.8506820068
1-4,West_Midlands,391,0,0,2021-03-13,692584.7745597636
5-14,West_Midlands,391,0,0,2021-03-13,216414.25914068182
15-24,West_Midlands,391,0,0,2021-03-13,1521347.7465233728
25-44,West_Midlands,391,0,0,2021-03-13,1491941.7643508296
45-64,West_Midlands,391,0,0,2021-03-13,753354.0048563707
65-74,West_Midlands,391,0,0,2021-03-13,584326.1137508729
75+,West_Midlands,391,0,0,2021-03-13,500934.8506820068
1-4,West_Midlands,392,0,0,2021-03-14,692584.7745597636
5-14,West_Midlands,392,0,0,2021-03-14,216414.25914068182
15-24,West_Midlands,392,0,0,2021-03-14,1521347.7465233728
25-44,West_Midlands,392,0,0,2021-03-14,1491941.7643508296
45-64,West_Midlands,392,0,0,2021-03-14,753354.0048563707
65-74,West_Midlands,392,0,0,2021-03-14,584326.1137508729
75+,West_Midlands,392,0,0,2021-03-14,500934.8506820068
1-4,West_Midlands,393,0,0,2021-03-15,692584.7745597636
5-14,West_Midlands,393,0,0,2021-03-15,216414.25914068182
15-24,West_Midlands,393,0,0,2021-03-15,1521347.7465233728
25-44,West_Midlands,393,0,0,2021-03-15,1491941.7643508296
45-64,West_Midlands,393,0,0,2021-03-15,753354.0048563707
65-74,West_Midlands,393,0,0,2021-03-15,584326.1137508729
75+,West_Midlands,393,0,0,2021-03-15,500934.8506820068
1-4,West_Midlands,394,0,0,2021-03-16,692584.7745597636
5-14,West_Midlands,394,0,0,2021-03-16,216414.25914068182
15-24,West_Midlands,394,0,0,2021-03-16,1521347.7465233728
25-44,West_Midlands,394,0,0,2021-03-16,1491941.7643508296
45-64,West_Midlands,394,0,0,2021-03-16,753354.0048563707
65-74,West_Midlands,394,0,0,2021-03-16,584326.1137508729
75+,West_Midlands,394,0,0,2021-03-16,500934.8506820068
1-4,West_Midlands,395,0,0,2021-03-17,692584.7745597636
5-14,West_Midlands,395,7.252153268287184,0.6633779192212284,2021-03-17,216414.25914068182
15-24,West_Midlands,395,9.00772538820147,0.4802928303768937,2021-03-17,1521347.7465233728
25-44,West_Midlands,395,8.846798170590656,0.4401598973852829,2021-03-17,1491941.7643508296
45-64,West_Midlands,395,8.08420520141573,0.5118258067245245,2021-03-17,753354.0048563707
65-74,West_Midlands,395,7.589314802924897,0.3175438939605955,2021-03-17,584326.1137508729
75+,West_Midlands,395,6.88341840036389,0.4761442334899642,2021-03-17,500934.8506820068
1-4,East_of_England,75,0,0,2020-05-01,628529.645039669
5-14,East_of_England,75,0,0,2020-05-01,223817.66597000437
15-24,East_of_England,75,0,0,2020-05-01,1550838.8896014034
25-44,East_of_England,75,0,0,2020-05-01,1636615.463507237
45-64,East_of_England,75,0,0,2020-05-01,784590.2828857166
65-74,East_of_England,75,0,0,2020-05-01,658312.0186440421
75+,East_of_England,75,0,0,2020-05-01,560524.0857834858
1-4,East_of_England,76,0,0,2020-05-02,628529.645039669
5-14,East_of_England,76,0,0,2020-05-02,223817.66597000437
15-24,East_of_England,76,0,0,2020-05-02,1550838.8896014034
25-44,East_of_England,76,0,0,2020-05-02,1636615.463507237
45-64,East_of_England,76,0,0,2020-05-02,784590.2828857166
65-74,East_of_England,76,0,0,2020-05-02,658312.0186440421
75+,East_of_England,76,0,0,2020-05-02,560524.0857834858
1-4,East_of_England,77,0,0,2020-05-03,628529.645039669
5-14,East_of_England,77,0,0,2020-05-03,223817.66597000437
15-24,East_of_England,77,0,0,2020-05-03,1550838.8896014034
25-44,East_of_England,77,0,0,2020-05-03,1636615.463507237
45-64,East_of_England,77,0,0,2020-05-03,784590.2828857166
65-74,East_of_England,77,0,0,2020-05-03,658312.0186440421
75+,East_of_England,77,0,0,2020-05-03,560524.0857834858
1-4,East_of_England,78,0,0,2020-05-04,628529.645039669
5-14,East_of_England,78,0,0,2020-05-04,223817.66597000437
15-24,East_of_England,78,0,0,2020-05-04,1550838.8896014034
25-44,East_of_England,78,0,0,2020-05-04,1636615.463507237
45-64,East_of_England,78,0,0,2020-05-04,784590.2828857166
65-74,East_of_England,78,0,0,2020-05-04,658312.0186440421
75+,East_of_England,78,0,0,2020-05-04,560524.0857834858
1-4,East_of_England,79,0,0,2020-05-05,628529.645039669
5-14,East_of_England,79,0,0,2020-05-05,223817.66597000437
15-24,East_of_England,79,0,0,2020-05-05,1550838.8896014034
25-44,East_of_England,79,0,0,2020-05-05,1636615.463507237
45-64,East_of_England,79,0,0,2020-05-05,784590.2828857166
65-74,East_of_England,79,0,0,2020-05-05,658312.0186440421
75+,East_of_England,79,0,0,2020-05-05,560524.0857834858
1-4,East_of_England,80,0,0,2020-05-06,628529.645039669
5-14,East_of_England,80,0,0,2020-05-06,223817.66597000437
15-24,East_of_England,80,0,0,2020-05-06,1550838.8896014034
25-44,East_of_England,80,0,0,2020-05-06,1636615.463507237
45-64,East_of_England,80,0,0,2020-05-06,784590.2828857166
65-74,East_of_England,80,0,0,2020-05-06,658312.0186440421
75+,East_of_England,80,0,0,2020-05-06,560524.0857834858
1-4,East_of_England,81,0,0,2020-05-07,628529.645039669
5-14,East_of_England,81,0,0,2020-05-07,223817.66597000437
15-24,East_of_England,81,0,0,2020-05-07,1550838.8896014034
25-44,East_of_England,81,0,0,2020-05-07,1636615.463507237
45-64,East_of_England,81,0,0,2020-05-07,784590.2828857166
65-74,East_of_England,81,0,0,2020-05-07,658312.0186440421
75+,East_of_England,81,0,0,2020-05-07,560524.0857834858
1-4,East_of_England,82,0,0,2020-05-08,628529.645039669
5-14,East_of_England,82,0,0,2020-05-08,223817.66597000437
15-24,East_of_England,82,0,0,2020-05-08,1550838.8896014034
25-44,East_of_England,82,0,0,2020-05-08,1636615.463507237
45-64,East_of_England,82,0,0,2020-05-08,784590.2828857166
65-74,East_of_England,82,0,0,2020-05-08,658312.0186440421
75+,East_of_England,82,0,0,2020-05-08,560524.0857834858
1-4,East_of_England,83,0,0,2020-05-09,628529.645039669
5-14,East_of_England,83,0,0,2020-05-09,223817.66597000437
15-24,East_of_England,83,0,0,2020-05-09,1550838.8896014034
25-44,East_of_England,83,0,0,2020-05-09,1636615.463507237
45-64,East_of_England,83,0,0,2020-05-09,784590.2828857166
65-74,East_of_England,83,0,0,2020-05-09,658312.0186440421
75+,East_of_England,83,0,0,2020-05-09,560524.0857834858
1-4,East_of_England,84,0,0,2020-05-10,628529.645039669
5-14,East_of_England,84,0,0,2020-05-10,223817.66597000437
15-24,East_of_England,84,0,0,2020-05-10,1550838.8896014034
25-44,East_of_England,84,0,0,2020-05-10,1636615.463507237
45-64,East_of_England,84,0,0,2020-05-10,784590.2828857166
65-74,East_of_England,84,0,0,2020-05-10,658312.0186440421
75+,East_of_England,84,0,0,2020-05-10,560524.0857834858
1-4,East_of_England,85,0,0,2020-05-11,628529.645039669
5-14,East_of_England,85,0,0,2020-05-11,223817.66597000437
15-24,East_of_England,85,0,0,2020-05-11,1550838.8896014034
25-44,East_of_England,85,0,0,2020-05-11,1636615.463507237
45-64,East_of_England,85,0,0,2020-05-11,784590.2828857166
65-74,East_of_England,85,0,0,2020-05-11,658312.0186440421
75+,East_of_England,85,0,0,2020-05-11,560524.0857834858
1-4,East_of_England,86,0,0,2020-05-12,628529.645039669
5-14,East_of_England,86,0,0,2020-05-12,223817.66597000437
15-24,East_of_England,86,0,0,2020-05-12,1550838.8896014034
25-44,East_of_England,86,0,0,2020-05-12,1636615.463507237
45-64,East_of_England,86,0,0,2020-05-12,784590.2828857166
65-74,East_of_England,86,0,0,2020-05-12,658312.0186440421
75+,East_of_England,86,0,0,2020-05-12,560524.0857834858
1-4,East_of_England,87,0,0,2020-05-13,628529.645039669
5-14,East_of_England,87,7.3872491843797015,0.1558845293926873,2020-05-13,223817.66597000437
15-24,East_of_England,87,9.52302844709033,0.15461218284453976,2020-05-13,1550838.8896014034
25-44,East_of_England,87,9.156141072635927,0.15185157514554615,2020-05-13,1636615.463507237
45-64,East_of_England,87,8.332455792381097,0.14928388206760485,2020-05-13,784590.2828857166
65-74,East_of_England,87,7.896726595433317,0.15566145234923906,2020-05-13,658312.0186440421
75+,East_of_England,87,7.699513892250897,0.16379143364116006,2020-05-13,560524.0857834858
1-4,East_of_England,88,0,0,2020-05-14,628529.645039669
5-14,East_of_England,88,0,0,2020-05-14,223817.66597000437
15-24,East_of_England,88,0,0,2020-05-14,1550838.8896014034
25-44,East_of_England,88,0,0,2020-05-14,1636615.463507237
45-64,East_of_England,88,0,0,2020-05-14,784590.2828857166
65-74,East_of_England,88,0,0,2020-05-14,658312.0186440421
75+,East_of_England,88,0,0,2020-05-14,560524.0857834858
1-4,East_of_England,89,0,0,2020-05-15,628529.645039669
5-14,East_of_England,89,0,0,2020-05-15,223817.66597000437
15-24,East_of_England,89,0,0,2020-05-15,1550838.8896014034
25-44,East_of_England,89,0,0,2020-05-15,1636615.463507237
45-64,East_of_England,89,0,0,2020-05-15,784590.2828857166
65-74,East_of_England,89,0,0,2020-05-15,658312.0186440421
75+,East_of_England,89,0,0,2020-05-15,560524.0857834858
1-4,East_of_England,90,0,0,2020-05-16,628529.645039669
5-14,East_of_England,90,0,0,2020-05-16,223817.66597000437
15-24,East_of_England,90,0,0,2020-05-16,1550838.8896014034
25-44,East_of_England,90,0,0,2020-05-16,1636615.463507237
45-64,East_of_England,90,0,0,2020-05-16,784590.2828857166
65-74,East_of_England,90,0,0,2020-05-16,658312.0186440421
75+,East_of_England,90,0,0,2020-05-16,560524.0857834858
1-4,East_of_England,91,0,0,2020-05-17,628529.645039669
5-14,East_of_England,91,0,0,2020-05-17,223817.66597000437
15-24,East_of_England,91,0,0,2020-05-17,1550838.8896014034
25-44,East_of_England,91,0,0,2020-05-17,1636615.463507237
45-64,East_of_England,91,0,0,2020-05-17,784590.2828857166
65-74,East_of_England,91,0,0,2020-05-17,658312.0186440421
75+,East_of_England,91,0,0,2020-05-17,560524.0857834858
1-4,East_of_England,92,0,0,2020-05-18,628529.645039669
5-14,East_of_England,92,0,0,2020-05-18,223817.66597000437
15-24,East_of_England,92,0,0,2020-05-18,1550838.8896014034
25-44,East_of_England,92,0,0,2020-05-18,1636615.463507237
45-64,East_of_England,92,0,0,2020-05-18,784590.2828857166
65-74,East_of_England,92,0,0,2020-05-18,658312.0186440421
75+,East_of_England,92,0,0,2020-05-18,560524.0857834858
1-4,East_of_England,93,0,0,2020-05-19,628529.645039669
5-14,East_of_England,93,0,0,2020-05-19,223817.66597000437
15-24,East_of_England,93,0,0,2020-05-19,1550838.8896014034
25-44,East_of_England,93,0,0,2020-05-19,1636615.463507237
45-64,East_of_England,93,0,0,2020-05-19,784590.2828857166
65-74,East_of_England,93,0,0,2020-05-19,658312.0186440421
75+,East_of_England,93,0,0,2020-05-19,560524.0857834858
1-4,East_of_England,94,0,0,2020-05-20,628529.645039669
5-14,East_of_England,94,0,0,2020-05-20,223817.66597000437
15-24,East_of_England,94,0,0,2020-05-20,1550838.8896014034
25-44,East_of_England,94,0,0,2020-05-20,1636615.463507237
45-64,East_of_England,94,0,0,2020-05-20,784590.2828857166
65-74,East_of_England,94,0,0,2020-05-20,658312.0186440421
75+,East_of_England,94,0,0,2020-05-20,560524.0857834858
1-4,East_of_England,95,0,0,2020-05-21,628529.645039669
5-14,East_of_England,95,0,0,2020-05-21,223817.66597000437
15-24,East_of_England,95,0,0,2020-05-21,1550838.8896014034
25-44,East_of_England,95,0,0,2020-05-21,1636615.463507237
45-64,East_of_England,95,0,0,2020-05-21,784590.2828857166
65-74,East_of_England,95,0,0,2020-05-21,658312.0186440421
75+,East_of_England,95,0,0,2020-05-21,560524.0857834858
1-4,East_of_England,96,0,0,2020-05-22,628529.645039669
5-14,East_of_England,96,0,0,2020-05-22,223817.66597000437
15-24,East_of_England,96,0,0,2020-05-22,1550838.8896014034
25-44,East_of_England,96,0,0,2020-05-22,1636615.463507237
45-64,East_of_England,96,0,0,2020-05-22,784590.2828857166
65-74,East_of_England,96,0,0,2020-05-22,658312.0186440421
75+,East_of_England,96,0,0,2020-05-22,560524.0857834858
1-4,East_of_England,97,0,0,2020-05-23,628529.645039669
5-14,East_of_England,97,0,0,2020-05-23,223817.66597000437
15-24,East_of_England,97,0,0,2020-05-23,1550838.8896014034
25-44,East_of_England,97,0,0,2020-05-23,1636615.463507237
45-64,East_of_England,97,0,0,2020-05-23,784590.2828857166
65-74,East_of_England,97,0,0,2020-05-23,658312.0186440421
75+,East_of_England,97,0,0,2020-05-23,560524.0857834858
1-4,East_of_England,98,0,0,2020-05-24,628529.645039669
5-14,East_of_England,98,0,0,2020-05-24,223817.66597000437
15-24,East_of_England,98,0,0,2020-05-24,1550838.8896014034
25-44,East_of_England,98,0,0,2020-05-24,1636615.463507237
45-64,East_of_England,98,0,0,2020-05-24,784590.2828857166
65-74,East_of_England,98,0,0,2020-05-24,658312.0186440421
75+,East_of_England,98,0,0,2020-05-24,560524.0857834858
1-4,East_of_England,99,0,0,2020-05-25,628529.645039669
5-14,East_of_England,99,0,0,2020-05-25,223817.66597000437
15-24,East_of_England,99,0,0,2020-05-25,1550838.8896014034
25-44,East_of_England,99,0,0,2020-05-25,1636615.463507237
45-64,East_of_England,99,0,0,2020-05-25,784590.2828857166
65-74,East_of_England,99,0,0,2020-05-25,658312.0186440421
75+,East_of_England,99,0,0,2020-05-25,560524.0857834858
1-4,East_of_England,100,0,0,2020-05-26,628529.645039669
5-14,East_of_England,100,0,0,2020-05-26,223817.66597000437
15-24,East_of_England,100,0,0,2020-05-26,1550838.8896014034
25-44,East_of_England,100,0,0,2020-05-26,1636615.463507237
45-64,East_of_England,100,0,0,2020-05-26,784590.2828857166
65-74,East_of_England,100,0,0,2020-05-26,658312.0186440421
75+,East_of_England,100,0,0,2020-05-26,560524.0857834858
1-4,East_of_England,101,0,0,2020-05-27,628529.645039669
5-14,East_of_England,101,7.154361217356491,0.12586740925749734,2020-05-27,223817.66597000437
15-24,East_of_England,101,9.290480842381884,0.1252061417560086,2020-05-27,1550838.8896014034
25-44,East_of_England,101,8.922947669618875,0.1212148380775585,2020-05-27,1636615.463507237
45-64,East_of_England,101,8.099162173157847,0.11786634507852264,2020-05-27,784590.2828857166
65-74,East_of_England,101,7.663198299014649,0.12427625163710786,2020-05-27,658312.0186440421
75+,East_of_England,101,7.465911822856771,0.13436800016217074,2020-05-27,560524.0857834858
1-4,East_of_England,102,0,0,2020-05-28,628529.645039669
5-14,East_of_England,102,0,0,2020-05-28,223817.66597000437
15-24,East_of_England,102,0,0,2020-05-28,1550838.8896014034
25-44,East_of_England,102,0,0,2020-05-28,1636615.463507237
45-64,East_of_England,102,0,0,2020-05-28,784590.2828857166
65-74,East_of_England,102,0,0,2020-05-28,658312.0186440421
75+,East_of_England,102,0,0,2020-05-28,560524.0857834858
1-4,East_of_England,103,0,0,2020-05-29,628529.645039669
5-14,East_of_England,103,0,0,2020-05-29,223817.66597000437
15-24,East_of_England,103,0,0,2020-05-29,1550838.8896014034
25-44,East_of_England,103,0,0,2020-05-29,1636615.463507237
45-64,East_of_England,103,0,0,2020-05-29,784590.2828857166
65-74,East_of_England,103,0,0,2020-05-29,658312.0186440421
75+,East_of_England,103,0,0,2020-05-29,560524.0857834858
1-4,East_of_England,104,0,0,2020-05-30,628529.645039669
5-14,East_of_England,104,0,0,2020-05-30,223817.66597000437
15-24,East_of_England,104,0,0,2020-05-30,1550838.8896014034
25-44,East_of_England,104,0,0,2020-05-30,1636615.463507237
45-64,East_of_England,104,0,0,2020-05-30,784590.2828857166
65-74,East_of_England,104,0,0,2020-05-30,658312.0186440421
75+,East_of_England,104,0,0,2020-05-30,560524.0857834858
1-4,East_of_England,105,0,0,2020-05-31,628529.645039669
5-14,East_of_England,105,0,0,2020-05-31,223817.66597000437
15-24,East_of_England,105,0,0,2020-05-31,1550838.8896014034
25-44,East_of_England,105,0,0,2020-05-31,1636615.463507237
45-64,East_of_England,105,0,0,2020-05-31,784590.2828857166
65-74,East_of_England,105,0,0,2020-05-31,658312.0186440421
75+,East_of_England,105,0,0,2020-05-31,560524.0857834858
1-4,East_of_England,106,0,0,2020-06-01,628529.645039669
5-14,East_of_England,106,0,0,2020-06-01,223817.66597000437
15-24,East_of_England,106,0,0,2020-06-01,1550838.8896014034
25-44,East_of_England,106,0,0,2020-06-01,1636615.463507237
45-64,East_of_England,106,0,0,2020-06-01,784590.2828857166
65-74,East_of_England,106,0,0,2020-06-01,658312.0186440421
75+,East_of_England,106,0,0,2020-06-01,560524.0857834858
1-4,East_of_England,107,0,0,2020-06-02,628529.645039669
5-14,East_of_England,107,0,0,2020-06-02,223817.66597000437
15-24,East_of_England,107,0,0,2020-06-02,1550838.8896014034
25-44,East_of_England,107,0,0,2020-06-02,1636615.463507237
45-64,East_of_England,107,0,0,2020-06-02,784590.2828857166
65-74,East_of_England,107,0,0,2020-06-02,658312.0186440421
75+,East_of_England,107,0,0,2020-06-02,560524.0857834858
1-4,East_of_England,108,0,0,2020-06-03,628529.645039669
5-14,East_of_England,108,0,0,2020-06-03,223817.66597000437
15-24,East_of_England,108,0,0,2020-06-03,1550838.8896014034
25-44,East_of_England,108,0,0,2020-06-03,1636615.463507237
45-64,East_of_England,108,0,0,2020-06-03,784590.2828857166
65-74,East_of_England,108,0,0,2020-06-03,658312.0186440421
75+,East_of_England,108,0,0,2020-06-03,560524.0857834858
1-4,East_of_England,109,0,0,2020-06-04,628529.645039669
5-14,East_of_England,109,0,0,2020-06-04,223817.66597000437
15-24,East_of_England,109,0,0,2020-06-04,1550838.8896014034
25-44,East_of_England,109,0,0,2020-06-04,1636615.463507237
45-64,East_of_England,109,0,0,2020-06-04,784590.2828857166
65-74,East_of_England,109,0,0,2020-06-04,658312.0186440421
75+,East_of_England,109,0,0,2020-06-04,560524.0857834858
1-4,East_of_England,110,0,0,2020-06-05,628529.645039669
5-14,East_of_England,110,0,0,2020-06-05,223817.66597000437
15-24,East_of_England,110,0,0,2020-06-05,1550838.8896014034
25-44,East_of_England,110,0,0,2020-06-05,1636615.463507237
45-64,East_of_England,110,0,0,2020-06-05,784590.2828857166
65-74,East_of_England,110,0,0,2020-06-05,658312.0186440421
75+,East_of_England,110,0,0,2020-06-05,560524.0857834858
1-4,East_of_England,111,0,0,2020-06-06,628529.645039669
5-14,East_of_England,111,0,0,2020-06-06,223817.66597000437
15-24,East_of_England,111,0,0,2020-06-06,1550838.8896014034
25-44,East_of_England,111,0,0,2020-06-06,1636615.463507237
45-64,East_of_England,111,0,0,2020-06-06,784590.2828857166
65-74,East_of_England,111,0,0,2020-06-06,658312.0186440421
75+,East_of_England,111,0,0,2020-06-06,560524.0857834858
1-4,East_of_England,112,0,0,2020-06-07,628529.645039669
5-14,East_of_England,112,0,0,2020-06-07,223817.66597000437
15-24,East_of_England,112,0,0,2020-06-07,1550838.8896014034
25-44,East_of_England,112,0,0,2020-06-07,1636615.463507237
45-64,East_of_England,112,0,0,2020-06-07,784590.2828857166
65-74,East_of_England,112,0,0,2020-06-07,658312.0186440421
75+,East_of_England,112,0,0,2020-06-07,560524.0857834858
1-4,East_of_England,113,0,0,2020-06-08,628529.645039669
5-14,East_of_England,113,0,0,2020-06-08,223817.66597000437
15-24,East_of_England,113,0,0,2020-06-08,1550838.8896014034
25-44,East_of_England,113,0,0,2020-06-08,1636615.463507237
45-64,East_of_England,113,0,0,2020-06-08,784590.2828857166
65-74,East_of_England,113,0,0,2020-06-08,658312.0186440421
75+,East_of_England,113,0,0,2020-06-08,560524.0857834858
1-4,East_of_England,114,0,0,2020-06-09,628529.645039669
5-14,East_of_England,114,0,0,2020-06-09,223817.66597000437
15-24,East_of_England,114,0,0,2020-06-09,1550838.8896014034
25-44,East_of_England,114,0,0,2020-06-09,1636615.463507237
45-64,East_of_England,114,0,0,2020-06-09,784590.2828857166
65-74,East_of_England,114,0,0,2020-06-09,658312.0186440421
75+,East_of_England,114,0,0,2020-06-09,560524.0857834858
1-4,East_of_England,115,0,0,2020-06-10,628529.645039669
5-14,East_of_England,115,7.012959458723305,0.12416994576514268,2020-06-10,223817.66597000437
15-24,East_of_England,115,9.149241715030984,0.12430049426104325,2020-06-10,1550838.8896014034
25-44,East_of_England,115,8.781411393485865,0.1199881447214622,2020-06-10,1636615.463507237
45-64,East_of_England,115,7.957551780816577,0.11670052370664932,2020-06-10,784590.2828857166
65-74,East_of_England,115,7.521469047598004,0.12242363344146817,2020-06-10,658312.0186440421
75+,East_of_England,115,7.324148763537034,0.1321617566844988,2020-06-10,560524.0857834858
1-4,East_of_England,116,0,0,2020-06-11,628529.645039669
5-14,East_of_England,116,0,0,2020-06-11,223817.66597000437
15-24,East_of_England,116,0,0,2020-06-11,1550838.8896014034
25-44,East_of_England,116,0,0,2020-06-11,1636615.463507237
45-64,East_of_England,116,0,0,2020-06-11,784590.2828857166
65-74,East_of_England,116,0,0,2020-06-11,658312.0186440421
75+,East_of_England,116,0,0,2020-06-11,560524.0857834858
1-4,East_of_England,117,0,0,2020-06-12,628529.645039669
5-14,East_of_England,117,0,0,2020-06-12,223817.66597000437
15-24,East_of_England,117,0,0,2020-06-12,1550838.8896014034
25-44,East_of_England,117,0,0,2020-06-12,1636615.463507237
45-64,East_of_England,117,0,0,2020-06-12,784590.2828857166
65-74,East_of_England,117,0,0,2020-06-12,658312.0186440421
75+,East_of_England,117,0,0,2020-06-12,560524.0857834858
1-4,East_of_England,118,0,0,2020-06-13,628529.645039669
5-14,East_of_England,118,0,0,2020-06-13,223817.66597000437
15-24,East_of_England,118,0,0,2020-06-13,1550838.8896014034
25-44,East_of_England,118,0,0,2020-06-13,1636615.463507237
45-64,East_of_England,118,0,0,2020-06-13,784590.2828857166
65-74,East_of_England,118,0,0,2020-06-13,658312.0186440421
75+,East_of_England,118,0,0,2020-06-13,560524.0857834858
1-4,East_of_England,119,0,0,2020-06-14,628529.645039669
5-14,East_of_England,119,0,0,2020-06-14,223817.66597000437
15-24,East_of_England,119,0,0,2020-06-14,1550838.8896014034
25-44,East_of_England,119,0,0,2020-06-14,1636615.463507237
45-64,East_of_England,119,0,0,2020-06-14,784590.2828857166
65-74,East_of_England,119,0,0,2020-06-14,658312.0186440421
75+,East_of_England,119,0,0,2020-06-14,560524.0857834858
1-4,East_of_England,120,0,0,2020-06-15,628529.645039669
5-14,East_of_England,120,0,0,2020-06-15,223817.66597000437
15-24,East_of_England,120,0,0,2020-06-15,1550838.8896014034
25-44,East_of_England,120,0,0,2020-06-15,1636615.463507237
45-64,East_of_England,120,0,0,2020-06-15,784590.2828857166
65-74,East_of_England,120,0,0,2020-06-15,658312.0186440421
75+,East_of_England,120,0,0,2020-06-15,560524.0857834858
1-4,East_of_England,121,0,0,2020-06-16,628529.645039669
5-14,East_of_England,121,0,0,2020-06-16,223817.66597000437
15-24,East_of_England,121,0,0,2020-06-16,1550838.8896014034
25-44,East_of_England,121,0,0,2020-06-16,1636615.463507237
45-64,East_of_England,121,0,0,2020-06-16,784590.2828857166
65-74,East_of_England,121,0,0,2020-06-16,658312.0186440421
75+,East_of_England,121,0,0,2020-06-16,560524.0857834858
1-4,East_of_England,122,0,0,2020-06-17,628529.645039669
5-14,East_of_England,122,0,0,2020-06-17,223817.66597000437
15-24,East_of_England,122,0,0,2020-06-17,1550838.8896014034
25-44,East_of_England,122,0,0,2020-06-17,1636615.463507237
45-64,East_of_England,122,0,0,2020-06-17,784590.2828857166
65-74,East_of_England,122,0,0,2020-06-17,658312.0186440421
75+,East_of_England,122,0,0,2020-06-17,560524.0857834858
1-4,East_of_England,123,0,0,2020-06-18,628529.645039669
5-14,East_of_England,123,0,0,2020-06-18,223817.66597000437
15-24,East_of_England,123,0,0,2020-06-18,1550838.8896014034
25-44,East_of_England,123,0,0,2020-06-18,1636615.463507237
45-64,East_of_England,123,0,0,2020-06-18,784590.2828857166
65-74,East_of_England,123,0,0,2020-06-18,658312.0186440421
75+,East_of_England,123,0,0,2020-06-18,560524.0857834858
1-4,East_of_England,124,0,0,2020-06-19,628529.645039669
5-14,East_of_England,124,0,0,2020-06-19,223817.66597000437
15-24,East_of_England,124,0,0,2020-06-19,1550838.8896014034
25-44,East_of_England,124,0,0,2020-06-19,1636615.463507237
45-64,East_of_England,124,0,0,2020-06-19,784590.2828857166
65-74,East_of_England,124,0,0,2020-06-19,658312.0186440421
75+,East_of_England,124,0,0,2020-06-19,560524.0857834858
1-4,East_of_England,125,0,0,2020-06-20,628529.645039669
5-14,East_of_England,125,0,0,2020-06-20,223817.66597000437
15-24,East_of_England,125,0,0,2020-06-20,1550838.8896014034
25-44,East_of_England,125,0,0,2020-06-20,1636615.463507237
45-64,East_of_England,125,0,0,2020-06-20,784590.2828857166
65-74,East_of_England,125,0,0,2020-06-20,658312.0186440421
75+,East_of_England,125,0,0,2020-06-20,560524.0857834858
1-4,East_of_England,126,0,0,2020-06-21,628529.645039669
5-14,East_of_England,126,0,0,2020-06-21,223817.66597000437
15-24,East_of_England,126,0,0,2020-06-21,1550838.8896014034
25-44,East_of_England,126,0,0,2020-06-21,1636615.463507237
45-64,East_of_England,126,0,0,2020-06-21,784590.2828857166
65-74,East_of_England,126,0,0,2020-06-21,658312.0186440421
75+,East_of_England,126,0,0,2020-06-21,560524.0857834858
1-4,East_of_England,127,0,0,2020-06-22,628529.645039669
5-14,East_of_England,127,0,0,2020-06-22,223817.66597000437
15-24,East_of_England,127,0,0,2020-06-22,1550838.8896014034
25-44,East_of_England,127,0,0,2020-06-22,1636615.463507237
45-64,East_of_England,127,0,0,2020-06-22,784590.2828857166
65-74,East_of_England,127,0,0,2020-06-22,658312.0186440421
75+,East_of_England,127,0,0,2020-06-22,560524.0857834858
1-4,East_of_England,128,0,0,2020-06-23,628529.645039669
5-14,East_of_England,128,0,0,2020-06-23,223817.66597000437
15-24,East_of_England,128,0,0,2020-06-23,1550838.8896014034
25-44,East_of_England,128,0,0,2020-06-23,1636615.463507237
45-64,East_of_England,128,0,0,2020-06-23,784590.2828857166
65-74,East_of_England,128,0,0,2020-06-23,658312.0186440421
75+,East_of_England,128,0,0,2020-06-23,560524.0857834858
1-4,East_of_England,129,0,0,2020-06-24,628529.645039669
5-14,East_of_England,129,6.944934366665599,0.1242635390071002,2020-06-24,223817.66597000437
15-24,East_of_England,129,9.081280365973251,0.12508928720559864,2020-06-24,1550838.8896014034
25-44,East_of_England,129,8.713351298456796,0.12084077874228923,2020-06-24,1636615.463507237
45-64,East_of_England,129,7.889432231522147,0.1175229179585642,2020-06-24,784590.2828857166
65-74,East_of_England,129,7.453305936397847,0.12288825683222518,2020-06-24,658312.0186440421
75+,East_of_England,129,7.255959914357014,0.13246655413726588,2020-06-24,560524.0857834858
1-4,East_of_England,130,0,0,2020-06-25,628529.645039669
5-14,East_of_England,130,0,0,2020-06-25,223817.66597000437
15-24,East_of_England,130,0,0,2020-06-25,1550838.8896014034
25-44,East_of_England,130,0,0,2020-06-25,1636615.463507237
45-64,East_of_England,130,0,0,2020-06-25,784590.2828857166
65-74,East_of_England,130,0,0,2020-06-25,658312.0186440421
75+,East_of_England,130,0,0,2020-06-25,560524.0857834858
1-4,East_of_England,131,0,0,2020-06-26,628529.645039669
5-14,East_of_England,131,0,0,2020-06-26,223817.66597000437
15-24,East_of_England,131,0,0,2020-06-26,1550838.8896014034
25-44,East_of_England,131,0,0,2020-06-26,1636615.463507237
45-64,East_of_England,131,0,0,2020-06-26,784590.2828857166
65-74,East_of_England,131,0,0,2020-06-26,658312.0186440421
75+,East_of_England,131,0,0,2020-06-26,560524.0857834858
1-4,East_of_England,132,0,0,2020-06-27,628529.645039669
5-14,East_of_England,132,0,0,2020-06-27,223817.66597000437
15-24,East_of_England,132,0,0,2020-06-27,1550838.8896014034
25-44,East_of_England,132,0,0,2020-06-27,1636615.463507237
45-64,East_of_England,132,0,0,2020-06-27,784590.2828857166
65-74,East_of_England,132,0,0,2020-06-27,658312.0186440421
75+,East_of_England,132,0,0,2020-06-27,560524.0857834858
1-4,East_of_England,133,0,0,2020-06-28,628529.645039669
5-14,East_of_England,133,0,0,2020-06-28,223817.66597000437
15-24,East_of_England,133,0,0,2020-06-28,1550838.8896014034
25-44,East_of_England,133,0,0,2020-06-28,1636615.463507237
45-64,East_of_England,133,0,0,2020-06-28,784590.2828857166
65-74,East_of_England,133,0,0,2020-06-28,658312.0186440421
75+,East_of_England,133,0,0,2020-06-28,560524.0857834858
1-4,East_of_England,134,0,0,2020-06-29,628529.645039669
5-14,East_of_England,134,0,0,2020-06-29,223817.66597000437
15-24,East_of_England,134,0,0,2020-06-29,1550838.8896014034
25-44,East_of_England,134,0,0,2020-06-29,1636615.463507237
45-64,East_of_England,134,0,0,2020-06-29,784590.2828857166
65-74,East_of_England,134,0,0,2020-06-29,658312.0186440421
75+,East_of_England,134,0,0,2020-06-29,560524.0857834858
1-4,East_of_England,135,0,0,2020-06-30,628529.645039669
5-14,East_of_England,135,0,0,2020-06-30,223817.66597000437
15-24,East_of_England,135,0,0,2020-06-30,1550838.8896014034
25-44,East_of_England,135,0,0,2020-06-30,1636615.463507237
45-64,East_of_England,135,0,0,2020-06-30,784590.2828857166
65-74,East_of_England,135,0,0,2020-06-30,658312.0186440421
75+,East_of_England,135,0,0,2020-06-30,560524.0857834858
1-4,East_of_England,136,0,0,2020-07-01,628529.645039669
5-14,East_of_England,136,0,0,2020-07-01,223817.66597000437
15-24,East_of_England,136,0,0,2020-07-01,1550838.8896014034
25-44,East_of_England,136,0,0,2020-07-01,1636615.463507237
45-64,East_of_England,136,0,0,2020-07-01,784590.2828857166
65-74,East_of_England,136,0,0,2020-07-01,658312.0186440421
75+,East_of_England,136,0,0,2020-07-01,560524.0857834858
1-4,East_of_England,137,0,0,2020-07-02,628529.645039669
5-14,East_of_England,137,0,0,2020-07-02,223817.66597000437
15-24,East_of_England,137,0,0,2020-07-02,1550838.8896014034
25-44,East_of_England,137,0,0,2020-07-02,1636615.463507237
45-64,East_of_England,137,0,0,2020-07-02,784590.2828857166
65-74,East_of_England,137,0,0,2020-07-02,658312.0186440421
75+,East_of_England,137,0,0,2020-07-02,560524.0857834858
1-4,East_of_England,138,0,0,2020-07-03,628529.645039669
5-14,East_of_England,138,0,0,2020-07-03,223817.66597000437
15-24,East_of_England,138,0,0,2020-07-03,1550838.8896014034
25-44,East_of_England,138,0,0,2020-07-03,1636615.463507237
45-64,East_of_England,138,0,0,2020-07-03,784590.2828857166
65-74,East_of_England,138,0,0,2020-07-03,658312.0186440421
75+,East_of_England,138,0,0,2020-07-03,560524.0857834858
1-4,East_of_England,139,0,0,2020-07-04,628529.645039669
5-14,East_of_England,139,0,0,2020-07-04,223817.66597000437
15-24,East_of_England,139,0,0,2020-07-04,1550838.8896014034
25-44,East_of_England,139,0,0,2020-07-04,1636615.463507237
45-64,East_of_England,139,0,0,2020-07-04,784590.2828857166
65-74,East_of_England,139,0,0,2020-07-04,658312.0186440421
75+,East_of_England,139,0,0,2020-07-04,560524.0857834858
1-4,East_of_England,140,0,0,2020-07-05,628529.645039669
5-14,East_of_England,140,0,0,2020-07-05,223817.66597000437
15-24,East_of_England,140,0,0,2020-07-05,1550838.8896014034
25-44,East_of_England,140,0,0,2020-07-05,1636615.463507237
45-64,East_of_England,140,0,0,2020-07-05,784590.2828857166
65-74,East_of_England,140,0,0,2020-07-05,658312.0186440421
75+,East_of_England,140,0,0,2020-07-05,560524.0857834858
1-4,East_of_England,141,0,0,2020-07-06,628529.645039669
5-14,East_of_England,141,0,0,2020-07-06,223817.66597000437
15-24,East_of_England,141,0,0,2020-07-06,1550838.8896014034
25-44,East_of_England,141,0,0,2020-07-06,1636615.463507237
45-64,East_of_England,141,0,0,2020-07-06,784590.2828857166
65-74,East_of_England,141,0,0,2020-07-06,658312.0186440421
75+,East_of_England,141,0,0,2020-07-06,560524.0857834858
1-4,East_of_England,142,0,0,2020-07-07,628529.645039669
5-14,East_of_England,142,0,0,2020-07-07,223817.66597000437
15-24,East_of_England,142,0,0,2020-07-07,1550838.8896014034
25-44,East_of_England,142,0,0,2020-07-07,1636615.463507237
45-64,East_of_England,142,0,0,2020-07-07,784590.2828857166
65-74,East_of_England,142,0,0,2020-07-07,658312.0186440421
75+,East_of_England,142,0,0,2020-07-07,560524.0857834858
1-4,East_of_England,143,0,0,2020-07-08,628529.645039669
5-14,East_of_England,143,6.909959682066363,0.1240084961409757,2020-07-08,223817.66597000437
15-24,East_of_England,143,9.04635226270786,0.12534874099473026,2020-07-08,1550838.8896014034
25-44,East_of_England,143,8.678381128193895,0.12160367549028152,2020-07-08,1636615.463507237
45-64,East_of_England,143,7.854423617014322,0.11836129159387863,2020-07-08,784590.2828857166
65-74,East_of_England,143,7.418269050344282,0.12343625718847756,2020-07-08,658312.0186440421
75+,East_of_England,143,7.220901699637688,0.1323307020716325,2020-07-08,560524.0857834858
1-4,East_of_England,144,0,0,2020-07-09,628529.645039669
5-14,East_of_England,144,0,0,2020-07-09,223817.66597000437
15-24,East_of_England,144,0,0,2020-07-09,1550838.8896014034
25-44,East_of_England,144,0,0,2020-07-09,1636615.463507237
45-64,East_of_England,144,0,0,2020-07-09,784590.2828857166
65-74,East_of_England,144,0,0,2020-07-09,658312.0186440421
75+,East_of_England,144,0,0,2020-07-09,560524.0857834858
1-4,East_of_England,145,0,0,2020-07-10,628529.645039669
5-14,East_of_England,145,0,0,2020-07-10,223817.66597000437
15-24,East_of_England,145,0,0,2020-07-10,1550838.8896014034
25-44,East_of_England,145,0,0,2020-07-10,1636615.463507237
45-64,East_of_England,145,0,0,2020-07-10,784590.2828857166
65-74,East_of_England,145,0,0,2020-07-10,658312.0186440421
75+,East_of_England,145,0,0,2020-07-10,560524.0857834858
1-4,East_of_England,146,0,0,2020-07-11,628529.645039669
5-14,East_of_England,146,0,0,2020-07-11,223817.66597000437
15-24,East_of_England,146,0,0,2020-07-11,1550838.8896014034
25-44,East_of_England,146,0,0,2020-07-11,1636615.463507237
45-64,East_of_England,146,0,0,2020-07-11,784590.2828857166
65-74,East_of_England,146,0,0,2020-07-11,658312.0186440421
75+,East_of_England,146,0,0,2020-07-11,560524.0857834858
1-4,East_of_England,147,0,0,2020-07-12,628529.645039669
5-14,East_of_England,147,0,0,2020-07-12,223817.66597000437
15-24,East_of_England,147,0,0,2020-07-12,1550838.8896014034
25-44,East_of_England,147,0,0,2020-07-12,1636615.463507237
45-64,East_of_England,147,0,0,2020-07-12,784590.2828857166
65-74,East_of_England,147,0,0,2020-07-12,658312.0186440421
75+,East_of_England,147,0,0,2020-07-12,560524.0857834858
1-4,East_of_England,148,0,0,2020-07-13,628529.645039669
5-14,East_of_England,148,0,0,2020-07-13,223817.66597000437
15-24,East_of_England,148,0,0,2020-07-13,1550838.8896014034
25-44,East_of_England,148,0,0,2020-07-13,1636615.463507237
45-64,East_of_England,148,0,0,2020-07-13,784590.2828857166
65-74,East_of_England,148,0,0,2020-07-13,658312.0186440421
75+,East_of_England,148,0,0,2020-07-13,560524.0857834858
1-4,East_of_England,149,0,0,2020-07-14,628529.645039669
5-14,East_of_England,149,0,0,2020-07-14,223817.66597000437
15-24,East_of_England,149,0,0,2020-07-14,1550838.8896014034
25-44,East_of_England,149,0,0,2020-07-14,1636615.463507237
45-64,East_of_England,149,0,0,2020-07-14,784590.2828857166
65-74,East_of_England,149,0,0,2020-07-14,658312.0186440421
75+,East_of_England,149,0,0,2020-07-14,560524.0857834858
1-4,East_of_England,150,0,0,2020-07-15,628529.645039669
5-14,East_of_England,150,0,0,2020-07-15,223817.66597000437
15-24,East_of_England,150,0,0,2020-07-15,1550838.8896014034
25-44,East_of_England,150,0,0,2020-07-15,1636615.463507237
45-64,East_of_England,150,0,0,2020-07-15,784590.2828857166
65-74,East_of_England,150,0,0,2020-07-15,658312.0186440421
75+,East_of_England,150,0,0,2020-07-15,560524.0857834858
1-4,East_of_England,151,0,0,2020-07-16,628529.645039669
5-14,East_of_England,151,0,0,2020-07-16,223817.66597000437
15-24,East_of_England,151,0,0,2020-07-16,1550838.8896014034
25-44,East_of_England,151,0,0,2020-07-16,1636615.463507237
45-64,East_of_England,151,0,0,2020-07-16,784590.2828857166
65-74,East_of_England,151,0,0,2020-07-16,658312.0186440421
75+,East_of_England,151,0,0,2020-07-16,560524.0857834858
1-4,East_of_England,152,0,0,2020-07-17,628529.645039669
5-14,East_of_England,152,0,0,2020-07-17,223817.66597000437
15-24,East_of_England,152,0,0,2020-07-17,1550838.8896014034
25-44,East_of_England,152,0,0,2020-07-17,1636615.463507237
45-64,East_of_England,152,0,0,2020-07-17,784590.2828857166
65-74,East_of_England,152,0,0,2020-07-17,658312.0186440421
75+,East_of_England,152,0,0,2020-07-17,560524.0857834858
1-4,East_of_England,153,0,0,2020-07-18,628529.645039669
5-14,East_of_England,153,0,0,2020-07-18,223817.66597000437
15-24,East_of_England,153,0,0,2020-07-18,1550838.8896014034
25-44,East_of_England,153,0,0,2020-07-18,1636615.463507237
45-64,East_of_England,153,0,0,2020-07-18,784590.2828857166
65-74,East_of_England,153,0,0,2020-07-18,658312.0186440421
75+,East_of_England,153,0,0,2020-07-18,560524.0857834858
1-4,East_of_England,154,0,0,2020-07-19,628529.645039669
5-14,East_of_England,154,0,0,2020-07-19,223817.66597000437
15-24,East_of_England,154,0,0,2020-07-19,1550838.8896014034
25-44,East_of_England,154,0,0,2020-07-19,1636615.463507237
45-64,East_of_England,154,0,0,2020-07-19,784590.2828857166
65-74,East_of_England,154,0,0,2020-07-19,658312.0186440421
75+,East_of_England,154,0,0,2020-07-19,560524.0857834858
1-4,East_of_England,155,0,0,2020-07-20,628529.645039669
5-14,East_of_England,155,0,0,2020-07-20,223817.66597000437
15-24,East_of_England,155,0,0,2020-07-20,1550838.8896014034
25-44,East_of_England,155,0,0,2020-07-20,1636615.463507237
45-64,East_of_England,155,0,0,2020-07-20,784590.2828857166
65-74,East_of_England,155,0,0,2020-07-20,658312.0186440421
75+,East_of_England,155,0,0,2020-07-20,560524.0857834858
1-4,East_of_England,156,0,0,2020-07-21,628529.645039669
5-14,East_of_England,156,0,0,2020-07-21,223817.66597000437
15-24,East_of_England,156,0,0,2020-07-21,1550838.8896014034
25-44,East_of_England,156,0,0,2020-07-21,1636615.463507237
45-64,East_of_England,156,0,0,2020-07-21,784590.2828857166
65-74,East_of_England,156,0,0,2020-07-21,658312.0186440421
75+,East_of_England,156,0,0,2020-07-21,560524.0857834858
1-4,East_of_England,157,0,0,2020-07-22,628529.645039669
5-14,East_of_England,157,6.872126016159389,0.12429787250520705,2020-07-22,223817.66597000437
15-24,East_of_England,157,9.0085557510938,0.12534999155898008,2020-07-22,1550838.8896014034
25-44,East_of_England,157,8.640525144188285,0.12198161652549058,2020-07-22,1636615.463507237
45-64,East_of_England,157,7.816533769358151,0.11867247758841669,2020-07-22,784590.2828857166
65-74,East_of_England,157,7.38034971725945,0.12345608303558968,2020-07-22,658312.0186440421
75+,East_of_England,157,7.182977411420727,0.13213222174909803,2020-07-22,560524.0857834858
1-4,East_of_England,158,0,0,2020-07-23,628529.645039669
5-14,East_of_England,158,0,0,2020-07-23,223817.66597000437
15-24,East_of_England,158,0,0,2020-07-23,1550838.8896014034
25-44,East_of_England,158,0,0,2020-07-23,1636615.463507237
45-64,East_of_England,158,0,0,2020-07-23,784590.2828857166
65-74,East_of_England,158,0,0,2020-07-23,658312.0186440421
75+,East_of_England,158,0,0,2020-07-23,560524.0857834858
1-4,East_of_England,159,0,0,2020-07-24,628529.645039669
5-14,East_of_England,159,0,0,2020-07-24,223817.66597000437
15-24,East_of_England,159,0,0,2020-07-24,1550838.8896014034
25-44,East_of_England,159,0,0,2020-07-24,1636615.463507237
45-64,East_of_England,159,0,0,2020-07-24,784590.2828857166
65-74,East_of_England,159,0,0,2020-07-24,658312.0186440421
75+,East_of_England,159,0,0,2020-07-24,560524.0857834858
1-4,East_of_England,160,0,0,2020-07-25,628529.645039669
5-14,East_of_England,160,0,0,2020-07-25,223817.66597000437
15-24,East_of_England,160,0,0,2020-07-25,1550838.8896014034
25-44,East_of_England,160,0,0,2020-07-25,1636615.463507237
45-64,East_of_England,160,0,0,2020-07-25,784590.2828857166
65-74,East_of_England,160,0,0,2020-07-25,658312.0186440421
75+,East_of_England,160,0,0,2020-07-25,560524.0857834858
1-4,East_of_England,161,0,0,2020-07-26,628529.645039669
5-14,East_of_England,161,0,0,2020-07-26,223817.66597000437
15-24,East_of_England,161,0,0,2020-07-26,1550838.8896014034
25-44,East_of_England,161,0,0,2020-07-26,1636615.463507237
45-64,East_of_England,161,0,0,2020-07-26,784590.2828857166
65-74,East_of_England,161,0,0,2020-07-26,658312.0186440421
75+,East_of_England,161,0,0,2020-07-26,560524.0857834858
1-4,East_of_England,162,0,0,2020-07-27,628529.645039669
5-14,East_of_England,162,0,0,2020-07-27,223817.66597000437
15-24,East_of_England,162,0,0,2020-07-27,1550838.8896014034
25-44,East_of_England,162,0,0,2020-07-27,1636615.463507237
45-64,East_of_England,162,0,0,2020-07-27,784590.2828857166
65-74,East_of_England,162,0,0,2020-07-27,658312.0186440421
75+,East_of_England,162,0,0,2020-07-27,560524.0857834858
1-4,East_of_England,163,0,0,2020-07-28,628529.645039669
5-14,East_of_England,163,0,0,2020-07-28,223817.66597000437
15-24,East_of_England,163,0,0,2020-07-28,1550838.8896014034
25-44,East_of_England,163,0,0,2020-07-28,1636615.463507237
45-64,East_of_England,163,0,0,2020-07-28,784590.2828857166
65-74,East_of_England,163,0,0,2020-07-28,658312.0186440421
75+,East_of_England,163,0,0,2020-07-28,560524.0857834858
1-4,East_of_England,164,0,0,2020-07-29,628529.645039669
5-14,East_of_England,164,0,0,2020-07-29,223817.66597000437
15-24,East_of_England,164,0,0,2020-07-29,1550838.8896014034
25-44,East_of_England,164,0,0,2020-07-29,1636615.463507237
45-64,East_of_England,164,0,0,2020-07-29,784590.2828857166
65-74,East_of_England,164,0,0,2020-07-29,658312.0186440421
75+,East_of_England,164,0,0,2020-07-29,560524.0857834858
1-4,East_of_England,165,0,0,2020-07-30,628529.645039669
5-14,East_of_England,165,0,0,2020-07-30,223817.66597000437
15-24,East_of_England,165,0,0,2020-07-30,1550838.8896014034
25-44,East_of_England,165,0,0,2020-07-30,1636615.463507237
45-64,East_of_England,165,0,0,2020-07-30,784590.2828857166
65-74,East_of_England,165,0,0,2020-07-30,658312.0186440421
75+,East_of_England,165,0,0,2020-07-30,560524.0857834858
1-4,East_of_England,166,0,0,2020-07-31,628529.645039669
5-14,East_of_England,166,0,0,2020-07-31,223817.66597000437
15-24,East_of_England,166,0,0,2020-07-31,1550838.8896014034
25-44,East_of_England,166,0,0,2020-07-31,1636615.463507237
45-64,East_of_England,166,0,0,2020-07-31,784590.2828857166
65-74,East_of_England,166,0,0,2020-07-31,658312.0186440421
75+,East_of_England,166,0,0,2020-07-31,560524.0857834858
1-4,East_of_England,167,0,0,2020-08-01,628529.645039669
5-14,East_of_England,167,0,0,2020-08-01,223817.66597000437
15-24,East_of_England,167,0,0,2020-08-01,1550838.8896014034
25-44,East_of_England,167,0,0,2020-08-01,1636615.463507237
45-64,East_of_England,167,0,0,2020-08-01,784590.2828857166
65-74,East_of_England,167,0,0,2020-08-01,658312.0186440421
75+,East_of_England,167,0,0,2020-08-01,560524.0857834858
1-4,East_of_England,168,0,0,2020-08-02,628529.645039669
5-14,East_of_England,168,0,0,2020-08-02,223817.66597000437
15-24,East_of_England,168,0,0,2020-08-02,1550838.8896014034
25-44,East_of_England,168,0,0,2020-08-02,1636615.463507237
45-64,East_of_England,168,0,0,2020-08-02,784590.2828857166
65-74,East_of_England,168,0,0,2020-08-02,658312.0186440421
75+,East_of_England,168,0,0,2020-08-02,560524.0857834858
1-4,East_of_England,169,0,0,2020-08-03,628529.645039669
5-14,East_of_England,169,0,0,2020-08-03,223817.66597000437
15-24,East_of_England,169,0,0,2020-08-03,1550838.8896014034
25-44,East_of_England,169,0,0,2020-08-03,1636615.463507237
45-64,East_of_England,169,0,0,2020-08-03,784590.2828857166
65-74,East_of_England,169,0,0,2020-08-03,658312.0186440421
75+,East_of_England,169,0,0,2020-08-03,560524.0857834858
1-4,East_of_England,170,0,0,2020-08-04,628529.645039669
5-14,East_of_England,170,0,0,2020-08-04,223817.66597000437
15-24,East_of_England,170,0,0,2020-08-04,1550838.8896014034
25-44,East_of_England,170,0,0,2020-08-04,1636615.463507237
45-64,East_of_England,170,0,0,2020-08-04,784590.2828857166
65-74,East_of_England,170,0,0,2020-08-04,658312.0186440421
75+,East_of_England,170,0,0,2020-08-04,560524.0857834858
1-4,East_of_England,171,0,0,2020-08-05,628529.645039669
5-14,East_of_England,171,6.803697232252656,0.12241140916651713,2020-08-05,223817.66597000437
15-24,East_of_England,171,8.940173490016537,0.12303084289461118,2020-08-05,1550838.8896014034
25-44,East_of_England,171,8.5720184669631,0.11943265088765649,2020-08-05,1636615.463507237
45-64,East_of_England,171,7.748008096845364,0.11607896607799581,2020-08-05,784590.2828857166
65-74,East_of_England,171,7.31176913921557,0.12066014660991019,2020-08-05,658312.0186440421
75+,East_of_England,171,7.114386570020549,0.1303064562673943,2020-08-05,560524.0857834858
1-4,East_of_England,172,0,0,2020-08-06,628529.645039669
5-14,East_of_England,172,0,0,2020-08-06,223817.66597000437
15-24,East_of_England,172,0,0,2020-08-06,1550838.8896014034
25-44,East_of_England,172,0,0,2020-08-06,1636615.463507237
45-64,East_of_England,172,0,0,2020-08-06,784590.2828857166
65-74,East_of_England,172,0,0,2020-08-06,658312.0186440421
75+,East_of_England,172,0,0,2020-08-06,560524.0857834858
1-4,East_of_England,173,0,0,2020-08-07,628529.645039669
5-14,East_of_England,173,0,0,2020-08-07,223817.66597000437
15-24,East_of_England,173,0,0,2020-08-07,1550838.8896014034
25-44,East_of_England,173,0,0,2020-08-07,1636615.463507237
45-64,East_of_England,173,0,0,2020-08-07,784590.2828857166
65-74,East_of_England,173,0,0,2020-08-07,658312.0186440421
75+,East_of_England,173,0,0,2020-08-07,560524.0857834858
1-4,East_of_England,174,0,0,2020-08-08,628529.645039669
5-14,East_of_England,174,0,0,2020-08-08,223817.66597000437
15-24,East_of_England,174,0,0,2020-08-08,1550838.8896014034
25-44,East_of_England,174,0,0,2020-08-08,1636615.463507237
45-64,East_of_England,174,0,0,2020-08-08,784590.2828857166
65-74,East_of_England,174,0,0,2020-08-08,658312.0186440421
75+,East_of_England,174,0,0,2020-08-08,560524.0857834858
1-4,East_of_England,175,0,0,2020-08-09,628529.645039669
5-14,East_of_England,175,0,0,2020-08-09,223817.66597000437
15-24,East_of_England,175,0,0,2020-08-09,1550838.8896014034
25-44,East_of_England,175,0,0,2020-08-09,1636615.463507237
45-64,East_of_England,175,0,0,2020-08-09,784590.2828857166
65-74,East_of_England,175,0,0,2020-08-09,658312.0186440421
75+,East_of_England,175,0,0,2020-08-09,560524.0857834858
1-4,East_of_England,176,0,0,2020-08-10,628529.645039669
5-14,East_of_England,176,0,0,2020-08-10,223817.66597000437
15-24,East_of_England,176,0,0,2020-08-10,1550838.8896014034
25-44,East_of_England,176,0,0,2020-08-10,1636615.463507237
45-64,East_of_England,176,0,0,2020-08-10,784590.2828857166
65-74,East_of_England,176,0,0,2020-08-10,658312.0186440421
75+,East_of_England,176,0,0,2020-08-10,560524.0857834858
1-4,East_of_England,177,0,0,2020-08-11,628529.645039669
5-14,East_of_England,177,0,0,2020-08-11,223817.66597000437
15-24,East_of_England,177,0,0,2020-08-11,1550838.8896014034
25-44,East_of_England,177,0,0,2020-08-11,1636615.463507237
45-64,East_of_England,177,0,0,2020-08-11,784590.2828857166
65-74,East_of_England,177,0,0,2020-08-11,658312.0186440421
75+,East_of_England,177,0,0,2020-08-11,560524.0857834858
1-4,East_of_England,178,0,0,2020-08-12,628529.645039669
5-14,East_of_England,178,0,0,2020-08-12,223817.66597000437
15-24,East_of_England,178,0,0,2020-08-12,1550838.8896014034
25-44,East_of_England,178,0,0,2020-08-12,1636615.463507237
45-64,East_of_England,178,0,0,2020-08-12,784590.2828857166
65-74,East_of_England,178,0,0,2020-08-12,658312.0186440421
75+,East_of_England,178,0,0,2020-08-12,560524.0857834858
1-4,East_of_England,179,0,0,2020-08-13,628529.645039669
5-14,East_of_England,179,0,0,2020-08-13,223817.66597000437
15-24,East_of_England,179,0,0,2020-08-13,1550838.8896014034
25-44,East_of_England,179,0,0,2020-08-13,1636615.463507237
45-64,East_of_England,179,0,0,2020-08-13,784590.2828857166
65-74,East_of_England,179,0,0,2020-08-13,658312.0186440421
75+,East_of_England,179,0,0,2020-08-13,560524.0857834858
1-4,East_of_England,180,0,0,2020-08-14,628529.645039669
5-14,East_of_England,180,0,0,2020-08-14,223817.66597000437
15-24,East_of_England,180,0,0,2020-08-14,1550838.8896014034
25-44,East_of_England,180,0,0,2020-08-14,1636615.463507237
45-64,East_of_England,180,0,0,2020-08-14,784590.2828857166
65-74,East_of_England,180,0,0,2020-08-14,658312.0186440421
75+,East_of_England,180,0,0,2020-08-14,560524.0857834858
1-4,East_of_England,181,0,0,2020-08-15,628529.645039669
5-14,East_of_England,181,0,0,2020-08-15,223817.66597000437
15-24,East_of_England,181,0,0,2020-08-15,1550838.8896014034
25-44,East_of_England,181,0,0,2020-08-15,1636615.463507237
45-64,East_of_England,181,0,0,2020-08-15,784590.2828857166
65-74,East_of_England,181,0,0,2020-08-15,658312.0186440421
75+,East_of_England,181,0,0,2020-08-15,560524.0857834858
1-4,East_of_England,182,0,0,2020-08-16,628529.645039669
5-14,East_of_England,182,0,0,2020-08-16,223817.66597000437
15-24,East_of_England,182,0,0,2020-08-16,1550838.8896014034
25-44,East_of_England,182,0,0,2020-08-16,1636615.463507237
45-64,East_of_England,182,0,0,2020-08-16,784590.2828857166
65-74,East_of_England,182,0,0,2020-08-16,658312.0186440421
75+,East_of_England,182,0,0,2020-08-16,560524.0857834858
1-4,East_of_England,183,0,0,2020-08-17,628529.645039669
5-14,East_of_England,183,0,0,2020-08-17,223817.66597000437
15-24,East_of_England,183,0,0,2020-08-17,1550838.8896014034
25-44,East_of_England,183,0,0,2020-08-17,1636615.463507237
45-64,East_of_England,183,0,0,2020-08-17,784590.2828857166
65-74,East_of_England,183,0,0,2020-08-17,658312.0186440421
75+,East_of_England,183,0,0,2020-08-17,560524.0857834858
1-4,East_of_England,184,0,0,2020-08-18,628529.645039669
5-14,East_of_England,184,0,0,2020-08-18,223817.66597000437
15-24,East_of_England,184,0,0,2020-08-18,1550838.8896014034
25-44,East_of_England,184,0,0,2020-08-18,1636615.463507237
45-64,East_of_England,184,0,0,2020-08-18,784590.2828857166
65-74,East_of_England,184,0,0,2020-08-18,658312.0186440421
75+,East_of_England,184,0,0,2020-08-18,560524.0857834858
1-4,East_of_England,185,0,0,2020-08-19,628529.645039669
5-14,East_of_England,185,6.712657894594675,0.11700841644592214,2020-08-19,223817.66597000437
15-24,East_of_England,185,8.84920324315167,0.11742755594461907,2020-08-19,1550838.8896014034
25-44,East_of_England,185,8.480900082842417,0.11286554154931196,2020-08-19,1636615.463507237
45-64,East_of_England,185,7.6568658298685905,0.10960383532745226,2020-08-19,784590.2828857166
65-74,East_of_England,185,7.220562160648675,0.11497087169266014,2020-08-19,658312.0186440421
75+,East_of_England,185,7.023160686838492,0.12516651999112516,2020-08-19,560524.0857834858
1-4,East_of_England,186,0,0,2020-08-20,628529.645039669
5-14,East_of_England,186,0,0,2020-08-20,223817.66597000437
15-24,East_of_England,186,0,0,2020-08-20,1550838.8896014034
25-44,East_of_England,186,0,0,2020-08-20,1636615.463507237
45-64,East_of_England,186,0,0,2020-08-20,784590.2828857166
65-74,East_of_England,186,0,0,2020-08-20,658312.0186440421
75+,East_of_England,186,0,0,2020-08-20,560524.0857834858
1-4,East_of_England,187,0,0,2020-08-21,628529.645039669
5-14,East_of_England,187,0,0,2020-08-21,223817.66597000437
15-24,East_of_England,187,0,0,2020-08-21,1550838.8896014034
25-44,East_of_England,187,0,0,2020-08-21,1636615.463507237
45-64,East_of_England,187,0,0,2020-08-21,784590.2828857166
65-74,East_of_England,187,0,0,2020-08-21,658312.0186440421
75+,East_of_England,187,0,0,2020-08-21,560524.0857834858
1-4,East_of_England,188,0,0,2020-08-22,628529.645039669
5-14,East_of_England,188,0,0,2020-08-22,223817.66597000437
15-24,East_of_England,188,0,0,2020-08-22,1550838.8896014034
25-44,East_of_England,188,0,0,2020-08-22,1636615.463507237
45-64,East_of_England,188,0,0,2020-08-22,784590.2828857166
65-74,East_of_England,188,0,0,2020-08-22,658312.0186440421
75+,East_of_England,188,0,0,2020-08-22,560524.0857834858
1-4,East_of_England,189,0,0,2020-08-23,628529.645039669
5-14,East_of_England,189,0,0,2020-08-23,223817.66597000437
15-24,East_of_England,189,0,0,2020-08-23,1550838.8896014034
25-44,East_of_England,189,0,0,2020-08-23,1636615.463507237
45-64,East_of_England,189,0,0,2020-08-23,784590.2828857166
65-74,East_of_England,189,0,0,2020-08-23,658312.0186440421
75+,East_of_England,189,0,0,2020-08-23,560524.0857834858
1-4,East_of_England,190,0,0,2020-08-24,628529.645039669
5-14,East_of_England,190,0,0,2020-08-24,223817.66597000437
15-24,East_of_England,190,0,0,2020-08-24,1550838.8896014034
25-44,East_of_England,190,0,0,2020-08-24,1636615.463507237
45-64,East_of_England,190,0,0,2020-08-24,784590.2828857166
65-74,East_of_England,190,0,0,2020-08-24,658312.0186440421
75+,East_of_England,190,0,0,2020-08-24,560524.0857834858
1-4,East_of_England,191,0,0,2020-08-25,628529.645039669
5-14,East_of_England,191,0,0,2020-08-25,223817.66597000437
15-24,East_of_England,191,0,0,2020-08-25,1550838.8896014034
25-44,East_of_England,191,0,0,2020-08-25,1636615.463507237
45-64,East_of_England,191,0,0,2020-08-25,784590.2828857166
65-74,East_of_England,191,0,0,2020-08-25,658312.0186440421
75+,East_of_England,191,0,0,2020-08-25,560524.0857834858
1-4,East_of_England,192,0,0,2020-08-26,628529.645039669
5-14,East_of_England,192,0,0,2020-08-26,223817.66597000437
15-24,East_of_England,192,0,0,2020-08-26,1550838.8896014034
25-44,East_of_England,192,0,0,2020-08-26,1636615.463507237
45-64,East_of_England,192,0,0,2020-08-26,784590.2828857166
65-74,East_of_England,192,0,0,2020-08-26,658312.0186440421
75+,East_of_England,192,0,0,2020-08-26,560524.0857834858
1-4,East_of_England,193,0,0,2020-08-27,628529.645039669
5-14,East_of_England,193,0,0,2020-08-27,223817.66597000437
15-24,East_of_England,193,0,0,2020-08-27,1550838.8896014034
25-44,East_of_England,193,0,0,2020-08-27,1636615.463507237
45-64,East_of_England,193,0,0,2020-08-27,784590.2828857166
65-74,East_of_England,193,0,0,2020-08-27,658312.0186440421
75+,East_of_England,193,0,0,2020-08-27,560524.0857834858
1-4,East_of_England,194,0,0,2020-08-28,628529.645039669
5-14,East_of_England,194,0,0,2020-08-28,223817.66597000437
15-24,East_of_England,194,0,0,2020-08-28,1550838.8896014034
25-44,East_of_England,194,0,0,2020-08-28,1636615.463507237
45-64,East_of_England,194,0,0,2020-08-28,784590.2828857166
65-74,East_of_England,194,0,0,2020-08-28,658312.0186440421
75+,East_of_England,194,0,0,2020-08-28,560524.0857834858
1-4,East_of_England,195,0,0,2020-08-29,628529.645039669
5-14,East_of_England,195,0,0,2020-08-29,223817.66597000437
15-24,East_of_England,195,0,0,2020-08-29,1550838.8896014034
25-44,East_of_England,195,0,0,2020-08-29,1636615.463507237
45-64,East_of_England,195,0,0,2020-08-29,784590.2828857166
65-74,East_of_England,195,0,0,2020-08-29,658312.0186440421
75+,East_of_England,195,0,0,2020-08-29,560524.0857834858
1-4,East_of_England,196,0,0,2020-08-30,628529.645039669
5-14,East_of_England,196,0,0,2020-08-30,223817.66597000437
15-24,East_of_England,196,0,0,2020-08-30,1550838.8896014034
25-44,East_of_England,196,0,0,2020-08-30,1636615.463507237
45-64,East_of_England,196,0,0,2020-08-30,784590.2828857166
65-74,East_of_England,196,0,0,2020-08-30,658312.0186440421
75+,East_of_England,196,0,0,2020-08-30,560524.0857834858
1-4,East_of_England,197,0,0,2020-08-31,628529.645039669
5-14,East_of_England,197,0,0,2020-08-31,223817.66597000437
15-24,East_of_England,197,0,0,2020-08-31,1550838.8896014034
25-44,East_of_England,197,0,0,2020-08-31,1636615.463507237
45-64,East_of_England,197,0,0,2020-08-31,784590.2828857166
65-74,East_of_England,197,0,0,2020-08-31,658312.0186440421
75+,East_of_England,197,0,0,2020-08-31,560524.0857834858
1-4,East_of_England,198,0,0,2020-09-01,628529.645039669
5-14,East_of_England,198,0,0,2020-09-01,223817.66597000437
15-24,East_of_England,198,0,0,2020-09-01,1550838.8896014034
25-44,East_of_England,198,0,0,2020-09-01,1636615.463507237
45-64,East_of_England,198,0,0,2020-09-01,784590.2828857166
65-74,East_of_England,198,0,0,2020-09-01,658312.0186440421
75+,East_of_England,198,0,0,2020-09-01,560524.0857834858
1-4,East_of_England,199,0,0,2020-09-02,628529.645039669
5-14,East_of_England,199,6.637505283326397,0.10948765698705185,2020-09-02,223817.66597000437
15-24,East_of_England,199,8.77410656381183,0.11031126514629573,2020-09-02,1550838.8896014034
25-44,East_of_England,199,8.405677586470146,0.10421507799403389,2020-09-02,1636615.463507237
45-64,East_of_England,199,7.581624771645036,0.10112917510429263,2020-09-02,784590.2828857166
65-74,East_of_England,199,7.1452856194052945,0.10735513548431036,2020-09-02,658312.0186440421
75+,East_of_England,199,6.94786941881383,0.11790484719564698,2020-09-02,560524.0857834858
1-4,East_of_England,200,0,0,2020-09-03,628529.645039669
5-14,East_of_England,200,0,0,2020-09-03,223817.66597000437
15-24,East_of_England,200,0,0,2020-09-03,1550838.8896014034
25-44,East_of_England,200,0,0,2020-09-03,1636615.463507237
45-64,East_of_England,200,0,0,2020-09-03,784590.2828857166
65-74,East_of_England,200,0,0,2020-09-03,658312.0186440421
75+,East_of_England,200,0,0,2020-09-03,560524.0857834858
1-4,East_of_England,201,0,0,2020-09-04,628529.645039669
5-14,East_of_England,201,0,0,2020-09-04,223817.66597000437
15-24,East_of_England,201,0,0,2020-09-04,1550838.8896014034
25-44,East_of_England,201,0,0,2020-09-04,1636615.463507237
45-64,East_of_England,201,0,0,2020-09-04,784590.2828857166
65-74,East_of_England,201,0,0,2020-09-04,658312.0186440421
75+,East_of_England,201,0,0,2020-09-04,560524.0857834858
1-4,East_of_England,202,0,0,2020-09-05,628529.645039669
5-14,East_of_England,202,0,0,2020-09-05,223817.66597000437
15-24,East_of_England,202,0,0,2020-09-05,1550838.8896014034
25-44,East_of_England,202,0,0,2020-09-05,1636615.463507237
45-64,East_of_England,202,0,0,2020-09-05,784590.2828857166
65-74,East_of_England,202,0,0,2020-09-05,658312.0186440421
75+,East_of_England,202,0,0,2020-09-05,560524.0857834858
1-4,East_of_England,203,0,0,2020-09-06,628529.645039669
5-14,East_of_England,203,0,0,2020-09-06,223817.66597000437
15-24,East_of_England,203,0,0,2020-09-06,1550838.8896014034
25-44,East_of_England,203,0,0,2020-09-06,1636615.463507237
45-64,East_of_England,203,0,0,2020-09-06,784590.2828857166
65-74,East_of_England,203,0,0,2020-09-06,658312.0186440421
75+,East_of_England,203,0,0,2020-09-06,560524.0857834858
1-4,East_of_England,204,0,0,2020-09-07,628529.645039669
5-14,East_of_England,204,0,0,2020-09-07,223817.66597000437
15-24,East_of_England,204,0,0,2020-09-07,1550838.8896014034
25-44,East_of_England,204,0,0,2020-09-07,1636615.463507237
45-64,East_of_England,204,0,0,2020-09-07,784590.2828857166
65-74,East_of_England,204,0,0,2020-09-07,658312.0186440421
75+,East_of_England,204,0,0,2020-09-07,560524.0857834858
1-4,East_of_England,205,0,0,2020-09-08,628529.645039669
5-14,East_of_England,205,0,0,2020-09-08,223817.66597000437
15-24,East_of_England,205,0,0,2020-09-08,1550838.8896014034
25-44,East_of_England,205,0,0,2020-09-08,1636615.463507237
45-64,East_of_England,205,0,0,2020-09-08,784590.2828857166
65-74,East_of_England,205,0,0,2020-09-08,658312.0186440421
75+,East_of_England,205,0,0,2020-09-08,560524.0857834858
1-4,East_of_England,206,0,0,2020-09-09,628529.645039669
5-14,East_of_England,206,0,0,2020-09-09,223817.66597000437
15-24,East_of_England,206,0,0,2020-09-09,1550838.8896014034
25-44,East_of_England,206,0,0,2020-09-09,1636615.463507237
45-64,East_of_England,206,0,0,2020-09-09,784590.2828857166
65-74,East_of_England,206,0,0,2020-09-09,658312.0186440421
75+,East_of_England,206,0,0,2020-09-09,560524.0857834858
1-4,East_of_England,207,0,0,2020-09-10,628529.645039669
5-14,East_of_England,207,0,0,2020-09-10,223817.66597000437
15-24,East_of_England,207,0,0,2020-09-10,1550838.8896014034
25-44,East_of_England,207,0,0,2020-09-10,1636615.463507237
45-64,East_of_England,207,0,0,2020-09-10,784590.2828857166
65-74,East_of_England,207,0,0,2020-09-10,658312.0186440421
75+,East_of_England,207,0,0,2020-09-10,560524.0857834858
1-4,East_of_England,208,0,0,2020-09-11,628529.645039669
5-14,East_of_England,208,0,0,2020-09-11,223817.66597000437
15-24,East_of_England,208,0,0,2020-09-11,1550838.8896014034
25-44,East_of_England,208,0,0,2020-09-11,1636615.463507237
45-64,East_of_England,208,0,0,2020-09-11,784590.2828857166
65-74,East_of_England,208,0,0,2020-09-11,658312.0186440421
75+,East_of_England,208,0,0,2020-09-11,560524.0857834858
1-4,East_of_England,209,0,0,2020-09-12,628529.645039669
5-14,East_of_England,209,0,0,2020-09-12,223817.66597000437
15-24,East_of_England,209,0,0,2020-09-12,1550838.8896014034
25-44,East_of_England,209,0,0,2020-09-12,1636615.463507237
45-64,East_of_England,209,0,0,2020-09-12,784590.2828857166
65-74,East_of_England,209,0,0,2020-09-12,658312.0186440421
75+,East_of_England,209,0,0,2020-09-12,560524.0857834858
1-4,East_of_England,210,0,0,2020-09-13,628529.645039669
5-14,East_of_England,210,0,0,2020-09-13,223817.66597000437
15-24,East_of_England,210,0,0,2020-09-13,1550838.8896014034
25-44,East_of_England,210,0,0,2020-09-13,1636615.463507237
45-64,East_of_England,210,0,0,2020-09-13,784590.2828857166
65-74,East_of_England,210,0,0,2020-09-13,658312.0186440421
75+,East_of_England,210,0,0,2020-09-13,560524.0857834858
1-4,East_of_England,211,0,0,2020-09-14,628529.645039669
5-14,East_of_England,211,0,0,2020-09-14,223817.66597000437
15-24,East_of_England,211,0,0,2020-09-14,1550838.8896014034
25-44,East_of_England,211,0,0,2020-09-14,1636615.463507237
45-64,East_of_England,211,0,0,2020-09-14,784590.2828857166
65-74,East_of_England,211,0,0,2020-09-14,658312.0186440421
75+,East_of_England,211,0,0,2020-09-14,560524.0857834858
1-4,East_of_England,212,0,0,2020-09-15,628529.645039669
5-14,East_of_England,212,0,0,2020-09-15,223817.66597000437
15-24,East_of_England,212,0,0,2020-09-15,1550838.8896014034
25-44,East_of_England,212,0,0,2020-09-15,1636615.463507237
45-64,East_of_England,212,0,0,2020-09-15,784590.2828857166
65-74,East_of_England,212,0,0,2020-09-15,658312.0186440421
75+,East_of_England,212,0,0,2020-09-15,560524.0857834858
1-4,East_of_England,213,0,0,2020-09-16,628529.645039669
5-14,East_of_England,213,6.638006966843036,0.09858631392479258,2020-09-16,223817.66597000437
15-24,East_of_England,213,8.774610492445438,0.10030115533644342,2020-09-16,1550838.8896014034
25-44,East_of_England,213,8.406177128369372,0.09262754613982241,2020-09-16,1636615.463507237
45-64,East_of_England,213,7.58212190534701,0.08958949557320899,2020-09-16,784590.2828857166
65-74,East_of_England,213,7.145805493035791,0.0960945896749856,2020-09-16,658312.0186440421
75+,East_of_England,213,6.948377097607653,0.10767728885649364,2020-09-16,560524.0857834858
1-4,East_of_England,214,0,0,2020-09-17,628529.645039669
5-14,East_of_England,214,0,0,2020-09-17,223817.66597000437
15-24,East_of_England,214,0,0,2020-09-17,1550838.8896014034
25-44,East_of_England,214,0,0,2020-09-17,1636615.463507237
45-64,East_of_England,214,0,0,2020-09-17,784590.2828857166
65-74,East_of_England,214,0,0,2020-09-17,658312.0186440421
75+,East_of_England,214,0,0,2020-09-17,560524.0857834858
1-4,East_of_England,215,0,0,2020-09-18,628529.645039669
5-14,East_of_England,215,0,0,2020-09-18,223817.66597000437
15-24,East_of_England,215,0,0,2020-09-18,1550838.8896014034
25-44,East_of_England,215,0,0,2020-09-18,1636615.463507237
45-64,East_of_England,215,0,0,2020-09-18,784590.2828857166
65-74,East_of_England,215,0,0,2020-09-18,658312.0186440421
75+,East_of_England,215,0,0,2020-09-18,560524.0857834858
1-4,East_of_England,216,0,0,2020-09-19,628529.645039669
5-14,East_of_England,216,0,0,2020-09-19,223817.66597000437
15-24,East_of_England,216,0,0,2020-09-19,1550838.8896014034
25-44,East_of_England,216,0,0,2020-09-19,1636615.463507237
45-64,East_of_England,216,0,0,2020-09-19,784590.2828857166
65-74,East_of_England,216,0,0,2020-09-19,658312.0186440421
75+,East_of_England,216,0,0,2020-09-19,560524.0857834858
1-4,East_of_England,217,0,0,2020-09-20,628529.645039669
5-14,East_of_England,217,0,0,2020-09-20,223817.66597000437
15-24,East_of_England,217,0,0,2020-09-20,1550838.8896014034
25-44,East_of_England,217,0,0,2020-09-20,1636615.463507237
45-64,East_of_England,217,0,0,2020-09-20,784590.2828857166
65-74,East_of_England,217,0,0,2020-09-20,658312.0186440421
75+,East_of_England,217,0,0,2020-09-20,560524.0857834858
1-4,East_of_England,218,0,0,2020-09-21,628529.645039669
5-14,East_of_England,218,0,0,2020-09-21,223817.66597000437
15-24,East_of_England,218,0,0,2020-09-21,1550838.8896014034
25-44,East_of_England,218,0,0,2020-09-21,1636615.463507237
45-64,East_of_England,218,0,0,2020-09-21,784590.2828857166
65-74,East_of_England,218,0,0,2020-09-21,658312.0186440421
75+,East_of_England,218,0,0,2020-09-21,560524.0857834858
1-4,East_of_England,219,0,0,2020-09-22,628529.645039669
5-14,East_of_England,219,0,0,2020-09-22,223817.66597000437
15-24,East_of_England,219,0,0,2020-09-22,1550838.8896014034
25-44,East_of_England,219,0,0,2020-09-22,1636615.463507237
45-64,East_of_England,219,0,0,2020-09-22,784590.2828857166
65-74,East_of_England,219,0,0,2020-09-22,658312.0186440421
75+,East_of_England,219,0,0,2020-09-22,560524.0857834858
1-4,East_of_England,220,0,0,2020-09-23,628529.645039669
5-14,East_of_England,220,0,0,2020-09-23,223817.66597000437
15-24,East_of_England,220,0,0,2020-09-23,1550838.8896014034
25-44,East_of_England,220,0,0,2020-09-23,1636615.463507237
45-64,East_of_England,220,0,0,2020-09-23,784590.2828857166
65-74,East_of_England,220,0,0,2020-09-23,658312.0186440421
75+,East_of_England,220,0,0,2020-09-23,560524.0857834858
1-4,East_of_England,221,0,0,2020-09-24,628529.645039669
5-14,East_of_England,221,0,0,2020-09-24,223817.66597000437
15-24,East_of_England,221,0,0,2020-09-24,1550838.8896014034
25-44,East_of_England,221,0,0,2020-09-24,1636615.463507237
45-64,East_of_England,221,0,0,2020-09-24,784590.2828857166
65-74,East_of_England,221,0,0,2020-09-24,658312.0186440421
75+,East_of_England,221,0,0,2020-09-24,560524.0857834858
1-4,East_of_England,222,0,0,2020-09-25,628529.645039669
5-14,East_of_England,222,0,0,2020-09-25,223817.66597000437
15-24,East_of_England,222,0,0,2020-09-25,1550838.8896014034
25-44,East_of_England,222,0,0,2020-09-25,1636615.463507237
45-64,East_of_England,222,0,0,2020-09-25,784590.2828857166
65-74,East_of_England,222,0,0,2020-09-25,658312.0186440421
75+,East_of_England,222,0,0,2020-09-25,560524.0857834858
1-4,East_of_England,223,0,0,2020-09-26,628529.645039669
5-14,East_of_England,223,0,0,2020-09-26,223817.66597000437
15-24,East_of_England,223,0,0,2020-09-26,1550838.8896014034
25-44,East_of_England,223,0,0,2020-09-26,1636615.463507237
45-64,East_of_England,223,0,0,2020-09-26,784590.2828857166
65-74,East_of_England,223,0,0,2020-09-26,658312.0186440421
75+,East_of_England,223,0,0,2020-09-26,560524.0857834858
1-4,East_of_England,224,0,0,2020-09-27,628529.645039669
5-14,East_of_England,224,0,0,2020-09-27,223817.66597000437
15-24,East_of_England,224,0,0,2020-09-27,1550838.8896014034
25-44,East_of_England,224,0,0,2020-09-27,1636615.463507237
45-64,East_of_England,224,0,0,2020-09-27,784590.2828857166
65-74,East_of_England,224,0,0,2020-09-27,658312.0186440421
75+,East_of_England,224,0,0,2020-09-27,560524.0857834858
1-4,East_of_England,225,0,0,2020-09-28,628529.645039669
5-14,East_of_England,225,0,0,2020-09-28,223817.66597000437
15-24,East_of_England,225,0,0,2020-09-28,1550838.8896014034
25-44,East_of_England,225,0,0,2020-09-28,1636615.463507237
45-64,East_of_England,225,0,0,2020-09-28,784590.2828857166
65-74,East_of_England,225,0,0,2020-09-28,658312.0186440421
75+,East_of_England,225,0,0,2020-09-28,560524.0857834858
1-4,East_of_England,226,0,0,2020-09-29,628529.645039669
5-14,East_of_England,226,0,0,2020-09-29,223817.66597000437
15-24,East_of_England,226,0,0,2020-09-29,1550838.8896014034
25-44,East_of_England,226,0,0,2020-09-29,1636615.463507237
45-64,East_of_England,226,0,0,2020-09-29,784590.2828857166
65-74,East_of_England,226,0,0,2020-09-29,658312.0186440421
75+,East_of_England,226,0,0,2020-09-29,560524.0857834858
1-4,East_of_England,227,0,0,2020-09-30,628529.645039669
5-14,East_of_England,227,6.77402245782042,0.08625687114939416,2020-09-30,223817.66597000437
15-24,East_of_England,227,8.910509438099712,0.08802423804015234,2020-09-30,1550838.8896014034
25-44,East_of_England,227,8.5422893321128,0.07939763187722534,2020-09-30,1636615.463507237
45-64,East_of_England,227,7.718266895692946,0.07571084469659517,2020-09-30,784590.2828857166
65-74,East_of_England,227,7.282054590779131,0.08371779137927307,2020-09-30,658312.0186440421
75+,East_of_England,227,7.084607369907986,0.09658891320774635,2020-09-30,560524.0857834858
1-4,East_of_England,228,0,0,2020-10-01,628529.645039669
5-14,East_of_England,228,0,0,2020-10-01,223817.66597000437
15-24,East_of_England,228,0,0,2020-10-01,1550838.8896014034
25-44,East_of_England,228,0,0,2020-10-01,1636615.463507237
45-64,East_of_England,228,0,0,2020-10-01,784590.2828857166
65-74,East_of_England,228,0,0,2020-10-01,658312.0186440421
75+,East_of_England,228,0,0,2020-10-01,560524.0857834858
1-4,East_of_England,229,0,0,2020-10-02,628529.645039669
5-14,East_of_England,229,0,0,2020-10-02,223817.66597000437
15-24,East_of_England,229,0,0,2020-10-02,1550838.8896014034
25-44,East_of_England,229,0,0,2020-10-02,1636615.463507237
45-64,East_of_England,229,0,0,2020-10-02,784590.2828857166
65-74,East_of_England,229,0,0,2020-10-02,658312.0186440421
75+,East_of_England,229,0,0,2020-10-02,560524.0857834858
1-4,East_of_England,230,0,0,2020-10-03,628529.645039669
5-14,East_of_England,230,0,0,2020-10-03,223817.66597000437
15-24,East_of_England,230,0,0,2020-10-03,1550838.8896014034
25-44,East_of_England,230,0,0,2020-10-03,1636615.463507237
45-64,East_of_England,230,0,0,2020-10-03,784590.2828857166
65-74,East_of_England,230,0,0,2020-10-03,658312.0186440421
75+,East_of_England,230,0,0,2020-10-03,560524.0857834858
1-4,East_of_England,231,0,0,2020-10-04,628529.645039669
5-14,East_of_England,231,0,0,2020-10-04,223817.66597000437
15-24,East_of_England,231,0,0,2020-10-04,1550838.8896014034
25-44,East_of_England,231,0,0,2020-10-04,1636615.463507237
45-64,East_of_England,231,0,0,2020-10-04,784590.2828857166
65-74,East_of_England,231,0,0,2020-10-04,658312.0186440421
75+,East_of_England,231,0,0,2020-10-04,560524.0857834858
1-4,East_of_England,232,0,0,2020-10-05,628529.645039669
5-14,East_of_England,232,0,0,2020-10-05,223817.66597000437
15-24,East_of_England,232,0,0,2020-10-05,1550838.8896014034
25-44,East_of_England,232,0,0,2020-10-05,1636615.463507237
45-64,East_of_England,232,0,0,2020-10-05,784590.2828857166
65-74,East_of_England,232,0,0,2020-10-05,658312.0186440421
75+,East_of_England,232,0,0,2020-10-05,560524.0857834858
1-4,East_of_England,233,0,0,2020-10-06,628529.645039669
5-14,East_of_England,233,0,0,2020-10-06,223817.66597000437
15-24,East_of_England,233,0,0,2020-10-06,1550838.8896014034
25-44,East_of_England,233,0,0,2020-10-06,1636615.463507237
45-64,East_of_England,233,0,0,2020-10-06,784590.2828857166
65-74,East_of_England,233,0,0,2020-10-06,658312.0186440421
75+,East_of_England,233,0,0,2020-10-06,560524.0857834858
1-4,East_of_England,234,0,0,2020-10-07,628529.645039669
5-14,East_of_England,234,0,0,2020-10-07,223817.66597000437
15-24,East_of_England,234,0,0,2020-10-07,1550838.8896014034
25-44,East_of_England,234,0,0,2020-10-07,1636615.463507237
45-64,East_of_England,234,0,0,2020-10-07,784590.2828857166
65-74,East_of_England,234,0,0,2020-10-07,658312.0186440421
75+,East_of_England,234,0,0,2020-10-07,560524.0857834858
1-4,East_of_England,235,0,0,2020-10-08,628529.645039669
5-14,East_of_England,235,0,0,2020-10-08,223817.66597000437
15-24,East_of_England,235,0,0,2020-10-08,1550838.8896014034
25-44,East_of_England,235,0,0,2020-10-08,1636615.463507237
45-64,East_of_England,235,0,0,2020-10-08,784590.2828857166
65-74,East_of_England,235,0,0,2020-10-08,658312.0186440421
75+,East_of_England,235,0,0,2020-10-08,560524.0857834858
1-4,East_of_England,236,0,0,2020-10-09,628529.645039669
5-14,East_of_England,236,0,0,2020-10-09,223817.66597000437
15-24,East_of_England,236,0,0,2020-10-09,1550838.8896014034
25-44,East_of_England,236,0,0,2020-10-09,1636615.463507237
45-64,East_of_England,236,0,0,2020-10-09,784590.2828857166
65-74,East_of_England,236,0,0,2020-10-09,658312.0186440421
75+,East_of_England,236,0,0,2020-10-09,560524.0857834858
1-4,East_of_England,237,0,0,2020-10-10,628529.645039669
5-14,East_of_England,237,0,0,2020-10-10,223817.66597000437
15-24,East_of_England,237,0,0,2020-10-10,1550838.8896014034
25-44,East_of_England,237,0,0,2020-10-10,1636615.463507237
45-64,East_of_England,237,0,0,2020-10-10,784590.2828857166
65-74,East_of_England,237,0,0,2020-10-10,658312.0186440421
75+,East_of_England,237,0,0,2020-10-10,560524.0857834858
1-4,East_of_England,238,0,0,2020-10-11,628529.645039669
5-14,East_of_England,238,0,0,2020-10-11,223817.66597000437
15-24,East_of_England,238,0,0,2020-10-11,1550838.8896014034
25-44,East_of_England,238,0,0,2020-10-11,1636615.463507237
45-64,East_of_England,238,0,0,2020-10-11,784590.2828857166
65-74,East_of_England,238,0,0,2020-10-11,658312.0186440421
75+,East_of_England,238,0,0,2020-10-11,560524.0857834858
1-4,East_of_England,239,0,0,2020-10-12,628529.645039669
5-14,East_of_England,239,0,0,2020-10-12,223817.66597000437
15-24,East_of_England,239,0,0,2020-10-12,1550838.8896014034
25-44,East_of_England,239,0,0,2020-10-12,1636615.463507237
45-64,East_of_England,239,0,0,2020-10-12,784590.2828857166
65-74,East_of_England,239,0,0,2020-10-12,658312.0186440421
75+,East_of_England,239,0,0,2020-10-12,560524.0857834858
1-4,East_of_England,240,0,0,2020-10-13,628529.645039669
5-14,East_of_England,240,0,0,2020-10-13,223817.66597000437
15-24,East_of_England,240,0,0,2020-10-13,1550838.8896014034
25-44,East_of_England,240,0,0,2020-10-13,1636615.463507237
45-64,East_of_England,240,0,0,2020-10-13,784590.2828857166
65-74,East_of_England,240,0,0,2020-10-13,658312.0186440421
75+,East_of_England,240,0,0,2020-10-13,560524.0857834858
1-4,East_of_England,241,0,0,2020-10-14,628529.645039669
5-14,East_of_England,241,7.032842686498286,0.07743088172222368,2020-10-14,223817.66597000437
15-24,East_of_England,241,9.16907200163515,0.07947730693371988,2020-10-14,1550838.8896014034
25-44,East_of_England,241,8.801364544123432,0.07011568285618536,2020-10-14,1636615.463507237
45-64,East_of_England,241,7.977396160378016,0.0654845589017612,2020-10-14,784590.2828857166
65-74,East_of_England,241,7.541405814758715,0.07518190055821097,2020-10-14,658312.0186440421
75+,East_of_England,241,7.34393839689129,0.08974206158341545,2020-10-14,560524.0857834858
1-4,East_of_England,242,0,0,2020-10-15,628529.645039669
5-14,East_of_England,242,0,0,2020-10-15,223817.66597000437
15-24,East_of_England,242,0,0,2020-10-15,1550838.8896014034
25-44,East_of_England,242,0,0,2020-10-15,1636615.463507237
45-64,East_of_England,242,0,0,2020-10-15,784590.2828857166
65-74,East_of_England,242,0,0,2020-10-15,658312.0186440421
75+,East_of_England,242,0,0,2020-10-15,560524.0857834858
1-4,East_of_England,243,0,0,2020-10-16,628529.645039669
5-14,East_of_England,243,0,0,2020-10-16,223817.66597000437
15-24,East_of_England,243,0,0,2020-10-16,1550838.8896014034
25-44,East_of_England,243,0,0,2020-10-16,1636615.463507237
45-64,East_of_England,243,0,0,2020-10-16,784590.2828857166
65-74,East_of_England,243,0,0,2020-10-16,658312.0186440421
75+,East_of_England,243,0,0,2020-10-16,560524.0857834858
1-4,East_of_England,244,0,0,2020-10-17,628529.645039669
5-14,East_of_England,244,0,0,2020-10-17,223817.66597000437
15-24,East_of_England,244,0,0,2020-10-17,1550838.8896014034
25-44,East_of_England,244,0,0,2020-10-17,1636615.463507237
45-64,East_of_England,244,0,0,2020-10-17,784590.2828857166
65-74,East_of_England,244,0,0,2020-10-17,658312.0186440421
75+,East_of_England,244,0,0,2020-10-17,560524.0857834858
1-4,East_of_England,245,0,0,2020-10-18,628529.645039669
5-14,East_of_England,245,0,0,2020-10-18,223817.66597000437
15-24,East_of_England,245,0,0,2020-10-18,1550838.8896014034
25-44,East_of_England,245,0,0,2020-10-18,1636615.463507237
45-64,East_of_England,245,0,0,2020-10-18,784590.2828857166
65-74,East_of_England,245,0,0,2020-10-18,658312.0186440421
75+,East_of_England,245,0,0,2020-10-18,560524.0857834858
1-4,East_of_England,246,0,0,2020-10-19,628529.645039669
5-14,East_of_England,246,0,0,2020-10-19,223817.66597000437
15-24,East_of_England,246,0,0,2020-10-19,1550838.8896014034
25-44,East_of_England,246,0,0,2020-10-19,1636615.463507237
45-64,East_of_England,246,0,0,2020-10-19,784590.2828857166
65-74,East_of_England,246,0,0,2020-10-19,658312.0186440421
75+,East_of_England,246,0,0,2020-10-19,560524.0857834858
1-4,East_of_England,247,0,0,2020-10-20,628529.645039669
5-14,East_of_England,247,0,0,2020-10-20,223817.66597000437
15-24,East_of_England,247,0,0,2020-10-20,1550838.8896014034
25-44,East_of_England,247,0,0,2020-10-20,1636615.463507237
45-64,East_of_England,247,0,0,2020-10-20,784590.2828857166
65-74,East_of_England,247,0,0,2020-10-20,658312.0186440421
75+,East_of_England,247,0,0,2020-10-20,560524.0857834858
1-4,East_of_England,248,0,0,2020-10-21,628529.645039669
5-14,East_of_England,248,0,0,2020-10-21,223817.66597000437
15-24,East_of_England,248,0,0,2020-10-21,1550838.8896014034
25-44,East_of_England,248,0,0,2020-10-21,1636615.463507237
45-64,East_of_England,248,0,0,2020-10-21,784590.2828857166
65-74,East_of_England,248,0,0,2020-10-21,658312.0186440421
75+,East_of_England,248,0,0,2020-10-21,560524.0857834858
1-4,East_of_England,249,0,0,2020-10-22,628529.645039669
5-14,East_of_England,249,0,0,2020-10-22,223817.66597000437
15-24,East_of_England,249,0,0,2020-10-22,1550838.8896014034
25-44,East_of_England,249,0,0,2020-10-22,1636615.463507237
45-64,East_of_England,249,0,0,2020-10-22,784590.2828857166
65-74,East_of_England,249,0,0,2020-10-22,658312.0186440421
75+,East_of_England,249,0,0,2020-10-22,560524.0857834858
1-4,East_of_England,250,0,0,2020-10-23,628529.645039669
5-14,East_of_England,250,0,0,2020-10-23,223817.66597000437
15-24,East_of_England,250,0,0,2020-10-23,1550838.8896014034
25-44,East_of_England,250,0,0,2020-10-23,1636615.463507237
45-64,East_of_England,250,0,0,2020-10-23,784590.2828857166
65-74,East_of_England,250,0,0,2020-10-23,658312.0186440421
75+,East_of_England,250,0,0,2020-10-23,560524.0857834858
1-4,East_of_England,251,0,0,2020-10-24,628529.645039669
5-14,East_of_England,251,0,0,2020-10-24,223817.66597000437
15-24,East_of_England,251,0,0,2020-10-24,1550838.8896014034
25-44,East_of_England,251,0,0,2020-10-24,1636615.463507237
45-64,East_of_England,251,0,0,2020-10-24,784590.2828857166
65-74,East_of_England,251,0,0,2020-10-24,658312.0186440421
75+,East_of_England,251,0,0,2020-10-24,560524.0857834858
1-4,East_of_England,252,0,0,2020-10-25,628529.645039669
5-14,East_of_England,252,0,0,2020-10-25,223817.66597000437
15-24,East_of_England,252,0,0,2020-10-25,1550838.8896014034
25-44,East_of_England,252,0,0,2020-10-25,1636615.463507237
45-64,East_of_England,252,0,0,2020-10-25,784590.2828857166
65-74,East_of_England,252,0,0,2020-10-25,658312.0186440421
75+,East_of_England,252,0,0,2020-10-25,560524.0857834858
1-4,East_of_England,253,0,0,2020-10-26,628529.645039669
5-14,East_of_England,253,0,0,2020-10-26,223817.66597000437
15-24,East_of_England,253,0,0,2020-10-26,1550838.8896014034
25-44,East_of_England,253,0,0,2020-10-26,1636615.463507237
45-64,East_of_England,253,0,0,2020-10-26,784590.2828857166
65-74,East_of_England,253,0,0,2020-10-26,658312.0186440421
75+,East_of_England,253,0,0,2020-10-26,560524.0857834858
1-4,East_of_England,254,0,0,2020-10-27,628529.645039669
5-14,East_of_England,254,0,0,2020-10-27,223817.66597000437
15-24,East_of_England,254,0,0,2020-10-27,1550838.8896014034
25-44,East_of_England,254,0,0,2020-10-27,1636615.463507237
45-64,East_of_England,254,0,0,2020-10-27,784590.2828857166
65-74,East_of_England,254,0,0,2020-10-27,658312.0186440421
75+,East_of_England,254,0,0,2020-10-27,560524.0857834858
1-4,East_of_England,255,0,0,2020-10-28,628529.645039669
5-14,East_of_England,255,7.270743922544066,0.07490905701358272,2020-10-28,223817.66597000437
15-24,East_of_England,255,9.406687041843345,0.07687164453957038,2020-10-28,1550838.8896014034
25-44,East_of_England,255,9.039591141729337,0.06645108586467888,2020-10-28,1636615.463507237
45-64,East_of_England,255,8.215676175308609,0.062260910921639795,2020-10-28,784590.2828857166
65-74,East_of_England,255,7.779910874592305,0.07274113952262891,2020-10-28,658312.0186440421
75+,East_of_England,255,7.582455507959426,0.08824290502861455,2020-10-28,560524.0857834858
1-4,East_of_England,256,0,0,2020-10-29,628529.645039669
5-14,East_of_England,256,0,0,2020-10-29,223817.66597000437
15-24,East_of_England,256,0,0,2020-10-29,1550838.8896014034
25-44,East_of_England,256,0,0,2020-10-29,1636615.463507237
45-64,East_of_England,256,0,0,2020-10-29,784590.2828857166
65-74,East_of_England,256,0,0,2020-10-29,658312.0186440421
75+,East_of_England,256,0,0,2020-10-29,560524.0857834858
1-4,East_of_England,257,0,0,2020-10-30,628529.645039669
5-14,East_of_England,257,0,0,2020-10-30,223817.66597000437
15-24,East_of_England,257,0,0,2020-10-30,1550838.8896014034
25-44,East_of_England,257,0,0,2020-10-30,1636615.463507237
45-64,East_of_England,257,0,0,2020-10-30,784590.2828857166
65-74,East_of_England,257,0,0,2020-10-30,658312.0186440421
75+,East_of_England,257,0,0,2020-10-30,560524.0857834858
1-4,East_of_England,258,0,0,2020-10-31,628529.645039669
5-14,East_of_England,258,0,0,2020-10-31,223817.66597000437
15-24,East_of_England,258,0,0,2020-10-31,1550838.8896014034
25-44,East_of_England,258,0,0,2020-10-31,1636615.463507237
45-64,East_of_England,258,0,0,2020-10-31,784590.2828857166
65-74,East_of_England,258,0,0,2020-10-31,658312.0186440421
75+,East_of_England,258,0,0,2020-10-31,560524.0857834858
1-4,East_of_England,259,0,0,2020-11-01,628529.645039669
5-14,East_of_England,259,0,0,2020-11-01,223817.66597000437
15-24,East_of_England,259,0,0,2020-11-01,1550838.8896014034
25-44,East_of_England,259,0,0,2020-11-01,1636615.463507237
45-64,East_of_England,259,0,0,2020-11-01,784590.2828857166
65-74,East_of_England,259,0,0,2020-11-01,658312.0186440421
75+,East_of_England,259,0,0,2020-11-01,560524.0857834858
1-4,East_of_England,260,0,0,2020-11-02,628529.645039669
5-14,East_of_England,260,0,0,2020-11-02,223817.66597000437
15-24,East_of_England,260,0,0,2020-11-02,1550838.8896014034
25-44,East_of_England,260,0,0,2020-11-02,1636615.463507237
45-64,East_of_England,260,0,0,2020-11-02,784590.2828857166
65-74,East_of_England,260,0,0,2020-11-02,658312.0186440421
75+,East_of_England,260,0,0,2020-11-02,560524.0857834858
1-4,East_of_England,261,0,0,2020-11-03,628529.645039669
5-14,East_of_England,261,0,0,2020-11-03,223817.66597000437
15-24,East_of_England,261,0,0,2020-11-03,1550838.8896014034
25-44,East_of_England,261,0,0,2020-11-03,1636615.463507237
45-64,East_of_England,261,0,0,2020-11-03,784590.2828857166
65-74,East_of_England,261,0,0,2020-11-03,658312.0186440421
75+,East_of_England,261,0,0,2020-11-03,560524.0857834858
1-4,East_of_England,262,0,0,2020-11-04,628529.645039669
5-14,East_of_England,262,0,0,2020-11-04,223817.66597000437
15-24,East_of_England,262,0,0,2020-11-04,1550838.8896014034
25-44,East_of_England,262,0,0,2020-11-04,1636615.463507237
45-64,East_of_England,262,0,0,2020-11-04,784590.2828857166
65-74,East_of_England,262,0,0,2020-11-04,658312.0186440421
75+,East_of_England,262,0,0,2020-11-04,560524.0857834858
1-4,East_of_England,263,0,0,2020-11-05,628529.645039669
5-14,East_of_England,263,0,0,2020-11-05,223817.66597000437
15-24,East_of_England,263,0,0,2020-11-05,1550838.8896014034
25-44,East_of_England,263,0,0,2020-11-05,1636615.463507237
45-64,East_of_England,263,0,0,2020-11-05,784590.2828857166
65-74,East_of_England,263,0,0,2020-11-05,658312.0186440421
75+,East_of_England,263,0,0,2020-11-05,560524.0857834858
1-4,East_of_England,264,0,0,2020-11-06,628529.645039669
5-14,East_of_England,264,0,0,2020-11-06,223817.66597000437
15-24,East_of_England,264,0,0,2020-11-06,1550838.8896014034
25-44,East_of_England,264,0,0,2020-11-06,1636615.463507237
45-64,East_of_England,264,0,0,2020-11-06,784590.2828857166
65-74,East_of_England,264,0,0,2020-11-06,658312.0186440421
75+,East_of_England,264,0,0,2020-11-06,560524.0857834858
1-4,East_of_England,265,0,0,2020-11-07,628529.645039669
5-14,East_of_England,265,0,0,2020-11-07,223817.66597000437
15-24,East_of_England,265,0,0,2020-11-07,1550838.8896014034
25-44,East_of_England,265,0,0,2020-11-07,1636615.463507237
45-64,East_of_England,265,0,0,2020-11-07,784590.2828857166
65-74,East_of_England,265,0,0,2020-11-07,658312.0186440421
75+,East_of_England,265,0,0,2020-11-07,560524.0857834858
1-4,East_of_England,266,0,0,2020-11-08,628529.645039669
5-14,East_of_England,266,0,0,2020-11-08,223817.66597000437
15-24,East_of_England,266,0,0,2020-11-08,1550838.8896014034
25-44,East_of_England,266,0,0,2020-11-08,1636615.463507237
45-64,East_of_England,266,0,0,2020-11-08,784590.2828857166
65-74,East_of_England,266,0,0,2020-11-08,658312.0186440421
75+,East_of_England,266,0,0,2020-11-08,560524.0857834858
1-4,East_of_England,267,0,0,2020-11-09,628529.645039669
5-14,East_of_England,267,0,0,2020-11-09,223817.66597000437
15-24,East_of_England,267,0,0,2020-11-09,1550838.8896014034
25-44,East_of_England,267,0,0,2020-11-09,1636615.463507237
45-64,East_of_England,267,0,0,2020-11-09,784590.2828857166
65-74,East_of_England,267,0,0,2020-11-09,658312.0186440421
75+,East_of_England,267,0,0,2020-11-09,560524.0857834858
1-4,East_of_England,268,0,0,2020-11-10,628529.645039669
5-14,East_of_England,268,0,0,2020-11-10,223817.66597000437
15-24,East_of_England,268,0,0,2020-11-10,1550838.8896014034
25-44,East_of_England,268,0,0,2020-11-10,1636615.463507237
45-64,East_of_England,268,0,0,2020-11-10,784590.2828857166
65-74,East_of_England,268,0,0,2020-11-10,658312.0186440421
75+,East_of_England,268,0,0,2020-11-10,560524.0857834858
1-4,East_of_England,269,0,0,2020-11-11,628529.645039669
5-14,East_of_England,269,7.38569339355069,0.07232154162557791,2020-11-11,223817.66597000437
15-24,East_of_England,269,9.521495267984267,0.07495593957626237,2020-11-11,1550838.8896014034
25-44,East_of_England,269,9.154756325794398,0.06422247644050207,2020-11-11,1636615.463507237
45-64,East_of_England,269,8.330859237302532,0.05963657476586507,2020-11-11,784590.2828857166
65-74,East_of_England,269,7.895204530089627,0.07074053923924589,2020-11-11,658312.0186440421
75+,East_of_England,269,7.697751968002943,0.08702964878376578,2020-11-11,560524.0857834858
1-4,East_of_England,270,0,0,2020-11-12,628529.645039669
5-14,East_of_England,270,0,0,2020-11-12,223817.66597000437
15-24,East_of_England,270,0,0,2020-11-12,1550838.8896014034
25-44,East_of_England,270,0,0,2020-11-12,1636615.463507237
45-64,East_of_England,270,0,0,2020-11-12,784590.2828857166
65-74,East_of_England,270,0,0,2020-11-12,658312.0186440421
75+,East_of_England,270,0,0,2020-11-12,560524.0857834858
1-4,East_of_England,271,0,0,2020-11-13,628529.645039669
5-14,East_of_England,271,0,0,2020-11-13,223817.66597000437
15-24,East_of_England,271,0,0,2020-11-13,1550838.8896014034
25-44,East_of_England,271,0,0,2020-11-13,1636615.463507237
45-64,East_of_England,271,0,0,2020-11-13,784590.2828857166
65-74,East_of_England,271,0,0,2020-11-13,658312.0186440421
75+,East_of_England,271,0,0,2020-11-13,560524.0857834858
1-4,East_of_England,272,0,0,2020-11-14,628529.645039669
5-14,East_of_England,272,0,0,2020-11-14,223817.66597000437
15-24,East_of_England,272,0,0,2020-11-14,1550838.8896014034
25-44,East_of_England,272,0,0,2020-11-14,1636615.463507237
45-64,East_of_England,272,0,0,2020-11-14,784590.2828857166
65-74,East_of_England,272,0,0,2020-11-14,658312.0186440421
75+,East_of_England,272,0,0,2020-11-14,560524.0857834858
1-4,East_of_England,273,0,0,2020-11-15,628529.645039669
5-14,East_of_England,273,0,0,2020-11-15,223817.66597000437
15-24,East_of_England,273,0,0,2020-11-15,1550838.8896014034
25-44,East_of_England,273,0,0,2020-11-15,1636615.463507237
45-64,East_of_England,273,0,0,2020-11-15,784590.2828857166
65-74,East_of_England,273,0,0,2020-11-15,658312.0186440421
75+,East_of_England,273,0,0,2020-11-15,560524.0857834858
1-4,East_of_England,274,0,0,2020-11-16,628529.645039669
5-14,East_of_England,274,0,0,2020-11-16,223817.66597000437
15-24,East_of_England,274,0,0,2020-11-16,1550838.8896014034
25-44,East_of_England,274,0,0,2020-11-16,1636615.463507237
45-64,East_of_England,274,0,0,2020-11-16,784590.2828857166
65-74,East_of_England,274,0,0,2020-11-16,658312.0186440421
75+,East_of_England,274,0,0,2020-11-16,560524.0857834858
1-4,East_of_England,275,0,0,2020-11-17,628529.645039669
5-14,East_of_England,275,0,0,2020-11-17,223817.66597000437
15-24,East_of_England,275,0,0,2020-11-17,1550838.8896014034
25-44,East_of_England,275,0,0,2020-11-17,1636615.463507237
45-64,East_of_England,275,0,0,2020-11-17,784590.2828857166
65-74,East_of_England,275,0,0,2020-11-17,658312.0186440421
75+,East_of_England,275,0,0,2020-11-17,560524.0857834858
1-4,East_of_England,276,0,0,2020-11-18,628529.645039669
5-14,East_of_England,276,0,0,2020-11-18,223817.66597000437
15-24,East_of_England,276,0,0,2020-11-18,1550838.8896014034
25-44,East_of_England,276,0,0,2020-11-18,1636615.463507237
45-64,East_of_England,276,0,0,2020-11-18,784590.2828857166
65-74,East_of_England,276,0,0,2020-11-18,658312.0186440421
75+,East_of_England,276,0,0,2020-11-18,560524.0857834858
1-4,East_of_England,277,0,0,2020-11-19,628529.645039669
5-14,East_of_England,277,0,0,2020-11-19,223817.66597000437
15-24,East_of_England,277,0,0,2020-11-19,1550838.8896014034
25-44,East_of_England,277,0,0,2020-11-19,1636615.463507237
45-64,East_of_England,277,0,0,2020-11-19,784590.2828857166
65-74,East_of_England,277,0,0,2020-11-19,658312.0186440421
75+,East_of_England,277,0,0,2020-11-19,560524.0857834858
1-4,East_of_England,278,0,0,2020-11-20,628529.645039669
5-14,East_of_England,278,0,0,2020-11-20,223817.66597000437
15-24,East_of_England,278,0,0,2020-11-20,1550838.8896014034
25-44,East_of_England,278,0,0,2020-11-20,1636615.463507237
45-64,East_of_England,278,0,0,2020-11-20,784590.2828857166
65-74,East_of_England,278,0,0,2020-11-20,658312.0186440421
75+,East_of_England,278,0,0,2020-11-20,560524.0857834858
1-4,East_of_England,279,0,0,2020-11-21,628529.645039669
5-14,East_of_England,279,0,0,2020-11-21,223817.66597000437
15-24,East_of_England,279,0,0,2020-11-21,1550838.8896014034
25-44,East_of_England,279,0,0,2020-11-21,1636615.463507237
45-64,East_of_England,279,0,0,2020-11-21,784590.2828857166
65-74,East_of_England,279,0,0,2020-11-21,658312.0186440421
75+,East_of_England,279,0,0,2020-11-21,560524.0857834858
1-4,East_of_England,280,0,0,2020-11-22,628529.645039669
5-14,East_of_England,280,0,0,2020-11-22,223817.66597000437
15-24,East_of_England,280,0,0,2020-11-22,1550838.8896014034
25-44,East_of_England,280,0,0,2020-11-22,1636615.463507237
45-64,East_of_England,280,0,0,2020-11-22,784590.2828857166
65-74,East_of_England,280,0,0,2020-11-22,658312.0186440421
75+,East_of_England,280,0,0,2020-11-22,560524.0857834858
1-4,East_of_England,281,0,0,2020-11-23,628529.645039669
5-14,East_of_England,281,0,0,2020-11-23,223817.66597000437
15-24,East_of_England,281,0,0,2020-11-23,1550838.8896014034
25-44,East_of_England,281,0,0,2020-11-23,1636615.463507237
45-64,East_of_England,281,0,0,2020-11-23,784590.2828857166
65-74,East_of_England,281,0,0,2020-11-23,658312.0186440421
75+,East_of_England,281,0,0,2020-11-23,560524.0857834858
1-4,East_of_England,282,0,0,2020-11-24,628529.645039669
5-14,East_of_England,282,0,0,2020-11-24,223817.66597000437
15-24,East_of_England,282,0,0,2020-11-24,1550838.8896014034
25-44,East_of_England,282,0,0,2020-11-24,1636615.463507237
45-64,East_of_England,282,0,0,2020-11-24,784590.2828857166
65-74,East_of_England,282,0,0,2020-11-24,658312.0186440421
75+,East_of_England,282,0,0,2020-11-24,560524.0857834858
1-4,East_of_England,283,0,0,2020-11-25,628529.645039669
5-14,East_of_England,283,7.535056374392803,0.06881401416756612,2020-11-25,223817.66597000437
15-24,East_of_England,283,9.67063630807001,0.07192713306251731,2020-11-25,1550838.8896014034
25-44,East_of_England,283,9.30441191609193,0.06128554784717997,2020-11-25,1636615.463507237
45-64,East_of_England,283,8.480562127403177,0.055837535605332174,2020-11-25,784590.2828857166
65-74,East_of_England,283,8.045066042143413,0.06744800366861266,2020-11-25,658312.0186440421
75+,East_of_England,283,7.847629237781356,0.084169441609235,2020-11-25,560524.0857834858
1-4,East_of_England,284,0,0,2020-11-26,628529.645039669
5-14,East_of_England,284,0,0,2020-11-26,223817.66597000437
15-24,East_of_England,284,0,0,2020-11-26,1550838.8896014034
25-44,East_of_England,284,0,0,2020-11-26,1636615.463507237
45-64,East_of_England,284,0,0,2020-11-26,784590.2828857166
65-74,East_of_England,284,0,0,2020-11-26,658312.0186440421
75+,East_of_England,284,0,0,2020-11-26,560524.0857834858
1-4,East_of_England,285,0,0,2020-11-27,628529.645039669
5-14,East_of_England,285,0,0,2020-11-27,223817.66597000437
15-24,East_of_England,285,0,0,2020-11-27,1550838.8896014034
25-44,East_of_England,285,0,0,2020-11-27,1636615.463507237
45-64,East_of_England,285,0,0,2020-11-27,784590.2828857166
65-74,East_of_England,285,0,0,2020-11-27,658312.0186440421
75+,East_of_England,285,0,0,2020-11-27,560524.0857834858
1-4,East_of_England,286,0,0,2020-11-28,628529.645039669
5-14,East_of_England,286,0,0,2020-11-28,223817.66597000437
15-24,East_of_England,286,0,0,2020-11-28,1550838.8896014034
25-44,East_of_England,286,0,0,2020-11-28,1636615.463507237
45-64,East_of_England,286,0,0,2020-11-28,784590.2828857166
65-74,East_of_England,286,0,0,2020-11-28,658312.0186440421
75+,East_of_England,286,0,0,2020-11-28,560524.0857834858
1-4,East_of_England,287,0,0,2020-11-29,628529.645039669
5-14,East_of_England,287,0,0,2020-11-29,223817.66597000437
15-24,East_of_England,287,0,0,2020-11-29,1550838.8896014034
25-44,East_of_England,287,0,0,2020-11-29,1636615.463507237
45-64,East_of_England,287,0,0,2020-11-29,784590.2828857166
65-74,East_of_England,287,0,0,2020-11-29,658312.0186440421
75+,East_of_England,287,0,0,2020-11-29,560524.0857834858
1-4,East_of_England,288,0,0,2020-11-30,628529.645039669
5-14,East_of_England,288,0,0,2020-11-30,223817.66597000437
15-24,East_of_England,288,0,0,2020-11-30,1550838.8896014034
25-44,East_of_England,288,0,0,2020-11-30,1636615.463507237
45-64,East_of_England,288,0,0,2020-11-30,784590.2828857166
65-74,East_of_England,288,0,0,2020-11-30,658312.0186440421
75+,East_of_England,288,0,0,2020-11-30,560524.0857834858
1-4,East_of_England,289,0,0,2020-12-01,628529.645039669
5-14,East_of_England,289,0,0,2020-12-01,223817.66597000437
15-24,East_of_England,289,0,0,2020-12-01,1550838.8896014034
25-44,East_of_England,289,0,0,2020-12-01,1636615.463507237
45-64,East_of_England,289,0,0,2020-12-01,784590.2828857166
65-74,East_of_England,289,0,0,2020-12-01,658312.0186440421
75+,East_of_England,289,0,0,2020-12-01,560524.0857834858
1-4,East_of_England,290,0,0,2020-12-02,628529.645039669
5-14,East_of_England,290,0,0,2020-12-02,223817.66597000437
15-24,East_of_England,290,0,0,2020-12-02,1550838.8896014034
25-44,East_of_England,290,0,0,2020-12-02,1636615.463507237
45-64,East_of_England,290,0,0,2020-12-02,784590.2828857166
65-74,East_of_England,290,0,0,2020-12-02,658312.0186440421
75+,East_of_England,290,0,0,2020-12-02,560524.0857834858
1-4,East_of_England,291,0,0,2020-12-03,628529.645039669
5-14,East_of_England,291,0,0,2020-12-03,223817.66597000437
15-24,East_of_England,291,0,0,2020-12-03,1550838.8896014034
25-44,East_of_England,291,0,0,2020-12-03,1636615.463507237
45-64,East_of_England,291,0,0,2020-12-03,784590.2828857166
65-74,East_of_England,291,0,0,2020-12-03,658312.0186440421
75+,East_of_England,291,0,0,2020-12-03,560524.0857834858
1-4,East_of_England,292,0,0,2020-12-04,628529.645039669
5-14,East_of_England,292,0,0,2020-12-04,223817.66597000437
15-24,East_of_England,292,0,0,2020-12-04,1550838.8896014034
25-44,East_of_England,292,0,0,2020-12-04,1636615.463507237
45-64,East_of_England,292,0,0,2020-12-04,784590.2828857166
65-74,East_of_England,292,0,0,2020-12-04,658312.0186440421
75+,East_of_England,292,0,0,2020-12-04,560524.0857834858
1-4,East_of_England,293,0,0,2020-12-05,628529.645039669
5-14,East_of_England,293,0,0,2020-12-05,223817.66597000437
15-24,East_of_England,293,0,0,2020-12-05,1550838.8896014034
25-44,East_of_England,293,0,0,2020-12-05,1636615.463507237
45-64,East_of_England,293,0,0,2020-12-05,784590.2828857166
65-74,East_of_England,293,0,0,2020-12-05,658312.0186440421
75+,East_of_England,293,0,0,2020-12-05,560524.0857834858
1-4,East_of_England,294,0,0,2020-12-06,628529.645039669
5-14,East_of_England,294,0,0,2020-12-06,223817.66597000437
15-24,East_of_England,294,0,0,2020-12-06,1550838.8896014034
25-44,East_of_England,294,0,0,2020-12-06,1636615.463507237
45-64,East_of_England,294,0,0,2020-12-06,784590.2828857166
65-74,East_of_England,294,0,0,2020-12-06,658312.0186440421
75+,East_of_England,294,0,0,2020-12-06,560524.0857834858
1-4,East_of_England,295,0,0,2020-12-07,628529.645039669
5-14,East_of_England,295,0,0,2020-12-07,223817.66597000437
15-24,East_of_England,295,0,0,2020-12-07,1550838.8896014034
25-44,East_of_England,295,0,0,2020-12-07,1636615.463507237
45-64,East_of_England,295,0,0,2020-12-07,784590.2828857166
65-74,East_of_England,295,0,0,2020-12-07,658312.0186440421
75+,East_of_England,295,0,0,2020-12-07,560524.0857834858
1-4,East_of_England,296,0,0,2020-12-08,628529.645039669
5-14,East_of_England,296,0,0,2020-12-08,223817.66597000437
15-24,East_of_England,296,0,0,2020-12-08,1550838.8896014034
25-44,East_of_England,296,0,0,2020-12-08,1636615.463507237
45-64,East_of_England,296,0,0,2020-12-08,784590.2828857166
65-74,East_of_England,296,0,0,2020-12-08,658312.0186440421
75+,East_of_England,296,0,0,2020-12-08,560524.0857834858
1-4,East_of_England,297,0,0,2020-12-09,628529.645039669
5-14,East_of_England,297,7.968731351862445,0.0655995431832451,2020-12-09,223817.66597000437
15-24,East_of_England,297,10.103343602180964,0.06831096211581789,2020-12-09,1550838.8896014034
25-44,East_of_England,297,9.739075100936576,0.05725893794523748,2020-12-09,1636615.463507237
45-64,East_of_England,297,8.915489216068577,0.051724905999398135,2020-12-09,784590.2828857166
65-74,East_of_England,297,8.48073127534213,0.0638785262497187,2020-12-09,658312.0186440421
75+,East_of_England,297,8.283403045428392,0.0806734935132824,2020-12-09,560524.0857834858
1-4,East_of_England,298,0,0,2020-12-10,628529.645039669
5-14,East_of_England,298,0,0,2020-12-10,223817.66597000437
15-24,East_of_England,298,0,0,2020-12-10,1550838.8896014034
25-44,East_of_England,298,0,0,2020-12-10,1636615.463507237
45-64,East_of_England,298,0,0,2020-12-10,784590.2828857166
65-74,East_of_England,298,0,0,2020-12-10,658312.0186440421
75+,East_of_England,298,0,0,2020-12-10,560524.0857834858
1-4,East_of_England,299,0,0,2020-12-11,628529.645039669
5-14,East_of_England,299,0,0,2020-12-11,223817.66597000437
15-24,East_of_England,299,0,0,2020-12-11,1550838.8896014034
25-44,East_of_England,299,0,0,2020-12-11,1636615.463507237
45-64,East_of_England,299,0,0,2020-12-11,784590.2828857166
65-74,East_of_England,299,0,0,2020-12-11,658312.0186440421
75+,East_of_England,299,0,0,2020-12-11,560524.0857834858
1-4,East_of_England,300,0,0,2020-12-12,628529.645039669
5-14,East_of_England,300,0,0,2020-12-12,223817.66597000437
15-24,East_of_England,300,0,0,2020-12-12,1550838.8896014034
25-44,East_of_England,300,0,0,2020-12-12,1636615.463507237
45-64,East_of_England,300,0,0,2020-12-12,784590.2828857166
65-74,East_of_England,300,0,0,2020-12-12,658312.0186440421
75+,East_of_England,300,0,0,2020-12-12,560524.0857834858
1-4,East_of_England,301,0,0,2020-12-13,628529.645039669
5-14,East_of_England,301,0,0,2020-12-13,223817.66597000437
15-24,East_of_England,301,0,0,2020-12-13,1550838.8896014034
25-44,East_of_England,301,0,0,2020-12-13,1636615.463507237
45-64,East_of_England,301,0,0,2020-12-13,784590.2828857166
65-74,East_of_England,301,0,0,2020-12-13,658312.0186440421
75+,East_of_England,301,0,0,2020-12-13,560524.0857834858
1-4,East_of_England,302,0,0,2020-12-14,628529.645039669
5-14,East_of_England,302,0,0,2020-12-14,223817.66597000437
15-24,East_of_England,302,0,0,2020-12-14,1550838.8896014034
25-44,East_of_England,302,0,0,2020-12-14,1636615.463507237
45-64,East_of_England,302,0,0,2020-12-14,784590.2828857166
65-74,East_of_England,302,0,0,2020-12-14,658312.0186440421
75+,East_of_England,302,0,0,2020-12-14,560524.0857834858
1-4,East_of_England,303,0,0,2020-12-15,628529.645039669
5-14,East_of_England,303,0,0,2020-12-15,223817.66597000437
15-24,East_of_England,303,0,0,2020-12-15,1550838.8896014034
25-44,East_of_England,303,0,0,2020-12-15,1636615.463507237
45-64,East_of_England,303,0,0,2020-12-15,784590.2828857166
65-74,East_of_England,303,0,0,2020-12-15,658312.0186440421
75+,East_of_England,303,0,0,2020-12-15,560524.0857834858
1-4,East_of_England,304,0,0,2020-12-16,628529.645039669
5-14,East_of_England,304,0,0,2020-12-16,223817.66597000437
15-24,East_of_England,304,0,0,2020-12-16,1550838.8896014034
25-44,East_of_England,304,0,0,2020-12-16,1636615.463507237
45-64,East_of_England,304,0,0,2020-12-16,784590.2828857166
65-74,East_of_England,304,0,0,2020-12-16,658312.0186440421
75+,East_of_England,304,0,0,2020-12-16,560524.0857834858
1-4,East_of_England,305,0,0,2020-12-17,628529.645039669
5-14,East_of_England,305,0,0,2020-12-17,223817.66597000437
15-24,East_of_England,305,0,0,2020-12-17,1550838.8896014034
25-44,East_of_England,305,0,0,2020-12-17,1636615.463507237
45-64,East_of_England,305,0,0,2020-12-17,784590.2828857166
65-74,East_of_England,305,0,0,2020-12-17,658312.0186440421
75+,East_of_England,305,0,0,2020-12-17,560524.0857834858
1-4,East_of_England,306,0,0,2020-12-18,628529.645039669
5-14,East_of_England,306,0,0,2020-12-18,223817.66597000437
15-24,East_of_England,306,0,0,2020-12-18,1550838.8896014034
25-44,East_of_England,306,0,0,2020-12-18,1636615.463507237
45-64,East_of_England,306,0,0,2020-12-18,784590.2828857166
65-74,East_of_England,306,0,0,2020-12-18,658312.0186440421
75+,East_of_England,306,0,0,2020-12-18,560524.0857834858
1-4,East_of_England,307,0,0,2020-12-19,628529.645039669
5-14,East_of_England,307,0,0,2020-12-19,223817.66597000437
15-24,East_of_England,307,0,0,2020-12-19,1550838.8896014034
25-44,East_of_England,307,0,0,2020-12-19,1636615.463507237
45-64,East_of_England,307,0,0,2020-12-19,784590.2828857166
65-74,East_of_England,307,0,0,2020-12-19,658312.0186440421
75+,East_of_England,307,0,0,2020-12-19,560524.0857834858
1-4,East_of_England,308,0,0,2020-12-20,628529.645039669
5-14,East_of_England,308,0,0,2020-12-20,223817.66597000437
15-24,East_of_England,308,0,0,2020-12-20,1550838.8896014034
25-44,East_of_England,308,0,0,2020-12-20,1636615.463507237
45-64,East_of_England,308,0,0,2020-12-20,784590.2828857166
65-74,East_of_England,308,0,0,2020-12-20,658312.0186440421
75+,East_of_England,308,0,0,2020-12-20,560524.0857834858
1-4,East_of_England,309,0,0,2020-12-21,628529.645039669
5-14,East_of_England,309,0,0,2020-12-21,223817.66597000437
15-24,East_of_England,309,0,0,2020-12-21,1550838.8896014034
25-44,East_of_England,309,0,0,2020-12-21,1636615.463507237
45-64,East_of_England,309,0,0,2020-12-21,784590.2828857166
65-74,East_of_England,309,0,0,2020-12-21,658312.0186440421
75+,East_of_England,309,0,0,2020-12-21,560524.0857834858
1-4,East_of_England,310,0,0,2020-12-22,628529.645039669
5-14,East_of_England,310,0,0,2020-12-22,223817.66597000437
15-24,East_of_England,310,0,0,2020-12-22,1550838.8896014034
25-44,East_of_England,310,0,0,2020-12-22,1636615.463507237
45-64,East_of_England,310,0,0,2020-12-22,784590.2828857166
65-74,East_of_England,310,0,0,2020-12-22,658312.0186440421
75+,East_of_England,310,0,0,2020-12-22,560524.0857834858
1-4,East_of_England,311,0,0,2020-12-23,628529.645039669
5-14,East_of_England,311,8.4856774063138,0.06410750654348495,2020-12-23,223817.66597000437
15-24,East_of_England,311,10.618379041117166,0.06555560167008906,2020-12-23,1550838.8896014034
25-44,East_of_England,311,10.257842349022207,0.05479900676353855,2020-12-23,1636615.463507237
45-64,East_of_England,311,9.434808179096049,0.04942231821778651,2020-12-23,784590.2828857166
65-74,East_of_England,311,9.001515252448758,0.06239458257395833,2020-12-23,658312.0186440421
75+,East_of_England,311,8.804380164865771,0.07852255926024854,2020-12-23,560524.0857834858
1-4,East_of_England,312,0,0,2020-12-24,628529.645039669
5-14,East_of_England,312,0,0,2020-12-24,223817.66597000437
15-24,East_of_England,312,0,0,2020-12-24,1550838.8896014034
25-44,East_of_England,312,0,0,2020-12-24,1636615.463507237
45-64,East_of_England,312,0,0,2020-12-24,784590.2828857166
65-74,East_of_England,312,0,0,2020-12-24,658312.0186440421
75+,East_of_England,312,0,0,2020-12-24,560524.0857834858
1-4,East_of_England,313,0,0,2020-12-25,628529.645039669
5-14,East_of_England,313,0,0,2020-12-25,223817.66597000437
15-24,East_of_England,313,0,0,2020-12-25,1550838.8896014034
25-44,East_of_England,313,0,0,2020-12-25,1636615.463507237
45-64,East_of_England,313,0,0,2020-12-25,784590.2828857166
65-74,East_of_England,313,0,0,2020-12-25,658312.0186440421
75+,East_of_England,313,0,0,2020-12-25,560524.0857834858
1-4,East_of_England,314,0,0,2020-12-26,628529.645039669
5-14,East_of_England,314,0,0,2020-12-26,223817.66597000437
15-24,East_of_England,314,0,0,2020-12-26,1550838.8896014034
25-44,East_of_England,314,0,0,2020-12-26,1636615.463507237
45-64,East_of_England,314,0,0,2020-12-26,784590.2828857166
65-74,East_of_England,314,0,0,2020-12-26,658312.0186440421
75+,East_of_England,314,0,0,2020-12-26,560524.0857834858
1-4,East_of_England,315,0,0,2020-12-27,628529.645039669
5-14,East_of_England,315,0,0,2020-12-27,223817.66597000437
15-24,East_of_England,315,0,0,2020-12-27,1550838.8896014034
25-44,East_of_England,315,0,0,2020-12-27,1636615.463507237
45-64,East_of_England,315,0,0,2020-12-27,784590.2828857166
65-74,East_of_England,315,0,0,2020-12-27,658312.0186440421
75+,East_of_England,315,0,0,2020-12-27,560524.0857834858
1-4,East_of_England,316,0,0,2020-12-28,628529.645039669
5-14,East_of_England,316,0,0,2020-12-28,223817.66597000437
15-24,East_of_England,316,0,0,2020-12-28,1550838.8896014034
25-44,East_of_England,316,0,0,2020-12-28,1636615.463507237
45-64,East_of_England,316,0,0,2020-12-28,784590.2828857166
65-74,East_of_England,316,0,0,2020-12-28,658312.0186440421
75+,East_of_England,316,0,0,2020-12-28,560524.0857834858
1-4,East_of_England,317,0,0,2020-12-29,628529.645039669
5-14,East_of_England,317,0,0,2020-12-29,223817.66597000437
15-24,East_of_England,317,0,0,2020-12-29,1550838.8896014034
25-44,East_of_England,317,0,0,2020-12-29,1636615.463507237
45-64,East_of_England,317,0,0,2020-12-29,784590.2828857166
65-74,East_of_England,317,0,0,2020-12-29,658312.0186440421
75+,East_of_England,317,0,0,2020-12-29,560524.0857834858
1-4,East_of_England,318,0,0,2020-12-30,628529.645039669
5-14,East_of_England,318,0,0,2020-12-30,223817.66597000437
15-24,East_of_England,318,0,0,2020-12-30,1550838.8896014034
25-44,East_of_England,318,0,0,2020-12-30,1636615.463507237
45-64,East_of_England,318,0,0,2020-12-30,784590.2828857166
65-74,East_of_England,318,0,0,2020-12-30,658312.0186440421
75+,East_of_England,318,0,0,2020-12-30,560524.0857834858
1-4,East_of_England,319,0,0,2020-12-31,628529.645039669
5-14,East_of_England,319,0,0,2020-12-31,223817.66597000437
15-24,East_of_England,319,0,0,2020-12-31,1550838.8896014034
25-44,East_of_England,319,0,0,2020-12-31,1636615.463507237
45-64,East_of_England,319,0,0,2020-12-31,784590.2828857166
65-74,East_of_England,319,0,0,2020-12-31,658312.0186440421
75+,East_of_England,319,0,0,2020-12-31,560524.0857834858
1-4,East_of_England,320,0,0,2021-01-01,628529.645039669
5-14,East_of_England,320,0,0,2021-01-01,223817.66597000437
15-24,East_of_England,320,0,0,2021-01-01,1550838.8896014034
25-44,East_of_England,320,0,0,2021-01-01,1636615.463507237
45-64,East_of_England,320,0,0,2021-01-01,784590.2828857166
65-74,East_of_England,320,0,0,2021-01-01,658312.0186440421
75+,East_of_England,320,0,0,2021-01-01,560524.0857834858
1-4,East_of_England,321,0,0,2021-01-02,628529.645039669
5-14,East_of_England,321,0,0,2021-01-02,223817.66597000437
15-24,East_of_England,321,0,0,2021-01-02,1550838.8896014034
25-44,East_of_England,321,0,0,2021-01-02,1636615.463507237
45-64,East_of_England,321,0,0,2021-01-02,784590.2828857166
65-74,East_of_England,321,0,0,2021-01-02,658312.0186440421
75+,East_of_England,321,0,0,2021-01-02,560524.0857834858
1-4,East_of_England,322,0,0,2021-01-03,628529.645039669
5-14,East_of_England,322,0,0,2021-01-03,223817.66597000437
15-24,East_of_England,322,0,0,2021-01-03,1550838.8896014034
25-44,East_of_England,322,0,0,2021-01-03,1636615.463507237
45-64,East_of_England,322,0,0,2021-01-03,784590.2828857166
65-74,East_of_England,322,0,0,2021-01-03,658312.0186440421
75+,East_of_England,322,0,0,2021-01-03,560524.0857834858
1-4,East_of_England,323,0,0,2021-01-04,628529.645039669
5-14,East_of_England,323,0,0,2021-01-04,223817.66597000437
15-24,East_of_England,323,0,0,2021-01-04,1550838.8896014034
25-44,East_of_England,323,0,0,2021-01-04,1636615.463507237
45-64,East_of_England,323,0,0,2021-01-04,784590.2828857166
65-74,East_of_England,323,0,0,2021-01-04,658312.0186440421
75+,East_of_England,323,0,0,2021-01-04,560524.0857834858
1-4,East_of_England,324,0,0,2021-01-05,628529.645039669
5-14,East_of_England,324,0,0,2021-01-05,223817.66597000437
15-24,East_of_England,324,0,0,2021-01-05,1550838.8896014034
25-44,East_of_England,324,0,0,2021-01-05,1636615.463507237
45-64,East_of_England,324,0,0,2021-01-05,784590.2828857166
65-74,East_of_England,324,0,0,2021-01-05,658312.0186440421
75+,East_of_England,324,0,0,2021-01-05,560524.0857834858
1-4,East_of_England,325,0,0,2021-01-06,628529.645039669
5-14,East_of_England,325,8.632582526955431,0.06161314584334471,2021-01-06,223817.66597000437
15-24,East_of_England,325,10.764535351852498,0.06368208600718854,2021-01-06,1550838.8896014034
25-44,East_of_England,325,10.405474826192721,0.05189110179652221,2021-01-06,1636615.463507237
45-64,East_of_England,325,9.582616043727292,0.04661451422068695,2021-01-06,784590.2828857166
65-74,East_of_England,325,9.14992651670716,0.06044243736238729,2021-01-06,658312.0186440421
75+,East_of_England,325,8.95288041172719,0.07658511984684574,2021-01-06,560524.0857834858
1-4,East_of_England,326,0,0,2021-01-07,628529.645039669
5-14,East_of_England,326,0,0,2021-01-07,223817.66597000437
15-24,East_of_England,326,0,0,2021-01-07,1550838.8896014034
25-44,East_of_England,326,0,0,2021-01-07,1636615.463507237
45-64,East_of_England,326,0,0,2021-01-07,784590.2828857166
65-74,East_of_England,326,0,0,2021-01-07,658312.0186440421
75+,East_of_England,326,0,0,2021-01-07,560524.0857834858
1-4,East_of_England,327,0,0,2021-01-08,628529.645039669
5-14,East_of_England,327,0,0,2021-01-08,223817.66597000437
15-24,East_of_England,327,0,0,2021-01-08,1550838.8896014034
25-44,East_of_England,327,0,0,2021-01-08,1636615.463507237
45-64,East_of_England,327,0,0,2021-01-08,784590.2828857166
65-74,East_of_England,327,0,0,2021-01-08,658312.0186440421
75+,East_of_England,327,0,0,2021-01-08,560524.0857834858
1-4,East_of_England,328,0,0,2021-01-09,628529.645039669
5-14,East_of_England,328,0,0,2021-01-09,223817.66597000437
15-24,East_of_England,328,0,0,2021-01-09,1550838.8896014034
25-44,East_of_England,328,0,0,2021-01-09,1636615.463507237
45-64,East_of_England,328,0,0,2021-01-09,784590.2828857166
65-74,East_of_England,328,0,0,2021-01-09,658312.0186440421
75+,East_of_England,328,0,0,2021-01-09,560524.0857834858
1-4,East_of_England,329,0,0,2021-01-10,628529.645039669
5-14,East_of_England,329,0,0,2021-01-10,223817.66597000437
15-24,East_of_England,329,0,0,2021-01-10,1550838.8896014034
25-44,East_of_England,329,0,0,2021-01-10,1636615.463507237
45-64,East_of_England,329,0,0,2021-01-10,784590.2828857166
65-74,East_of_England,329,0,0,2021-01-10,658312.0186440421
75+,East_of_England,329,0,0,2021-01-10,560524.0857834858
1-4,East_of_England,330,0,0,2021-01-11,628529.645039669
5-14,East_of_England,330,0,0,2021-01-11,223817.66597000437
15-24,East_of_England,330,0,0,2021-01-11,1550838.8896014034
25-44,East_of_England,330,0,0,2021-01-11,1636615.463507237
45-64,East_of_England,330,0,0,2021-01-11,784590.2828857166
65-74,East_of_England,330,0,0,2021-01-11,658312.0186440421
75+,East_of_England,330,0,0,2021-01-11,560524.0857834858
1-4,East_of_England,331,0,0,2021-01-12,628529.645039669
5-14,East_of_England,331,0,0,2021-01-12,223817.66597000437
15-24,East_of_England,331,0,0,2021-01-12,1550838.8896014034
25-44,East_of_England,331,0,0,2021-01-12,1636615.463507237
45-64,East_of_England,331,0,0,2021-01-12,784590.2828857166
65-74,East_of_England,331,0,0,2021-01-12,658312.0186440421
75+,East_of_England,331,0,0,2021-01-12,560524.0857834858
1-4,East_of_England,332,0,0,2021-01-13,628529.645039669
5-14,East_of_England,332,0,0,2021-01-13,223817.66597000437
15-24,East_of_England,332,0,0,2021-01-13,1550838.8896014034
25-44,East_of_England,332,0,0,2021-01-13,1636615.463507237
45-64,East_of_England,332,0,0,2021-01-13,784590.2828857166
65-74,East_of_England,332,0,0,2021-01-13,658312.0186440421
75+,East_of_England,332,0,0,2021-01-13,560524.0857834858
1-4,East_of_England,333,0,0,2021-01-14,628529.645039669
5-14,East_of_England,333,0,0,2021-01-14,223817.66597000437
15-24,East_of_England,333,0,0,2021-01-14,1550838.8896014034
25-44,East_of_England,333,0,0,2021-01-14,1636615.463507237
45-64,East_of_England,333,0,0,2021-01-14,784590.2828857166
65-74,East_of_England,333,0,0,2021-01-14,658312.0186440421
75+,East_of_England,333,0,0,2021-01-14,560524.0857834858
1-4,East_of_England,334,0,0,2021-01-15,628529.645039669
5-14,East_of_England,334,0,0,2021-01-15,223817.66597000437
15-24,East_of_England,334,0,0,2021-01-15,1550838.8896014034
25-44,East_of_England,334,0,0,2021-01-15,1636615.463507237
45-64,East_of_England,334,0,0,2021-01-15,784590.2828857166
65-74,East_of_England,334,0,0,2021-01-15,658312.0186440421
75+,East_of_England,334,0,0,2021-01-15,560524.0857834858
1-4,East_of_England,335,0,0,2021-01-16,628529.645039669
5-14,East_of_England,335,0,0,2021-01-16,223817.66597000437
15-24,East_of_England,335,0,0,2021-01-16,1550838.8896014034
25-44,East_of_England,335,0,0,2021-01-16,1636615.463507237
45-64,East_of_England,335,0,0,2021-01-16,784590.2828857166
65-74,East_of_England,335,0,0,2021-01-16,658312.0186440421
75+,East_of_England,335,0,0,2021-01-16,560524.0857834858
1-4,East_of_England,336,0,0,2021-01-17,628529.645039669
5-14,East_of_England,336,0,0,2021-01-17,223817.66597000437
15-24,East_of_England,336,0,0,2021-01-17,1550838.8896014034
25-44,East_of_England,336,0,0,2021-01-17,1636615.463507237
45-64,East_of_England,336,0,0,2021-01-17,784590.2828857166
65-74,East_of_England,336,0,0,2021-01-17,658312.0186440421
75+,East_of_England,336,0,0,2021-01-17,560524.0857834858
1-4,East_of_England,337,0,0,2021-01-18,628529.645039669
5-14,East_of_England,337,0,0,2021-01-18,223817.66597000437
15-24,East_of_England,337,0,0,2021-01-18,1550838.8896014034
25-44,East_of_England,337,0,0,2021-01-18,1636615.463507237
45-64,East_of_England,337,0,0,2021-01-18,784590.2828857166
65-74,East_of_England,337,0,0,2021-01-18,658312.0186440421
75+,East_of_England,337,0,0,2021-01-18,560524.0857834858
1-4,East_of_England,338,0,0,2021-01-19,628529.645039669
5-14,East_of_England,338,0,0,2021-01-19,223817.66597000437
15-24,East_of_England,338,0,0,2021-01-19,1550838.8896014034
25-44,East_of_England,338,0,0,2021-01-19,1636615.463507237
45-64,East_of_England,338,0,0,2021-01-19,784590.2828857166
65-74,East_of_England,338,0,0,2021-01-19,658312.0186440421
75+,East_of_England,338,0,0,2021-01-19,560524.0857834858
1-4,East_of_England,339,0,0,2021-01-20,628529.645039669
5-14,East_of_England,339,8.486042831039144,0.06329699382126618,2021-01-20,223817.66597000437
15-24,East_of_England,339,10.618753288318679,0.06465886840809962,2021-01-20,1550838.8896014034
25-44,East_of_England,339,10.258259086448966,0.053927145461326896,2021-01-20,1636615.463507237
45-64,East_of_England,339,9.435129744444646,0.04860009558894243,2021-01-20,784590.2828857166
65-74,East_of_England,339,9.001897085052667,0.061513705084447715,2021-01-20,658312.0186440421
75+,East_of_England,339,8.804779058676163,0.07741092033639657,2021-01-20,560524.0857834858
1-4,East_of_England,340,0,0,2021-01-21,628529.645039669
5-14,East_of_England,340,0,0,2021-01-21,223817.66597000437
15-24,East_of_England,340,0,0,2021-01-21,1550838.8896014034
25-44,East_of_England,340,0,0,2021-01-21,1636615.463507237
45-64,East_of_England,340,0,0,2021-01-21,784590.2828857166
65-74,East_of_England,340,0,0,2021-01-21,658312.0186440421
75+,East_of_England,340,0,0,2021-01-21,560524.0857834858
1-4,East_of_England,341,0,0,2021-01-22,628529.645039669
5-14,East_of_England,341,0,0,2021-01-22,223817.66597000437
15-24,East_of_England,341,0,0,2021-01-22,1550838.8896014034
25-44,East_of_England,341,0,0,2021-01-22,1636615.463507237
45-64,East_of_England,341,0,0,2021-01-22,784590.2828857166
65-74,East_of_England,341,0,0,2021-01-22,658312.0186440421
75+,East_of_England,341,0,0,2021-01-22,560524.0857834858
1-4,East_of_England,342,0,0,2021-01-23,628529.645039669
5-14,East_of_England,342,0,0,2021-01-23,223817.66597000437
15-24,East_of_England,342,0,0,2021-01-23,1550838.8896014034
25-44,East_of_England,342,0,0,2021-01-23,1636615.463507237
45-64,East_of_England,342,0,0,2021-01-23,784590.2828857166
65-74,East_of_England,342,0,0,2021-01-23,658312.0186440421
75+,East_of_England,342,0,0,2021-01-23,560524.0857834858
1-4,East_of_England,343,0,0,2021-01-24,628529.645039669
5-14,East_of_England,343,0,0,2021-01-24,223817.66597000437
15-24,East_of_England,343,0,0,2021-01-24,1550838.8896014034
25-44,East_of_England,343,0,0,2021-01-24,1636615.463507237
45-64,East_of_England,343,0,0,2021-01-24,784590.2828857166
65-74,East_of_England,343,0,0,2021-01-24,658312.0186440421
75+,East_of_England,343,0,0,2021-01-24,560524.0857834858
1-4,East_of_England,344,0,0,2021-01-25,628529.645039669
5-14,East_of_England,344,0,0,2021-01-25,223817.66597000437
15-24,East_of_England,344,0,0,2021-01-25,1550838.8896014034
25-44,East_of_England,344,0,0,2021-01-25,1636615.463507237
45-64,East_of_England,344,0,0,2021-01-25,784590.2828857166
65-74,East_of_England,344,0,0,2021-01-25,658312.0186440421
75+,East_of_England,344,0,0,2021-01-25,560524.0857834858
1-4,East_of_England,345,0,0,2021-01-26,628529.645039669
5-14,East_of_England,345,0,0,2021-01-26,223817.66597000437
15-24,East_of_England,345,0,0,2021-01-26,1550838.8896014034
25-44,East_of_England,345,0,0,2021-01-26,1636615.463507237
45-64,East_of_England,345,0,0,2021-01-26,784590.2828857166
65-74,East_of_England,345,0,0,2021-01-26,658312.0186440421
75+,East_of_England,345,0,0,2021-01-26,560524.0857834858
1-4,East_of_England,346,0,0,2021-01-27,628529.645039669
5-14,East_of_England,346,0,0,2021-01-27,223817.66597000437
15-24,East_of_England,346,0,0,2021-01-27,1550838.8896014034
25-44,East_of_England,346,0,0,2021-01-27,1636615.463507237
45-64,East_of_England,346,0,0,2021-01-27,784590.2828857166
65-74,East_of_England,346,0,0,2021-01-27,658312.0186440421
75+,East_of_England,346,0,0,2021-01-27,560524.0857834858
1-4,East_of_England,347,0,0,2021-01-28,628529.645039669
5-14,East_of_England,347,0,0,2021-01-28,223817.66597000437
15-24,East_of_England,347,0,0,2021-01-28,1550838.8896014034
25-44,East_of_England,347,0,0,2021-01-28,1636615.463507237
45-64,East_of_England,347,0,0,2021-01-28,784590.2828857166
65-74,East_of_England,347,0,0,2021-01-28,658312.0186440421
75+,East_of_England,347,0,0,2021-01-28,560524.0857834858
1-4,East_of_England,348,0,0,2021-01-29,628529.645039669
5-14,East_of_England,348,0,0,2021-01-29,223817.66597000437
15-24,East_of_England,348,0,0,2021-01-29,1550838.8896014034
25-44,East_of_England,348,0,0,2021-01-29,1636615.463507237
45-64,East_of_England,348,0,0,2021-01-29,784590.2828857166
65-74,East_of_England,348,0,0,2021-01-29,658312.0186440421
75+,East_of_England,348,0,0,2021-01-29,560524.0857834858
1-4,East_of_England,349,0,0,2021-01-30,628529.645039669
5-14,East_of_England,349,0,0,2021-01-30,223817.66597000437
15-24,East_of_England,349,0,0,2021-01-30,1550838.8896014034
25-44,East_of_England,349,0,0,2021-01-30,1636615.463507237
45-64,East_of_England,349,0,0,2021-01-30,784590.2828857166
65-74,East_of_England,349,0,0,2021-01-30,658312.0186440421
75+,East_of_England,349,0,0,2021-01-30,560524.0857834858
1-4,East_of_England,350,0,0,2021-01-31,628529.645039669
5-14,East_of_England,350,0,0,2021-01-31,223817.66597000437
15-24,East_of_England,350,0,0,2021-01-31,1550838.8896014034
25-44,East_of_England,350,0,0,2021-01-31,1636615.463507237
45-64,East_of_England,350,0,0,2021-01-31,784590.2828857166
65-74,East_of_England,350,0,0,2021-01-31,658312.0186440421
75+,East_of_England,350,0,0,2021-01-31,560524.0857834858
1-4,East_of_England,351,0,0,2021-02-01,628529.645039669
5-14,East_of_England,351,0,0,2021-02-01,223817.66597000437
15-24,East_of_England,351,0,0,2021-02-01,1550838.8896014034
25-44,East_of_England,351,0,0,2021-02-01,1636615.463507237
45-64,East_of_England,351,0,0,2021-02-01,784590.2828857166
65-74,East_of_England,351,0,0,2021-02-01,658312.0186440421
75+,East_of_England,351,0,0,2021-02-01,560524.0857834858
1-4,East_of_England,352,0,0,2021-02-02,628529.645039669
5-14,East_of_England,352,0,0,2021-02-02,223817.66597000437
15-24,East_of_England,352,0,0,2021-02-02,1550838.8896014034
25-44,East_of_England,352,0,0,2021-02-02,1636615.463507237
45-64,East_of_England,352,0,0,2021-02-02,784590.2828857166
65-74,East_of_England,352,0,0,2021-02-02,658312.0186440421
75+,East_of_England,352,0,0,2021-02-02,560524.0857834858
1-4,East_of_England,353,0,0,2021-02-03,628529.645039669
5-14,East_of_England,353,8.115895404934488,0.06787013647400361,2021-02-03,223817.66597000437
15-24,East_of_England,353,10.250107317700555,0.07037195320122062,2021-02-03,1550838.8896014034
25-44,East_of_England,353,9.886763282197798,0.060112096059334964,2021-02-03,1636615.463507237
45-64,East_of_England,353,9.063161405226127,0.054899277913348345,2021-02-03,784590.2828857166
65-74,East_of_England,353,8.628813224992387,0.0663034079012804,2021-02-03,658312.0186440421
75+,East_of_England,353,8.431577665188682,0.08185785936279445,2021-02-03,560524.0857834858
1-4,East_of_England,354,0,0,2021-02-04,628529.645039669
5-14,East_of_England,354,0,0,2021-02-04,223817.66597000437
15-24,East_of_England,354,0,0,2021-02-04,1550838.8896014034
25-44,East_of_England,354,0,0,2021-02-04,1636615.463507237
45-64,East_of_England,354,0,0,2021-02-04,784590.2828857166
65-74,East_of_England,354,0,0,2021-02-04,658312.0186440421
75+,East_of_England,354,0,0,2021-02-04,560524.0857834858
1-4,East_of_England,355,0,0,2021-02-05,628529.645039669
5-14,East_of_England,355,0,0,2021-02-05,223817.66597000437
15-24,East_of_England,355,0,0,2021-02-05,1550838.8896014034
25-44,East_of_England,355,0,0,2021-02-05,1636615.463507237
45-64,East_of_England,355,0,0,2021-02-05,784590.2828857166
65-74,East_of_England,355,0,0,2021-02-05,658312.0186440421
75+,East_of_England,355,0,0,2021-02-05,560524.0857834858
1-4,East_of_England,356,0,0,2021-02-06,628529.645039669
5-14,East_of_England,356,0,0,2021-02-06,223817.66597000437
15-24,East_of_England,356,0,0,2021-02-06,1550838.8896014034
25-44,East_of_England,356,0,0,2021-02-06,1636615.463507237
45-64,East_of_England,356,0,0,2021-02-06,784590.2828857166
65-74,East_of_England,356,0,0,2021-02-06,658312.0186440421
75+,East_of_England,356,0,0,2021-02-06,560524.0857834858
1-4,East_of_England,357,0,0,2021-02-07,628529.645039669
5-14,East_of_England,357,0,0,2021-02-07,223817.66597000437
15-24,East_of_England,357,0,0,2021-02-07,1550838.8896014034
25-44,East_of_England,357,0,0,2021-02-07,1636615.463507237
45-64,East_of_England,357,0,0,2021-02-07,784590.2828857166
65-74,East_of_England,357,0,0,2021-02-07,658312.0186440421
75+,East_of_England,357,0,0,2021-02-07,560524.0857834858
1-4,East_of_England,358,0,0,2021-02-08,628529.645039669
5-14,East_of_England,358,0,0,2021-02-08,223817.66597000437
15-24,East_of_England,358,0,0,2021-02-08,1550838.8896014034
25-44,East_of_England,358,0,0,2021-02-08,1636615.463507237
45-64,East_of_England,358,0,0,2021-02-08,784590.2828857166
65-74,East_of_England,358,0,0,2021-02-08,658312.0186440421
75+,East_of_England,358,0,0,2021-02-08,560524.0857834858
1-4,East_of_England,359,0,0,2021-02-09,628529.645039669
5-14,East_of_England,359,0,0,2021-02-09,223817.66597000437
15-24,East_of_England,359,0,0,2021-02-09,1550838.8896014034
25-44,East_of_England,359,0,0,2021-02-09,1636615.463507237
45-64,East_of_England,359,0,0,2021-02-09,784590.2828857166
65-74,East_of_England,359,0,0,2021-02-09,658312.0186440421
75+,East_of_England,359,0,0,2021-02-09,560524.0857834858
1-4,East_of_England,360,0,0,2021-02-10,628529.645039669
5-14,East_of_England,360,0,0,2021-02-10,223817.66597000437
15-24,East_of_England,360,0,0,2021-02-10,1550838.8896014034
25-44,East_of_England,360,0,0,2021-02-10,1636615.463507237
45-64,East_of_England,360,0,0,2021-02-10,784590.2828857166
65-74,East_of_England,360,0,0,2021-02-10,658312.0186440421
75+,East_of_England,360,0,0,2021-02-10,560524.0857834858
1-4,East_of_England,361,0,0,2021-02-11,628529.645039669
5-14,East_of_England,361,0,0,2021-02-11,223817.66597000437
15-24,East_of_England,361,0,0,2021-02-11,1550838.8896014034
25-44,East_of_England,361,0,0,2021-02-11,1636615.463507237
45-64,East_of_England,361,0,0,2021-02-11,784590.2828857166
65-74,East_of_England,361,0,0,2021-02-11,658312.0186440421
75+,East_of_England,361,0,0,2021-02-11,560524.0857834858
1-4,East_of_England,362,0,0,2021-02-12,628529.645039669
5-14,East_of_England,362,0,0,2021-02-12,223817.66597000437
15-24,East_of_England,362,0,0,2021-02-12,1550838.8896014034
25-44,East_of_England,362,0,0,2021-02-12,1636615.463507237
45-64,East_of_England,362,0,0,2021-02-12,784590.2828857166
65-74,East_of_England,362,0,0,2021-02-12,658312.0186440421
75+,East_of_England,362,0,0,2021-02-12,560524.0857834858
1-4,East_of_England,363,0,0,2021-02-13,628529.645039669
5-14,East_of_England,363,0,0,2021-02-13,223817.66597000437
15-24,East_of_England,363,0,0,2021-02-13,1550838.8896014034
25-44,East_of_England,363,0,0,2021-02-13,1636615.463507237
45-64,East_of_England,363,0,0,2021-02-13,784590.2828857166
65-74,East_of_England,363,0,0,2021-02-13,658312.0186440421
75+,East_of_England,363,0,0,2021-02-13,560524.0857834858
1-4,East_of_England,364,0,0,2021-02-14,628529.645039669
5-14,East_of_England,364,0,0,2021-02-14,223817.66597000437
15-24,East_of_England,364,0,0,2021-02-14,1550838.8896014034
25-44,East_of_England,364,0,0,2021-02-14,1636615.463507237
45-64,East_of_England,364,0,0,2021-02-14,784590.2828857166
65-74,East_of_England,364,0,0,2021-02-14,658312.0186440421
75+,East_of_England,364,0,0,2021-02-14,560524.0857834858
1-4,East_of_England,365,0,0,2021-02-15,628529.645039669
5-14,East_of_England,365,0,0,2021-02-15,223817.66597000437
15-24,East_of_England,365,0,0,2021-02-15,1550838.8896014034
25-44,East_of_England,365,0,0,2021-02-15,1636615.463507237
45-64,East_of_England,365,0,0,2021-02-15,784590.2828857166
65-74,East_of_England,365,0,0,2021-02-15,658312.0186440421
75+,East_of_England,365,0,0,2021-02-15,560524.0857834858
1-4,East_of_England,366,0,0,2021-02-16,628529.645039669
5-14,East_of_England,366,0,0,2021-02-16,223817.66597000437
15-24,East_of_England,366,0,0,2021-02-16,1550838.8896014034
25-44,East_of_England,366,0,0,2021-02-16,1636615.463507237
45-64,East_of_England,366,0,0,2021-02-16,784590.2828857166
65-74,East_of_England,366,0,0,2021-02-16,658312.0186440421
75+,East_of_England,366,0,0,2021-02-16,560524.0857834858
1-4,East_of_England,367,0,0,2021-02-17,628529.645039669
5-14,East_of_England,367,7.525921768197481,0.07528863306571383,2021-02-17,223817.66597000437
15-24,East_of_England,367,9.661622956269952,0.07793330821946999,2021-02-17,1550838.8896014034
25-44,East_of_England,367,9.295433971557209,0.06843330134161492,2021-02-17,1636615.463507237
45-64,East_of_England,367,8.471377060779275,0.06344933318940287,2021-02-17,784590.2828857166
65-74,East_of_England,367,8.035908573666672,0.07402042562309552,2021-02-17,658312.0186440421
75+,East_of_England,367,7.8385609742051425,0.08938473055811494,2021-02-17,560524.0857834858
1-4,East_of_England,368,0,0,2021-02-18,628529.645039669
5-14,East_of_England,368,0,0,2021-02-18,223817.66597000437
15-24,East_of_England,368,0,0,2021-02-18,1550838.8896014034
25-44,East_of_England,368,0,0,2021-02-18,1636615.463507237
45-64,East_of_England,368,0,0,2021-02-18,784590.2828857166
65-74,East_of_England,368,0,0,2021-02-18,658312.0186440421
75+,East_of_England,368,0,0,2021-02-18,560524.0857834858
1-4,East_of_England,369,0,0,2021-02-19,628529.645039669
5-14,East_of_England,369,0,0,2021-02-19,223817.66597000437
15-24,East_of_England,369,0,0,2021-02-19,1550838.8896014034
25-44,East_of_England,369,0,0,2021-02-19,1636615.463507237
45-64,East_of_England,369,0,0,2021-02-19,784590.2828857166
65-74,East_of_England,369,0,0,2021-02-19,658312.0186440421
75+,East_of_England,369,0,0,2021-02-19,560524.0857834858
1-4,East_of_England,370,0,0,2021-02-20,628529.645039669
5-14,East_of_England,370,0,0,2021-02-20,223817.66597000437
15-24,East_of_England,370,0,0,2021-02-20,1550838.8896014034
25-44,East_of_England,370,0,0,2021-02-20,1636615.463507237
45-64,East_of_England,370,0,0,2021-02-20,784590.2828857166
65-74,East_of_England,370,0,0,2021-02-20,658312.0186440421
75+,East_of_England,370,0,0,2021-02-20,560524.0857834858
1-4,East_of_England,371,0,0,2021-02-21,628529.645039669
5-14,East_of_England,371,0,0,2021-02-21,223817.66597000437
15-24,East_of_England,371,0,0,2021-02-21,1550838.8896014034
25-44,East_of_England,371,0,0,2021-02-21,1636615.463507237
45-64,East_of_England,371,0,0,2021-02-21,784590.2828857166
65-74,East_of_England,371,0,0,2021-02-21,658312.0186440421
75+,East_of_England,371,0,0,2021-02-21,560524.0857834858
1-4,East_of_England,372,0,0,2021-02-22,628529.645039669
5-14,East_of_England,372,0,0,2021-02-22,223817.66597000437
15-24,East_of_England,372,0,0,2021-02-22,1550838.8896014034
25-44,East_of_England,372,0,0,2021-02-22,1636615.463507237
45-64,East_of_England,372,0,0,2021-02-22,784590.2828857166
65-74,East_of_England,372,0,0,2021-02-22,658312.0186440421
75+,East_of_England,372,0,0,2021-02-22,560524.0857834858
1-4,East_of_England,373,0,0,2021-02-23,628529.645039669
5-14,East_of_England,373,0,0,2021-02-23,223817.66597000437
15-24,East_of_England,373,0,0,2021-02-23,1550838.8896014034
25-44,East_of_England,373,0,0,2021-02-23,1636615.463507237
45-64,East_of_England,373,0,0,2021-02-23,784590.2828857166
65-74,East_of_England,373,0,0,2021-02-23,658312.0186440421
75+,East_of_England,373,0,0,2021-02-23,560524.0857834858
1-4,East_of_England,374,0,0,2021-02-24,628529.645039669
5-14,East_of_England,374,0,0,2021-02-24,223817.66597000437
15-24,East_of_England,374,0,0,2021-02-24,1550838.8896014034
25-44,East_of_England,374,0,0,2021-02-24,1636615.463507237
45-64,East_of_England,374,0,0,2021-02-24,784590.2828857166
65-74,East_of_England,374,0,0,2021-02-24,658312.0186440421
75+,East_of_England,374,0,0,2021-02-24,560524.0857834858
1-4,East_of_England,375,0,0,2021-02-25,628529.645039669
5-14,East_of_England,375,0,0,2021-02-25,223817.66597000437
15-24,East_of_England,375,0,0,2021-02-25,1550838.8896014034
25-44,East_of_England,375,0,0,2021-02-25,1636615.463507237
45-64,East_of_England,375,0,0,2021-02-25,784590.2828857166
65-74,East_of_England,375,0,0,2021-02-25,658312.0186440421
75+,East_of_England,375,0,0,2021-02-25,560524.0857834858
1-4,East_of_England,376,0,0,2021-02-26,628529.645039669
5-14,East_of_England,376,0,0,2021-02-26,223817.66597000437
15-24,East_of_England,376,0,0,2021-02-26,1550838.8896014034
25-44,East_of_England,376,0,0,2021-02-26,1636615.463507237
45-64,East_of_England,376,0,0,2021-02-26,784590.2828857166
65-74,East_of_England,376,0,0,2021-02-26,658312.0186440421
75+,East_of_England,376,0,0,2021-02-26,560524.0857834858
1-4,East_of_England,377,0,0,2021-02-27,628529.645039669
5-14,East_of_England,377,0,0,2021-02-27,223817.66597000437
15-24,East_of_England,377,0,0,2021-02-27,1550838.8896014034
25-44,East_of_England,377,0,0,2021-02-27,1636615.463507237
45-64,East_of_England,377,0,0,2021-02-27,784590.2828857166
65-74,East_of_England,377,0,0,2021-02-27,658312.0186440421
75+,East_of_England,377,0,0,2021-02-27,560524.0857834858
1-4,East_of_England,378,0,0,2021-02-28,628529.645039669
5-14,East_of_England,378,0,0,2021-02-28,223817.66597000437
15-24,East_of_England,378,0,0,2021-02-28,1550838.8896014034
25-44,East_of_England,378,0,0,2021-02-28,1636615.463507237
45-64,East_of_England,378,0,0,2021-02-28,784590.2828857166
65-74,East_of_England,378,0,0,2021-02-28,658312.0186440421
75+,East_of_England,378,0,0,2021-02-28,560524.0857834858
1-4,East_of_England,379,0,0,2021-03-01,628529.645039669
5-14,East_of_England,379,0,0,2021-03-01,223817.66597000437
15-24,East_of_England,379,0,0,2021-03-01,1550838.8896014034
25-44,East_of_England,379,0,0,2021-03-01,1636615.463507237
45-64,East_of_England,379,0,0,2021-03-01,784590.2828857166
65-74,East_of_England,379,0,0,2021-03-01,658312.0186440421
75+,East_of_England,379,0,0,2021-03-01,560524.0857834858
1-4,East_of_England,380,0,0,2021-03-02,628529.645039669
5-14,East_of_England,380,0,0,2021-03-02,223817.66597000437
15-24,East_of_England,380,0,0,2021-03-02,1550838.8896014034
25-44,East_of_England,380,0,0,2021-03-02,1636615.463507237
45-64,East_of_England,380,0,0,2021-03-02,784590.2828857166
65-74,East_of_England,380,0,0,2021-03-02,658312.0186440421
75+,East_of_England,380,0,0,2021-03-02,560524.0857834858
1-4,East_of_England,381,0,0,2021-03-03,628529.645039669
5-14,East_of_England,381,6.967153600584912,0.09089453860049283,2021-03-03,223817.66597000437
15-24,East_of_England,381,9.103615799208061,0.09247396375703784,2021-03-03,1550838.8896014034
25-44,East_of_England,381,8.73591254894488,0.08482972668415821,2021-03-03,1636615.463507237
45-64,East_of_England,381,7.911633585565452,0.08101786118851094,2021-03-03,784590.2828857166
65-74,East_of_England,381,7.475553245224143,0.0890551720793148,2021-03-03,658312.0186440421
75+,East_of_England,381,7.278165336392965,0.10250785720847719,2021-03-03,560524.0857834858
1-4,East_of_England,382,0,0,2021-03-04,628529.645039669
5-14,East_of_England,382,0,0,2021-03-04,223817.66597000437
15-24,East_of_England,382,0,0,2021-03-04,1550838.8896014034
25-44,East_of_England,382,0,0,2021-03-04,1636615.463507237
45-64,East_of_England,382,0,0,2021-03-04,784590.2828857166
65-74,East_of_England,382,0,0,2021-03-04,658312.0186440421
75+,East_of_England,382,0,0,2021-03-04,560524.0857834858
1-4,East_of_England,383,0,0,2021-03-05,628529.645039669
5-14,East_of_England,383,0,0,2021-03-05,223817.66597000437
15-24,East_of_England,383,0,0,2021-03-05,1550838.8896014034
25-44,East_of_England,383,0,0,2021-03-05,1636615.463507237
45-64,East_of_England,383,0,0,2021-03-05,784590.2828857166
65-74,East_of_England,383,0,0,2021-03-05,658312.0186440421
75+,East_of_England,383,0,0,2021-03-05,560524.0857834858
1-4,East_of_England,384,0,0,2021-03-06,628529.645039669
5-14,East_of_England,384,0,0,2021-03-06,223817.66597000437
15-24,East_of_England,384,0,0,2021-03-06,1550838.8896014034
25-44,East_of_England,384,0,0,2021-03-06,1636615.463507237
45-64,East_of_England,384,0,0,2021-03-06,784590.2828857166
65-74,East_of_England,384,0,0,2021-03-06,658312.0186440421
75+,East_of_England,384,0,0,2021-03-06,560524.0857834858
1-4,East_of_England,385,0,0,2021-03-07,628529.645039669
5-14,East_of_England,385,0,0,2021-03-07,223817.66597000437
15-24,East_of_England,385,0,0,2021-03-07,1550838.8896014034
25-44,East_of_England,385,0,0,2021-03-07,1636615.463507237
45-64,East_of_England,385,0,0,2021-03-07,784590.2828857166
65-74,East_of_England,385,0,0,2021-03-07,658312.0186440421
75+,East_of_England,385,0,0,2021-03-07,560524.0857834858
1-4,East_of_England,386,0,0,2021-03-08,628529.645039669
5-14,East_of_England,386,0,0,2021-03-08,223817.66597000437
15-24,East_of_England,386,0,0,2021-03-08,1550838.8896014034
25-44,East_of_England,386,0,0,2021-03-08,1636615.463507237
45-64,East_of_England,386,0,0,2021-03-08,784590.2828857166
65-74,East_of_England,386,0,0,2021-03-08,658312.0186440421
75+,East_of_England,386,0,0,2021-03-08,560524.0857834858
1-4,East_of_England,387,0,0,2021-03-09,628529.645039669
5-14,East_of_England,387,0,0,2021-03-09,223817.66597000437
15-24,East_of_England,387,0,0,2021-03-09,1550838.8896014034
25-44,East_of_England,387,0,0,2021-03-09,1636615.463507237
45-64,East_of_England,387,0,0,2021-03-09,784590.2828857166
65-74,East_of_England,387,0,0,2021-03-09,658312.0186440421
75+,East_of_England,387,0,0,2021-03-09,560524.0857834858
1-4,East_of_England,388,0,0,2021-03-10,628529.645039669
5-14,East_of_England,388,0,0,2021-03-10,223817.66597000437
15-24,East_of_England,388,0,0,2021-03-10,1550838.8896014034
25-44,East_of_England,388,0,0,2021-03-10,1636615.463507237
45-64,East_of_England,388,0,0,2021-03-10,784590.2828857166
65-74,East_of_England,388,0,0,2021-03-10,658312.0186440421
75+,East_of_England,388,0,0,2021-03-10,560524.0857834858
1-4,East_of_England,389,0,0,2021-03-11,628529.645039669
5-14,East_of_England,389,0,0,2021-03-11,223817.66597000437
15-24,East_of_England,389,0,0,2021-03-11,1550838.8896014034
25-44,East_of_England,389,0,0,2021-03-11,1636615.463507237
45-64,East_of_England,389,0,0,2021-03-11,784590.2828857166
65-74,East_of_England,389,0,0,2021-03-11,658312.0186440421
75+,East_of_England,389,0,0,2021-03-11,560524.0857834858
1-4,East_of_England,390,0,0,2021-03-12,628529.645039669
5-14,East_of_England,390,0,0,2021-03-12,223817.66597000437
15-24,East_of_England,390,0,0,2021-03-12,1550838.8896014034
25-44,East_of_England,390,0,0,2021-03-12,1636615.463507237
45-64,East_of_England,390,0,0,2021-03-12,784590.2828857166
65-74,East_of_England,390,0,0,2021-03-12,658312.0186440421
75+,East_of_England,390,0,0,2021-03-12,560524.0857834858
1-4,East_of_England,391,0,0,2021-03-13,628529.645039669
5-14,East_of_England,391,0,0,2021-03-13,223817.66597000437
15-24,East_of_England,391,0,0,2021-03-13,1550838.8896014034
25-44,East_of_England,391,0,0,2021-03-13,1636615.463507237
45-64,East_of_England,391,0,0,2021-03-13,784590.2828857166
65-74,East_of_England,391,0,0,2021-03-13,658312.0186440421
75+,East_of_England,391,0,0,2021-03-13,560524.0857834858
1-4,East_of_England,392,0,0,2021-03-14,628529.645039669
5-14,East_of_England,392,0,0,2021-03-14,223817.66597000437
15-24,East_of_England,392,0,0,2021-03-14,1550838.8896014034
25-44,East_of_England,392,0,0,2021-03-14,1636615.463507237
45-64,East_of_England,392,0,0,2021-03-14,784590.2828857166
65-74,East_of_England,392,0,0,2021-03-14,658312.0186440421
75+,East_of_England,392,0,0,2021-03-14,560524.0857834858
1-4,East_of_England,393,0,0,2021-03-15,628529.645039669
5-14,East_of_England,393,0,0,2021-03-15,223817.66597000437
15-24,East_of_England,393,0,0,2021-03-15,1550838.8896014034
25-44,East_of_England,393,0,0,2021-03-15,1636615.463507237
45-64,East_of_England,393,0,0,2021-03-15,784590.2828857166
65-74,East_of_England,393,0,0,2021-03-15,658312.0186440421
75+,East_of_England,393,0,0,2021-03-15,560524.0857834858
1-4,East_of_England,394,0,0,2021-03-16,628529.645039669
5-14,East_of_England,394,0,0,2021-03-16,223817.66597000437
15-24,East_of_England,394,0,0,2021-03-16,1550838.8896014034
25-44,East_of_England,394,0,0,2021-03-16,1636615.463507237
45-64,East_of_England,394,0,0,2021-03-16,784590.2828857166
65-74,East_of_England,394,0,0,2021-03-16,658312.0186440421
75+,East_of_England,394,0,0,2021-03-16,560524.0857834858
1-4,East_of_England,395,0,0,2021-03-17,628529.645039669
5-14,East_of_England,395,6.474210724607555,0.1388489902532973,2021-03-17,223817.66597000437
15-24,East_of_England,395,8.611035030492385,0.1396969833027126,2021-03-17,1550838.8896014034
25-44,East_of_England,395,8.242551691997942,0.13480668749039013,2021-03-17,1636615.463507237
45-64,East_of_England,395,7.418158184261242,0.13254375134361823,2021-03-17,784590.2828857166
65-74,East_of_England,395,6.981774549302015,0.137396326495863,2021-03-17,658312.0186440421
75+,East_of_England,395,6.78437695584812,0.1461027697936358,2021-03-17,560524.0857834858
